HISTORY PLOT
job1

Curve 1
X : Time
Y : Displacement Y [Node 1]

       X              Y       
------------------------------
  0.000000e+000  0.000000e+000
  4.000000e-002 -3.049214e+000
  8.000000e-002 -3.633213e+000
  1.200000e-001 -3.977210e+000
  1.600000e-001 -4.320183e+000
  2.080000e-001 -4.599299e+000
  2.656000e-001 -4.962004e+000
  3.347200e-001 -5.354051e+000
  4.176640e-001 -5.735640e+000
  5.171968e-001 -6.095167e+000
  6.366361e-001 -6.324174e+000
  7.560755e-001 -6.526744e+000
  8.556083e-001 -6.701706e+000
  9.750477e-001 -6.902625e+000
  1.118375e+000 -7.122706e+000
  1.290368e+000 -7.357388e+000
  1.496759e+000 -7.603971e+000
  1.744428e+000 -7.861011e+000
  2.041632e+000 -8.127878e+000
  2.398276e+000 -8.404454e+000
  2.826248e+000 -8.690942e+000
  3.339816e+000 -8.987746e+000
  3.956097e+000 -9.214358e+000
  4.572378e+000 -9.449924e+000
  5.311914e+000 -9.722212e+000
  6.199359e+000 -1.002313e+001
  7.264292e+000 -1.026425e+001
  8.542212e+000 -1.056637e+001
  1.007572e+001 -1.091359e+001
  1.191592e+001 -1.129398e+001
  1.391592e+001 -1.166407e+001
  1.591592e+001 -1.199528e+001
  1.791592e+001 -1.221763e+001
  1.991592e+001 -1.242032e+001
  2.191592e+001 -1.264003e+001
  2.391592e+001 -1.286198e+001
  2.591592e+001 -1.307836e+001
  2.791592e+001 -1.328587e+001
  2.991592e+001 -1.348355e+001
  3.191592e+001 -1.367153e+001
  3.391592e+001 -1.385046e+001
  3.591592e+001 -1.402105e+001
  3.791592e+001 -1.418407e+001
  3.991592e+001 -1.434021e+001
  4.191592e+001 -1.449013e+001
  4.391592e+001 -1.463437e+001
  4.591592e+001 -1.477343e+001
  4.791592e+001 -1.490776e+001
  4.991592e+001 -1.503773e+001
  5.191592e+001 -1.516368e+001
  5.391592e+001 -1.528592e+001
  5.591592e+001 -1.537854e+001
  5.791592e+001 -1.546619e+001
  5.991592e+001 -1.556429e+001
  6.191592e+001 -1.565302e+001
  6.391592e+001 -1.574988e+001
  6.591592e+001 -1.585029e+001
  6.791592e+001 -1.595159e+001
  6.991592e+001 -1.605237e+001
  7.191592e+001 -1.615190e+001
  7.391592e+001 -1.624984e+001
  7.591592e+001 -1.634606e+001
  7.791592e+001 -1.644054e+001
  7.991592e+001 -1.653329e+001
  8.191592e+001 -1.662438e+001
  8.391592e+001 -1.671385e+001
  8.591592e+001 -1.680178e+001
  8.791592e+001 -1.688821e+001
  8.991592e+001 -1.697321e+001
  9.191592e+001 -1.705684e+001
  9.391592e+001 -1.713915e+001
  9.591592e+001 -1.722020e+001
  9.791592e+001 -1.729980e+001
  9.991592e+001 -1.737834e+001
  1.019159e+002 -1.745581e+001
  1.039159e+002 -1.753222e+001
  1.059159e+002 -1.760761e+001
  1.079159e+002 -1.768199e+001
  1.099159e+002 -1.775540e+001
  1.119159e+002 -1.782787e+001
  1.139159e+002 -1.789944e+001
  1.159159e+002 -1.797012e+001
  1.179159e+002 -1.803996e+001
  1.199159e+002 -1.810897e+001
  1.219159e+002 -1.817719e+001
  1.239159e+002 -1.824463e+001
  1.259159e+002 -1.831133e+001
  1.279159e+002 -1.837730e+001
  1.299159e+002 -1.844256e+001
  1.319159e+002 -1.850715e+001
  1.339159e+002 -1.857106e+001
  1.359159e+002 -1.863434e+001
  1.379159e+002 -1.869698e+001
  1.399159e+002 -1.875902e+001
  1.419159e+002 -1.882049e+001
  1.439159e+002 -1.888140e+001
  1.459159e+002 -1.892724e+001
  1.479159e+002 -1.897906e+001
  1.499159e+002 -1.903413e+001
  1.519159e+002 -1.909077e+001
  1.539159e+002 -1.914806e+001
  1.559159e+002 -1.920546e+001
  1.579159e+002 -1.926270e+001
  1.599159e+002 -1.931964e+001
  1.619159e+002 -1.937621e+001
  1.639159e+002 -1.943238e+001
  1.659159e+002 -1.948813e+001
  1.679159e+002 -1.954348e+001
  1.699159e+002 -1.959842e+001
  1.719159e+002 -1.965295e+001
  1.739159e+002 -1.970708e+001
  1.759159e+002 -1.976082e+001
  1.779159e+002 -1.981418e+001
  1.799159e+002 -1.986716e+001
  1.819159e+002 -1.991977e+001
  1.839159e+002 -1.997201e+001
  1.859159e+002 -2.002390e+001
  1.879159e+002 -2.007545e+001
  1.899159e+002 -2.012665e+001
  1.919159e+002 -2.017752e+001
  1.939159e+002 -2.022805e+001
  1.959159e+002 -2.027827e+001
  1.979159e+002 -2.032816e+001
  1.999159e+002 -2.037775e+001
  2.019159e+002 -2.042702e+001
  2.039159e+002 -2.047600e+001
  2.059159e+002 -2.052468e+001
  2.079159e+002 -2.057308e+001
  2.099159e+002 -2.062118e+001
  2.119159e+002 -2.066901e+001
  2.139159e+002 -2.071656e+001
  2.159159e+002 -2.076384e+001
  2.179159e+002 -2.081085e+001
  2.199159e+002 -2.085760e+001
  2.219159e+002 -2.090410e+001
  2.239159e+002 -2.095034e+001
  2.259159e+002 -2.099634e+001
  2.279159e+002 -2.104209e+001
  2.299159e+002 -2.108759e+001
  2.319159e+002 -2.113287e+001
  2.339159e+002 -2.117791e+001
  2.359159e+002 -2.122269e+001
  2.379159e+002 -2.126726e+001
  2.399159e+002 -2.131162e+001
  2.419159e+002 -2.135577e+001
  2.439159e+002 -2.139970e+001
  2.459159e+002 -2.144342e+001
  2.479159e+002 -2.148693e+001
  2.499159e+002 -2.153024e+001
  2.519159e+002 -2.157335e+001
  2.539159e+002 -2.161626e+001
  2.559159e+002 -2.165897e+001
  2.579159e+002 -2.170149e+001
  2.599159e+002 -2.174382e+001
  2.619159e+002 -2.178597e+001
  2.639159e+002 -2.182793e+001
  2.659159e+002 -2.186971e+001
  2.679159e+002 -2.191131e+001
  2.699159e+002 -2.195274e+001
  2.719159e+002 -2.199399e+001
  2.739159e+002 -2.203507e+001
  2.759159e+002 -2.207599e+001
  2.779159e+002 -2.211674e+001
  2.799159e+002 -2.215732e+001
  2.819159e+002 -2.219774e+001
  2.839159e+002 -2.223801e+001
  2.859159e+002 -2.227812e+001
  2.879159e+002 -2.231807e+001
  2.899159e+002 -2.235787e+001
  2.919159e+002 -2.239752e+001
  2.939159e+002 -2.243703e+001
  2.959159e+002 -2.247639e+001
  2.979159e+002 -2.251560e+001
  2.999159e+002 -2.255469e+001
  3.019159e+002 -2.259364e+001
  3.039159e+002 -2.263246e+001
  3.059159e+002 -2.267116e+001
  3.079159e+002 -2.270972e+001
  3.099159e+002 -2.274815e+001
  3.119159e+002 -2.278646e+001
  3.139159e+002 -2.282464e+001
  3.159159e+002 -2.286269e+001
  3.179159e+002 -2.290063e+001
  3.199159e+002 -2.293844e+001
  3.219159e+002 -2.297614e+001
  3.239159e+002 -2.301372e+001
  3.259159e+002 -2.305118e+001
  3.279159e+002 -2.308853e+001
  3.299159e+002 -2.312576e+001
  3.319159e+002 -2.316288e+001
  3.339159e+002 -2.319989e+001
  3.359159e+002 -2.323679e+001
  3.379159e+002 -2.327357e+001
  3.399159e+002 -2.331026e+001
  3.419159e+002 -2.334683e+001
  3.439159e+002 -2.338330e+001
  3.459159e+002 -2.341968e+001
  3.479159e+002 -2.345595e+001
  3.499159e+002 -2.349212e+001
  3.519159e+002 -2.352819e+001
  3.539159e+002 -2.356416e+001
  3.559159e+002 -2.360003e+001
  3.579159e+002 -2.363581e+001
  3.599159e+002 -2.367149e+001
  3.619159e+002 -2.370708e+001
  3.639159e+002 -2.374257e+001
  3.659159e+002 -2.377798e+001
  3.679159e+002 -2.381329e+001
  3.699159e+002 -2.384851e+001
  3.719159e+002 -2.388364e+001
  3.739159e+002 -2.391868e+001
  3.759159e+002 -2.395363e+001
  3.779159e+002 -2.398850e+001
  3.799159e+002 -2.402328e+001
  3.819159e+002 -2.405798e+001
  3.839159e+002 -2.409260e+001
  3.859159e+002 -2.412713e+001
  3.879159e+002 -2.416158e+001
  3.899159e+002 -2.419594e+001
  3.919159e+002 -2.423023e+001
  3.939159e+002 -2.426443e+001
  3.959159e+002 -2.429856e+001
  3.979159e+002 -2.433261e+001
  4.000000e+002 -2.436801e+001

Curve 2
X : Time
Y : Thickness of Element [Node 1]

       X              Y       
------------------------------
  0.000000e+000  9.300000e-001
  4.000000e-002  9.260747e-001
  8.000000e-002  9.242863e-001
  1.200000e-001  9.230667e-001
  1.600000e-001  9.217619e-001
  2.080000e-001  9.206075e-001
  2.656000e-001  9.189776e-001
  3.347200e-001  9.171105e-001
  4.176640e-001  9.151669e-001
  5.171968e-001  9.132129e-001
  6.366361e-001  9.118907e-001
  7.560755e-001  9.106758e-001
  8.556083e-001  9.095976e-001
  9.750477e-001  9.083266e-001
  1.118375e+000  9.068942e-001
  1.290368e+000  9.053196e-001
  1.496759e+000  9.036121e-001
  1.744428e+000  9.017740e-001
  2.041632e+000  8.998027e-001
  2.398276e+000  8.976924e-001
  2.826248e+000  8.954345e-001
  3.339816e+000  8.930188e-001
  3.956097e+000  8.911131e-001
  4.572378e+000  8.890903e-001
  5.311914e+000  8.866986e-001
  6.199359e+000  8.839865e-001
  7.264292e+000  8.817500e-001
  8.542212e+000  8.788828e-001
  1.007572e+001  8.754991e-001
  1.191592e+001  8.716835e-001
  1.391592e+001  8.678602e-001
  1.591592e+001  8.643441e-001
  1.791592e+001  8.619239e-001
  1.991592e+001  8.596830e-001
  2.191592e+001  8.572216e-001
  2.391592e+001  8.547006e-001
  2.591592e+001  8.522081e-001
  2.791592e+001  8.497850e-001
  2.991592e+001  8.474466e-001
  3.191592e+001  8.451954e-001
  3.391592e+001  8.430283e-001
  3.591592e+001  8.409396e-001
  3.791592e+001  8.389234e-001
  3.991592e+001  8.369735e-001
  4.191592e+001  8.350846e-001
  4.391592e+001  8.332515e-001
  4.591592e+001  8.314699e-001
  4.791592e+001  8.297358e-001
  4.991592e+001  8.280456e-001
  5.191592e+001  8.263963e-001
  5.391592e+001  8.247850e-001
  5.591592e+001  8.235574e-001
  5.791592e+001  8.223908e-001
  5.991592e+001  8.210794e-001
  6.191592e+001  8.198877e-001
  6.391592e+001  8.185815e-001
  6.591592e+001  8.172214e-001
  6.791592e+001  8.158430e-001
  6.991592e+001  8.144656e-001
  7.191592e+001  8.130992e-001
  7.391592e+001  8.117486e-001
  7.591592e+001  8.104159e-001
  7.791592e+001  8.091018e-001
  7.991592e+001  8.078062e-001
  8.191592e+001  8.065288e-001
  8.391592e+001  8.052690e-001
  8.591592e+001  8.040263e-001
  8.791592e+001  8.027999e-001
  8.991592e+001  8.015894e-001
  9.191592e+001  8.003941e-001
  9.391592e+001  7.992135e-001
  9.591592e+001  7.980470e-001
  9.791592e+001  7.968970e-001
  9.991592e+001  7.957587e-001
  1.019159e+002  7.946325e-001
  1.039159e+002  7.935183e-001
  1.059159e+002  7.924157e-001
  1.079159e+002  7.913245e-001
  1.099159e+002  7.902443e-001
  1.119159e+002  7.891749e-001
  1.139159e+002  7.881158e-001
  1.159159e+002  7.870669e-001
  1.179159e+002  7.860278e-001
  1.199159e+002  7.849981e-001
  1.219159e+002  7.839777e-001
  1.239159e+002  7.829662e-001
  1.259159e+002  7.819634e-001
  1.279159e+002  7.809691e-001
  1.299159e+002  7.799830e-001
  1.319159e+002  7.790049e-001
  1.339159e+002  7.780347e-001
  1.359159e+002  7.770720e-001
  1.379159e+002  7.761166e-001
  1.399159e+002  7.751686e-001
  1.419159e+002  7.742275e-001
  1.439159e+002  7.732932e-001
  1.459159e+002  7.725895e-001
  1.479159e+002  7.717927e-001
  1.499159e+002  7.709442e-001
  1.519159e+002  7.700698e-001
  1.539159e+002  7.691841e-001
  1.559159e+002  7.682950e-001
  1.579159e+002  7.674069e-001
  1.599159e+002  7.665218e-001
  1.619159e+002  7.656410e-001
  1.639159e+002  7.647649e-001
  1.659159e+002  7.638938e-001
  1.679159e+002  7.630278e-001
  1.699159e+002  7.621667e-001
  1.719159e+002  7.613107e-001
  1.739159e+002  7.604595e-001
  1.759159e+002  7.596132e-001
  1.779159e+002  7.587716e-001
  1.799159e+002  7.579346e-001
  1.819159e+002  7.571022e-001
  1.839159e+002  7.562743e-001
  1.859159e+002  7.554507e-001
  1.879159e+002  7.546315e-001
  1.899159e+002  7.538165e-001
  1.919159e+002  7.530056e-001
  1.939159e+002  7.521988e-001
  1.959159e+002  7.513960e-001
  1.979159e+002  7.505972e-001
  1.999159e+002  7.498023e-001
  2.019159e+002  7.490111e-001
  2.039159e+002  7.482237e-001
  2.059159e+002  7.474400e-001
  2.079159e+002  7.466599e-001
  2.099159e+002  7.458833e-001
  2.119159e+002  7.451103e-001
  2.139159e+002  7.443407e-001
  2.159159e+002  7.435745e-001
  2.179159e+002  7.428116e-001
  2.199159e+002  7.420520e-001
  2.219159e+002  7.412956e-001
  2.239159e+002  7.405424e-001
  2.259159e+002  7.397923e-001
  2.279159e+002  7.390454e-001
  2.299159e+002  7.383014e-001
  2.319159e+002  7.375604e-001
  2.339159e+002  7.368224e-001
  2.359159e+002  7.360875e-001
  2.379159e+002  7.353553e-001
  2.399159e+002  7.346259e-001
  2.419159e+002  7.338992e-001
  2.439159e+002  7.331752e-001
  2.459159e+002  7.324539e-001
  2.479159e+002  7.317352e-001
  2.499159e+002  7.310191e-001
  2.519159e+002  7.303056e-001
  2.539159e+002  7.295946e-001
  2.559159e+002  7.288861e-001
  2.579159e+002  7.281801e-001
  2.599159e+002  7.274764e-001
  2.619159e+002  7.267752e-001
  2.639159e+002  7.260763e-001
  2.659159e+002  7.253797e-001
  2.679159e+002  7.246854e-001
  2.699159e+002  7.239933e-001
  2.719159e+002  7.233035e-001
  2.739159e+002  7.226159e-001
  2.759159e+002  7.219304e-001
  2.779159e+002  7.212471e-001
  2.799159e+002  7.205658e-001
  2.819159e+002  7.198866e-001
  2.839159e+002  7.192095e-001
  2.859159e+002  7.185344e-001
  2.879159e+002  7.178613e-001
  2.899159e+002  7.171901e-001
  2.919159e+002  7.165209e-001
  2.939159e+002  7.158536e-001
  2.959159e+002  7.151881e-001
  2.979159e+002  7.145246e-001
  2.999159e+002  7.138629e-001
  3.019159e+002  7.132030e-001
  3.039159e+002  7.125448e-001
  3.059159e+002  7.118885e-001
  3.079159e+002  7.112339e-001
  3.099159e+002  7.105810e-001
  3.119159e+002  7.099299e-001
  3.139159e+002  7.092804e-001
  3.159159e+002  7.086325e-001
  3.179159e+002  7.079863e-001
  3.199159e+002  7.073418e-001
  3.219159e+002  7.066988e-001
  3.239159e+002  7.060574e-001
  3.259159e+002  7.054175e-001
  3.279159e+002  7.047792e-001
  3.299159e+002  7.041425e-001
  3.319159e+002  7.035072e-001
  3.339159e+002  7.028734e-001
  3.359159e+002  7.022411e-001
  3.379159e+002  7.016102e-001
  3.399159e+002  7.009807e-001
  3.419159e+002  7.003527e-001
  3.439159e+002  6.997261e-001
  3.459159e+002  6.991008e-001
  3.479159e+002  6.984770e-001
  3.499159e+002  6.978544e-001
  3.519159e+002  6.972332e-001
  3.539159e+002  6.966133e-001
  3.559159e+002  6.959948e-001
  3.579159e+002  6.953775e-001
  3.599159e+002  6.947615e-001
  3.619159e+002  6.941467e-001
  3.639159e+002  6.935333e-001
  3.659159e+002  6.929210e-001
  3.679159e+002  6.923100e-001
  3.699159e+002  6.917001e-001
  3.719159e+002  6.910915e-001
  3.739159e+002  6.904840e-001
  3.759159e+002  6.898777e-001
  3.779159e+002  6.892726e-001
  3.799159e+002  6.886687e-001
  3.819159e+002  6.880658e-001
  3.839159e+002  6.874641e-001
  3.859159e+002  6.868635e-001
  3.879159e+002  6.862640e-001
  3.899159e+002  6.856655e-001
  3.919159e+002  6.850682e-001
  3.939159e+002  6.844719e-001
  3.959159e+002  6.838767e-001
  3.979159e+002  6.832825e-001
  4.000000e+002  6.826644e-001
