HISTORY PLOT
job1

Curve 1
X : Time
Y : Displacement Y [Node 1]

       X              Y       
------------------------------
  0.000000e+000  0.000000e+000
  2.600000e-001 -3.131497e+000
  5.200000e-001 -3.691519e+000
  7.800000e-001 -4.004585e+000
  1.092000e+000 -4.353449e+000
  1.466400e+000 -4.632662e+000
  1.840800e+000 -5.164389e+000
  2.290080e+000 -5.722526e+000
  2.829216e+000 -6.115946e+000
  3.476179e+000 -6.463093e+000
  4.123142e+000 -6.798928e+000
  4.899498e+000 -7.077658e+000
  5.675854e+000 -7.354511e+000
  6.607481e+000 -7.658234e+000
  7.725433e+000 -7.977121e+000
  9.066977e+000 -8.305103e+000
  1.067683e+001 -8.639709e+000
  1.260865e+001 -8.980475e+000
  1.492684e+001 -9.239588e+000
  1.724502e+001 -9.456540e+000
  2.002685e+001 -9.733805e+000
  2.336503e+001 -1.005507e+001
  2.737086e+001 -1.032000e+001
  3.137668e+001 -1.060039e+001
  3.618367e+001 -1.092642e+001
  4.195206e+001 -1.128716e+001
  4.887413e+001 -1.167562e+001
  5.718061e+001 -1.208797e+001
  6.714838e+001 -1.242030e+001
  7.711617e+001 -1.270246e+001
  8.907749e+001 -1.306457e+001
  1.020775e+002 -1.345038e+001
  1.150775e+002 -1.373355e+001
  1.280775e+002 -1.403540e+001
  1.410775e+002 -1.433585e+001
  1.540775e+002 -1.462535e+001
  1.670775e+002 -1.490047e+001
  1.800775e+002 -1.516078e+001
  1.930775e+002 -1.534895e+001
  2.060775e+002 -1.553534e+001
  2.190775e+002 -1.571402e+001
  2.320775e+002 -1.590676e+001
  2.450775e+002 -1.607305e+001
  2.580775e+002 -1.625249e+001
  2.710775e+002 -1.643586e+001
  2.840775e+002 -1.661812e+001
  2.970775e+002 -1.679686e+001
  3.100775e+002 -1.697103e+001
  3.230775e+002 -1.714032e+001
  3.360775e+002 -1.730477e+001
  3.490775e+002 -1.742621e+001
  3.620775e+002 -1.756167e+001
  3.750775e+002 -1.770330e+001
  3.880775e+002 -1.784653e+001
  4.010775e+002 -1.798894e+001
  4.140775e+002 -1.812935e+001
  4.270775e+002 -1.826724e+001
  4.400775e+002 -1.840243e+001
  4.530775e+002 -1.853492e+001
  4.660775e+002 -1.866477e+001
  4.790775e+002 -1.879210e+001
  4.920775e+002 -1.891711e+001
  5.050775e+002 -1.903989e+001
  5.180775e+002 -1.913210e+001
  5.310775e+002 -1.923559e+001
  5.440775e+002 -1.934465e+001
  5.570775e+002 -1.945589e+001
  5.700775e+002 -1.956746e+001
  5.830775e+002 -1.967842e+001
  5.960775e+002 -1.978830e+001
  6.090775e+002 -1.989687e+001
  6.220775e+002 -2.000406e+001
  6.350775e+002 -2.010985e+001
  6.480775e+002 -2.021427e+001
  6.610775e+002 -2.031734e+001
  6.740775e+002 -2.041910e+001
  6.870775e+002 -2.051961e+001
  7.000775e+002 -2.061890e+001
  7.130775e+002 -2.071700e+001
  7.260775e+002 -2.081398e+001
  7.390775e+002 -2.090985e+001
  7.520775e+002 -2.100466e+001
  7.650775e+002 -2.109845e+001
  7.780775e+002 -2.119113e+001
  7.910775e+002 -2.128291e+001
  8.040775e+002 -2.137379e+001
  8.170775e+002 -2.146378e+001
  8.300775e+002 -2.155291e+001
  8.430775e+002 -2.164120e+001
  8.560775e+002 -2.172868e+001
  8.690775e+002 -2.181537e+001
  8.820775e+002 -2.190129e+001
  8.950775e+002 -2.198647e+001
  9.080775e+002 -2.207092e+001
  9.210775e+002 -2.215468e+001
  9.340775e+002 -2.223775e+001
  9.470775e+002 -2.232017e+001
  9.600775e+002 -2.240194e+001
  9.730775e+002 -2.248309e+001
  9.860775e+002 -2.254615e+001
  9.990775e+002 -2.261667e+001
  1.012078e+003 -2.269118e+001
  1.025078e+003 -2.276762e+001
  1.038078e+003 -2.284482e+001
  1.051078e+003 -2.292219e+001
  1.064078e+003 -2.299941e+001
  1.077078e+003 -2.307633e+001
  1.090078e+003 -2.315285e+001
  1.103078e+003 -2.322896e+001
  1.116078e+003 -2.330463e+001
  1.129078e+003 -2.337986e+001
  1.142078e+003 -2.345467e+001
  1.155078e+003 -2.352906e+001
  1.168078e+003 -2.360304e+001
  1.181078e+003 -2.367661e+001
  1.194078e+003 -2.374978e+001
  1.207078e+003 -2.382257e+001
  1.220078e+003 -2.389497e+001
  1.233078e+003 -2.396700e+001
  1.246078e+003 -2.403866e+001
  1.259078e+003 -2.410996e+001
  1.272078e+003 -2.418092e+001
  1.285078e+003 -2.425153e+001
  1.298078e+003 -2.432181e+001
  1.311078e+003 -2.439176e+001
  1.324078e+003 -2.446138e+001
  1.337078e+003 -2.453069e+001
  1.350078e+003 -2.459970e+001
  1.363078e+003 -2.466839e+001
  1.376078e+003 -2.473680e+001
  1.389078e+003 -2.480491e+001
  1.402078e+003 -2.487273e+001
  1.415078e+003 -2.494028e+001
  1.428078e+003 -2.500756e+001
  1.441078e+003 -2.507457e+001
  1.454078e+003 -2.514131e+001
  1.467078e+003 -2.520780e+001
  1.480078e+003 -2.527404e+001
  1.493078e+003 -2.534003e+001
  1.506078e+003 -2.540578e+001
  1.519078e+003 -2.547132e+001
  1.532078e+003 -2.553661e+001
  1.545078e+003 -2.560168e+001
  1.558078e+003 -2.566652e+001
  1.571078e+003 -2.573114e+001
  1.584078e+003 -2.579555e+001
  1.597078e+003 -2.585975e+001
  1.610078e+003 -2.592374e+001
  1.623078e+003 -2.598754e+001
  1.636078e+003 -2.605114e+001
  1.649078e+003 -2.611455e+001
  1.662078e+003 -2.617777e+001
  1.675078e+003 -2.624081e+001
  1.688078e+003 -2.630368e+001
  1.701078e+003 -2.636637e+001
  1.714078e+003 -2.642888e+001
  1.727078e+003 -2.649124e+001
  1.740078e+003 -2.655342e+001
  1.753078e+003 -2.661545e+001
  1.766078e+003 -2.667733e+001
  1.779078e+003 -2.672732e+001
  1.792078e+003 -2.678253e+001
  1.805078e+003 -2.684061e+001
  1.818078e+003 -2.690020e+001
  1.831078e+003 -2.696051e+001
  1.844078e+003 -2.702114e+001
  1.857078e+003 -2.708188e+001
  1.870078e+003 -2.714262e+001
  1.883078e+003 -2.720331e+001
  1.896078e+003 -2.726391e+001
  1.909078e+003 -2.732442e+001
  1.922078e+003 -2.738482e+001
  1.935078e+003 -2.744511e+001
  1.948078e+003 -2.750530e+001
  1.961078e+003 -2.756538e+001
  1.974078e+003 -2.762536e+001
  1.987078e+003 -2.768524e+001
  2.000078e+003 -2.774503e+001
  2.013078e+003 -2.780473e+001
  2.026078e+003 -2.786433e+001
  2.039078e+003 -2.792384e+001
  2.052077e+003 -2.798327e+001
  2.065077e+003 -2.804261e+001
  2.078077e+003 -2.810186e+001
  2.091077e+003 -2.816104e+001
  2.104077e+003 -2.822014e+001
  2.117077e+003 -2.827916e+001
  2.130077e+003 -2.833810e+001
  2.143077e+003 -2.839697e+001
  2.156077e+003 -2.845577e+001
  2.169077e+003 -2.851450e+001
  2.182077e+003 -2.857316e+001
  2.195077e+003 -2.863176e+001
  2.208077e+003 -2.869030e+001
  2.221077e+003 -2.874877e+001
  2.234077e+003 -2.880719e+001
  2.247077e+003 -2.886554e+001
  2.260077e+003 -2.892384e+001
  2.273077e+003 -2.898209e+001
  2.286077e+003 -2.904029e+001
  2.299077e+003 -2.909843e+001
  2.312077e+003 -2.915652e+001
  2.325077e+003 -2.921457e+001
  2.338077e+003 -2.927258e+001
  2.351077e+003 -2.933054e+001
  2.364077e+003 -2.938846e+001
  2.377077e+003 -2.944634e+001
  2.390077e+003 -2.950418e+001
  2.403077e+003 -2.956199e+001
  2.416077e+003 -2.961976e+001
  2.429077e+003 -2.967749e+001
  2.442077e+003 -2.973520e+001
  2.455077e+003 -2.979288e+001
  2.468077e+003 -2.985053e+001
  2.481077e+003 -2.990816e+001
  2.494077e+003 -2.996576e+001
  2.507077e+003 -3.002334e+001
  2.520077e+003 -3.008089e+001
  2.533077e+003 -3.013843e+001
  2.546077e+003 -3.019596e+001
  2.559077e+003 -3.025354e+001
  2.572077e+003 -3.031107e+001
  2.585077e+003 -3.036857e+001
  2.598077e+003 -3.042605e+001
  2.600000e+003 -3.043458e+001

Curve 2
X : Time
Y : Thickness of Element [Node 1]

       X              Y       
------------------------------
  0.000000e+000  9.300000e-001
  2.600000e-001  9.258740e-001
  5.200000e-001  9.241303e-001
  7.800000e-001  9.230169e-001
  1.092000e+000  9.216689e-001
  1.466400e+000  9.205013e-001
  1.840800e+000  9.180366e-001
  2.290080e+000  9.152570e-001
  2.829216e+000  9.131326e-001
  3.476179e+000  9.111064e-001
  4.123142e+000  9.090524e-001
  4.899498e+000  9.072568e-001
  5.675854e+000  9.054096e-001
  6.607481e+000  9.033093e-001
  7.725433e+000  9.010190e-001
  9.066977e+000  8.985705e-001
  1.067683e+001  8.959749e-001
  1.260865e+001  8.932301e-001
  1.492684e+001  8.910613e-001
  1.724502e+001  8.892030e-001
  2.002685e+001  8.867758e-001
  2.336503e+001  8.838884e-001
  2.737086e+001  8.814316e-001
  3.137668e+001  8.787711e-001
  3.618367e+001  8.756000e-001
  4.195206e+001  8.719946e-001
  4.887413e+001  8.679985e-001
  5.718061e+001  8.636291e-001
  6.714838e+001  8.599923e-001
  7.711617e+001  8.568393e-001
  8.907749e+001  8.527163e-001
  1.020775e+002  8.482258e-001
  1.150775e+002  8.448502e-001
  1.280775e+002  8.411901e-001
  1.410775e+002  8.374841e-001
  1.540775e+002  8.338533e-001
  1.670775e+002  8.303481e-001
  1.800775e+002  8.269828e-001
  1.930775e+002  8.245191e-001
  2.060775e+002  8.220523e-001
  2.190775e+002  8.196662e-001
  2.320775e+002  8.170721e-001
  2.450775e+002  8.148137e-001
  2.580775e+002  8.123592e-001
  2.710775e+002  8.098317e-001
  2.840775e+002  8.072996e-001
  2.970775e+002  8.047973e-001
  3.100775e+002  8.023404e-001
  3.230775e+002  7.999349e-001
  3.360775e+002  7.975818e-001
  3.490775e+002  7.958334e-001
  3.620775e+002  7.938723e-001
  3.750775e+002  7.918102e-001
  3.880775e+002  7.897131e-001
  4.010775e+002  7.876164e-001
  4.140775e+002  7.855379e-001
  4.270775e+002  7.834859e-001
  4.400775e+002  7.814638e-001
  4.530775e+002  7.794724e-001
  4.660775e+002  7.775113e-001
  4.790775e+002  7.755797e-001
  4.920775e+002  7.736764e-001
  5.050775e+002  7.718002e-001
  5.180775e+002  7.703868e-001
  5.310775e+002  7.687955e-001
  5.440775e+002  7.671130e-001
  5.570775e+002  7.653912e-001
  5.700775e+002  7.636585e-001
  5.830775e+002  7.619297e-001
  5.960775e+002  7.602123e-001
  6.090775e+002  7.585097e-001
  6.220775e+002  7.568236e-001
  6.350775e+002  7.551542e-001
  6.480775e+002  7.535016e-001
  6.610775e+002  7.518654e-001
  6.740775e+002  7.502452e-001
  6.870775e+002  7.486405e-001
  7.000775e+002  7.470508e-001
  7.130775e+002  7.454757e-001
  7.260775e+002  7.439147e-001
  7.390775e+002  7.423673e-001
  7.520775e+002  7.408331e-001
  7.650775e+002  7.393117e-001
  7.780775e+002  7.378038e-001
  7.910775e+002  7.363075e-001
  8.040775e+002  7.348224e-001
  8.170775e+002  7.333485e-001
  8.300775e+002  7.318855e-001
  8.430775e+002  7.304330e-001
  8.560775e+002  7.289909e-001
  8.690775e+002  7.275587e-001
  8.820775e+002  7.261362e-001
  8.950775e+002  7.247232e-001
  9.080775e+002  7.233193e-001
  9.210775e+002  7.219244e-001
  9.340775e+002  7.205381e-001
  9.470775e+002  7.191602e-001
  9.600775e+002  7.177906e-001
  9.730775e+002  7.164289e-001
  9.860775e+002  7.153698e-001
  9.990775e+002  7.141837e-001
  1.012078e+003  7.129287e-001
  1.025078e+003  7.116397e-001
  1.038078e+003  7.103358e-001
  1.051078e+003  7.090273e-001
  1.064078e+003  7.077196e-001
  1.077078e+003  7.064152e-001
  1.090078e+003  7.051157e-001
  1.103078e+003  7.038216e-001
  1.116078e+003  7.025331e-001
  1.129078e+003  7.012503e-001
  1.142078e+003  6.999732e-001
  1.155078e+003  6.987017e-001
  1.168078e+003  6.974358e-001
  1.181078e+003  6.961751e-001
  1.194078e+003  6.949198e-001
  1.207078e+003  6.936697e-001
  1.220078e+003  6.924246e-001
  1.233078e+003  6.911844e-001
  1.246078e+003  6.899491e-001
  1.259078e+003  6.887185e-001
  1.272078e+003  6.874925e-001
  1.285078e+003  6.862711e-001
  1.298078e+003  6.850542e-001
  1.311078e+003  6.838416e-001
  1.324078e+003  6.826332e-001
  1.337078e+003  6.814290e-001
  1.350078e+003  6.802289e-001
  1.363078e+003  6.790329e-001
  1.376078e+003  6.778407e-001
  1.389078e+003  6.766524e-001
  1.402078e+003  6.754679e-001
  1.415078e+003  6.742871e-001
  1.428078e+003  6.731099e-001
  1.441078e+003  6.719362e-001
  1.454078e+003  6.707660e-001
  1.467078e+003  6.695991e-001
  1.480078e+003  6.684357e-001
  1.493078e+003  6.672755e-001
  1.506078e+003  6.661184e-001
  1.519078e+003  6.649638e-001
  1.532078e+003  6.638126e-001
  1.545078e+003  6.626646e-001
  1.558078e+003  6.615197e-001
  1.571078e+003  6.603777e-001
  1.584078e+003  6.592385e-001
  1.597078e+003  6.581020e-001
  1.610078e+003  6.569683e-001
  1.623078e+003  6.558372e-001
  1.636078e+003  6.547087e-001
  1.649078e+003  6.535827e-001
  1.662078e+003  6.524592e-001
  1.675078e+003  6.513381e-001
  1.688078e+003  6.502194e-001
  1.701078e+003  6.491030e-001
  1.714078e+003  6.479889e-001
  1.727078e+003  6.468769e-001
  1.740078e+003  6.457671e-001
  1.753078e+003  6.446595e-001
  1.766078e+003  6.435539e-001
  1.779078e+003  6.426608e-001
  1.792078e+003  6.416737e-001
  1.805078e+003  6.406348e-001
  1.818078e+003  6.395686e-001
  1.831078e+003  6.384889e-001
  1.844078e+003  6.374029e-001
  1.857078e+003  6.363144e-001
  1.870078e+003  6.352255e-001
  1.883078e+003  6.341371e-001
  1.896078e+003  6.330497e-001
  1.909078e+003  6.319637e-001
  1.922078e+003  6.308790e-001
  1.935078e+003  6.297958e-001
  1.948078e+003  6.287140e-001
  1.961078e+003  6.276336e-001
  1.974078e+003  6.265546e-001
  1.987078e+003  6.254769e-001
  2.000078e+003  6.244007e-001
  2.013078e+003  6.233256e-001
  2.026078e+003  6.222519e-001
  2.039078e+003  6.211794e-001
  2.052077e+003  6.201080e-001
  2.065077e+003  6.190379e-001
  2.078077e+003  6.179688e-001
  2.091077e+003  6.169009e-001
  2.104077e+003  6.158340e-001
  2.117077e+003  6.147681e-001
  2.130077e+003  6.137033e-001
  2.143077e+003  6.126394e-001
  2.156077e+003  6.115765e-001
  2.169077e+003  6.105144e-001
  2.182077e+003  6.094533e-001
  2.195077e+003  6.083930e-001
  2.208077e+003  6.073336e-001
  2.221077e+003  6.062749e-001
  2.234077e+003  6.052170e-001
  2.247077e+003  6.041599e-001
  2.260077e+003  6.031034e-001
  2.273077e+003  6.020477e-001
  2.286077e+003  6.009926e-001
  2.299077e+003  5.999382e-001
  2.312077e+003  5.988844e-001
  2.325077e+003  5.978311e-001
  2.338077e+003  5.967785e-001
  2.351077e+003  5.957263e-001
  2.364077e+003  5.946747e-001
  2.377077e+003  5.936235e-001
  2.390077e+003  5.925728e-001
  2.403077e+003  5.915226e-001
  2.416077e+003  5.904727e-001
  2.429077e+003  5.894232e-001
  2.442077e+003  5.883741e-001
  2.455077e+003  5.873253e-001
  2.468077e+003  5.862768e-001
  2.481077e+003  5.852286e-001
  2.494077e+003  5.841806e-001
  2.507077e+003  5.831329e-001
  2.520077e+003  5.820853e-001
  2.533077e+003  5.810380e-001
  2.546077e+003  5.799908e-001
  2.559077e+003  5.789422e-001
  2.572077e+003  5.778945e-001
  2.585077e+003  5.768472e-001
  2.598077e+003  5.758003e-001
  2.600000e+003  5.756452e-001
