HISTORY PLOT
job1

Curve 1
X : Time
Y : Displacement Y [Node 1]

       X              Y       
------------------------------
  0.000000e+000  0.000000e+000
  2.600000e-001 -3.808544e+000
  5.200000e-001 -4.475543e+000
  7.800000e-001 -4.993248e+000
  1.092000e+000 -5.354588e+000
  1.404000e+000 -5.604527e+000
  1.716000e+000 -6.332167e+000
  2.028000e+000 -6.834418e+000
  2.340000e+000 -7.206114e+000
  2.652000e+000 -7.582575e+000
  3.026400e+000 -7.989956e+000
  3.475680e+000 -8.404666e+000
  4.014816e+000 -8.816051e+000
  4.661779e+000 -9.093705e+000
  5.438135e+000 -9.371444e+000
  6.214491e+000 -9.621293e+000
  6.861454e+000 -9.842446e+000
  7.637810e+000 -1.010305e+001
  8.569437e+000 -1.032052e+001
  9.501064e+000 -1.055247e+001
  1.061902e+001 -1.082662e+001
  1.196056e+001 -1.113512e+001
  1.357041e+001 -1.147211e+001
  1.550223e+001 -1.183366e+001
  1.782042e+001 -1.209599e+001
  2.060224e+001 -1.238284e+001
  2.338407e+001 -1.264293e+001
  2.672225e+001 -1.298035e+001
  3.072808e+001 -1.337992e+001
  3.553507e+001 -1.370353e+001
  4.130346e+001 -1.412088e+001
  4.822552e+001 -1.461113e+001
  5.653201e+001 -1.515673e+001
  6.649978e+001 -1.557802e+001
  7.646756e+001 -1.597061e+001
  8.477404e+001 -1.632113e+001
  9.474181e+001 -1.674145e+001
  1.067031e+002 -1.722391e+001
  1.197031e+002 -1.759534e+001
  1.327031e+002 -1.799155e+001
  1.457031e+002 -1.838996e+001
  1.587031e+002 -1.874678e+001
  1.717031e+002 -1.904163e+001
  1.847031e+002 -1.930747e+001
  1.977031e+002 -1.956847e+001
  2.107031e+002 -1.985528e+001
  2.237031e+002 -2.015212e+001
  2.367031e+002 -2.044955e+001
  2.497031e+002 -2.074254e+001
  2.627032e+002 -2.102873e+001
  2.757032e+002 -2.124013e+001
  2.887032e+002 -2.147355e+001
  3.017032e+002 -2.171721e+001
  3.147032e+002 -2.196384e+001
  3.277032e+002 -2.220940e+001
  3.407032e+002 -2.245181e+001
  3.537032e+002 -2.262747e+001
  3.667032e+002 -2.280075e+001
  3.775365e+002 -2.294249e+001
  3.905365e+002 -2.313491e+001
  4.035365e+002 -2.333941e+001
  4.165365e+002 -2.351400e+001
  4.295365e+002 -2.370522e+001
  4.425365e+002 -2.390504e+001
  4.555365e+002 -2.410848e+001
  4.685365e+002 -2.431270e+001
  4.815365e+002 -2.451615e+001
  4.945365e+002 -2.471801e+001
  5.075365e+002 -2.491792e+001
  5.205365e+002 -2.511574e+001
  5.335365e+002 -2.531143e+001
  5.465365e+002 -2.550505e+001
  5.595365e+002 -2.569665e+001
  5.725365e+002 -2.588638e+001
  5.855365e+002 -2.607433e+001
  5.985365e+002 -2.626060e+001
  6.115365e+002 -2.644529e+001
  6.245365e+002 -2.662851e+001
  6.375365e+002 -2.681046e+001
  6.505365e+002 -2.699121e+001
  6.635365e+002 -2.713277e+001
  6.765365e+002 -2.728926e+001
  6.895365e+002 -2.745436e+001
  7.025365e+002 -2.762409e+001
  7.155365e+002 -2.775591e+001
  7.285365e+002 -2.790516e+001
  7.415365e+002 -2.806482e+001
  7.545365e+002 -2.823032e+001
  7.675365e+002 -2.839892e+001
  7.805365e+002 -2.856904e+001
  7.935365e+002 -2.873983e+001
  8.065365e+002 -2.891081e+001
  8.195365e+002 -2.908174e+001
  8.325365e+002 -2.925250e+001
  8.455365e+002 -2.942307e+001
  8.585365e+002 -2.959343e+001
  8.715365e+002 -2.976360e+001
  8.845365e+002 -2.993362e+001
  8.975365e+002 -3.010353e+001
  9.105365e+002 -3.027405e+001
  9.235365e+002 -3.044420e+001
  9.365365e+002 -3.061418e+001
  9.495365e+002 -3.078412e+001
  9.625365e+002 -3.095411e+001
  9.755365e+002 -3.112424e+001
  9.885365e+002 -3.129457e+001
  1.001536e+003 -3.142602e+001
  1.014536e+003 -3.157376e+001
  1.027536e+003 -3.173161e+001
  1.040536e+003 -3.189555e+001
  1.053536e+003 -3.206508e+001
  1.066536e+003 -3.223612e+001
  1.079536e+003 -3.240829e+001
  1.092536e+003 -3.258141e+001
  1.105536e+003 -3.271708e+001
  1.118536e+003 -3.286914e+001
  1.131536e+003 -3.303144e+001
  1.144536e+003 -3.320011e+001
  1.157536e+003 -3.337281e+001
  1.170536e+003 -3.354823e+001
  1.183536e+003 -3.372564e+001
  1.196536e+003 -3.390465e+001
  1.209536e+003 -3.408508e+001
  1.222536e+003 -3.426683e+001
  1.235536e+003 -3.444989e+001
  1.248536e+003 -3.463429e+001
  1.261536e+003 -3.482006e+001
  1.274536e+003 -3.500725e+001
  1.287536e+003 -3.519593e+001
  1.300536e+003 -3.538617e+001
  1.313536e+003 -3.557803e+001
  1.326536e+003 -3.577160e+001
  1.339536e+003 -3.596860e+001
  1.352536e+003 -3.616669e+001
  1.365536e+003 -3.636633e+001
  1.378536e+003 -3.656781e+001
  1.391536e+003 -3.677135e+001
  1.404536e+003 -3.693119e+001
  1.417536e+003 -3.709995e+001
  1.428370e+003 -3.725570e+001
  1.441370e+003 -3.745428e+001
  1.454370e+003 -3.766085e+001
  1.467370e+003 -3.782791e+001
  1.478203e+003 -3.798589e+001
  1.491203e+003 -3.819016e+001
  1.504203e+003 -3.840450e+001
  1.517203e+003 -3.862617e+001
  1.530203e+003 -3.880227e+001
  1.541036e+003 -3.896987e+001
  1.554036e+003 -3.918757e+001
  1.567036e+003 -3.941682e+001
  1.580036e+003 -3.965472e+001
  1.593036e+003 -3.989965e+001
  1.606036e+003 -4.015086e+001
  1.619036e+003 -4.040803e+001
  1.632036e+003 -4.067113e+001
  1.645036e+003 -4.094031e+001
  1.658036e+003 -4.121583e+001
  1.671036e+003 -4.149803e+001
  1.684036e+003 -4.178731e+001
  1.697036e+003 -4.208415e+001
  1.710036e+003 -4.238907e+001
  1.723036e+003 -4.270267e+001
  1.736036e+003 -4.302560e+001
  1.749036e+003 -4.335863e+001
  1.762036e+003 -4.370259e+001
  1.775036e+003 -4.399549e+001
  1.788036e+003 -4.432418e+001
  1.801036e+003 -4.463473e+001
  1.811870e+003 -4.489575e+001
  1.822703e+003 -4.519201e+001
  1.835703e+003 -4.557938e+001
  1.848703e+003 -4.599441e+001
  1.861703e+003 -4.643565e+001
  1.874703e+003 -4.690355e+001
  1.887703e+003 -4.731809e+001
  1.900703e+003 -4.779029e+001
  1.913703e+003 -4.831264e+001
  1.926703e+003 -4.888316e+001
  1.939703e+003 -4.950401e+001
  1.952703e+003 -5.018081e+001
  1.965703e+003 -5.092259e+001
  1.978703e+003 -5.174243e+001
  1.991703e+003 -5.265893e+001
  2.004703e+003 -5.369905e+001
  2.017703e+003 -5.500915e+001
  2.030703e+003 -5.665616e+001
  2.043703e+003 -5.905050e+001
  2.050203e+003 -6.067017e+001
  2.055620e+003 -6.238650e+001
  2.061036e+003 -6.536279e+001
  2.064392e+003 -6.983224e+001
  2.065221e+003 -7.203780e+001
  2.065761e+003 -7.489258e+001
  2.065931e+003 -7.625125e+001
  2.066072e+003 -7.900578e+001
  2.066122e+003 -8.159238e+001
  2.066148e+003 -8.436993e+001

Curve 2
X : Time
Y : Thickness of Element [Node 1]

       X              Y       
------------------------------
  0.000000e+000  9.300000e-001
  2.600000e-001  9.250837e-001
  5.200000e-001  9.225640e-001
  7.800000e-001  9.202792e-001
  1.092000e+000  9.185183e-001
  1.404000e+000  9.172216e-001
  1.716000e+000  9.130406e-001
  2.028000e+000  9.099038e-001
  2.340000e+000  9.074347e-001
  2.652000e+000  9.048259e-001
  3.026400e+000  9.018735e-001
  3.475680e+000  8.987219e-001
  4.014816e+000  8.954455e-001
  4.661779e+000  8.931304e-001
  5.438135e+000  8.907380e-001
  6.214491e+000  8.885259e-001
  6.861454e+000  8.865265e-001
  7.637810e+000  8.841206e-001
  8.569437e+000  8.820615e-001
  9.501064e+000  8.798240e-001
  1.061902e+001  8.771249e-001
  1.196056e+001  8.740171e-001
  1.357041e+001  8.705370e-001
  1.550223e+001  8.667040e-001
  1.782042e+001  8.638572e-001
  2.060224e+001  8.606676e-001
  2.338407e+001  8.577227e-001
  2.672225e+001  8.538345e-001
  3.072808e+001  8.491305e-001
  3.553507e+001  8.452278e-001
  4.130346e+001  8.400876e-001
  4.822552e+001  8.339011e-001
  5.653201e+001  8.268304e-001
  6.649978e+001  8.211959e-001
  7.646756e+001  8.158304e-001
  8.477404e+001  8.109685e-001
  9.474181e+001  8.050498e-001
  1.067031e+002  7.981378e-001
  1.197031e+002  7.926904e-001
  1.327031e+002  7.867983e-001
  1.457031e+002  7.807921e-001
  1.587031e+002  7.753437e-001
  1.717031e+002  7.707749e-001
  1.847031e+002  7.666170e-001
  1.977031e+002  7.625032e-001
  2.107031e+002  7.579512e-001
  2.237031e+002  7.532040e-001
  2.367031e+002  7.484099e-001
  2.497031e+002  7.436501e-001
  2.627032e+002  7.389651e-001
  2.757032e+002  7.354759e-001
  2.887032e+002  7.316009e-001
  3.017032e+002  7.275324e-001
  3.147032e+002  7.233901e-001
  3.277032e+002  7.192424e-001
  3.407032e+002  7.151253e-001
  3.537032e+002  7.121248e-001
  3.667032e+002  7.091535e-001
  3.775365e+002  7.067155e-001
  3.905365e+002  7.033963e-001
  4.035365e+002  6.998577e-001
  4.165365e+002  6.968225e-001
  4.295365e+002  6.934894e-001
  4.425365e+002  6.899964e-001
  4.555365e+002  6.864293e-001
  4.685365e+002  6.828377e-001
  4.815365e+002  6.792487e-001
  4.945365e+002  6.756769e-001
  5.075365e+002  6.721292e-001
  5.205365e+002  6.686087e-001
  5.335365e+002  6.651163e-001
  5.465365e+002  6.616517e-001
  5.595365e+002  6.582139e-001
  5.725365e+002  6.548016e-001
  5.855365e+002  6.514136e-001
  5.985365e+002  6.480484e-001
  6.115365e+002  6.447044e-001
  6.245365e+002  6.413805e-001
  6.375365e+002  6.380752e-001
  6.505365e+002  6.347873e-001
  6.635365e+002  6.322074e-001
  6.765365e+002  6.293520e-001
  6.895365e+002  6.263360e-001
  7.025365e+002  6.232318e-001
  7.155365e+002  6.208170e-001
  7.285365e+002  6.180805e-001
  7.415365e+002  6.151504e-001
  7.545365e+002  6.121102e-001
  7.675365e+002  6.090103e-001
  7.805365e+002  6.058794e-001
  7.935365e+002  6.027338e-001
  8.065365e+002  5.995820e-001
  8.195365e+002  5.964287e-001
  8.325365e+002  5.932760e-001
  8.455365e+002  5.901249e-001
  8.585365e+002  5.869756e-001
  8.715365e+002  5.838278e-001
  8.845365e+002  5.806811e-001
  8.975365e+002  5.775350e-001
  9.105365e+002  5.743744e-001
  9.235365e+002  5.712199e-001
  9.365365e+002  5.680679e-001
  9.495365e+002  5.649159e-001
  9.625365e+002  5.617623e-001
  9.755365e+002  5.586058e-001
  9.885365e+002  5.554454e-001
  1.001536e+003  5.530063e-001
  1.014536e+003  5.502648e-001
  1.027536e+003  5.473368e-001
  1.040536e+003  5.442966e-001
  1.053536e+003  5.411519e-001
  1.066536e+003  5.379814e-001
  1.079536e+003  5.347921e-001
  1.092536e+003  5.315875e-001
  1.105536e+003  5.290766e-001
  1.118536e+003  5.262638e-001
  1.131536e+003  5.232630e-001
  1.144536e+003  5.201470e-001
  1.157536e+003  5.169590e-001
  1.170536e+003  5.137237e-001
  1.183536e+003  5.104548e-001
  1.196536e+003  5.071596e-001
  1.209536e+003  5.038419e-001
  1.222536e+003  5.005033e-001
  1.235536e+003  4.971445e-001
  1.248536e+003  4.937654e-001
  1.261536e+003  4.903653e-001
  1.274536e+003  4.869437e-001
  1.287536e+003  4.834997e-001
  1.300536e+003  4.800324e-001
  1.313536e+003  4.765406e-001
  1.326536e+003  4.730233e-001
  1.339536e+003  4.694484e-001
  1.352536e+003  4.658599e-001
  1.365536e+003  4.622502e-001
  1.378536e+003  4.586142e-001
  1.391536e+003  4.549486e-001
  1.404536e+003  4.520764e-001
  1.417536e+003  4.490480e-001
  1.428370e+003  4.462578e-001
  1.441370e+003  4.427062e-001
  1.454370e+003  4.390207e-001
  1.467370e+003  4.360479e-001
  1.478203e+003  4.332417e-001
  1.491203e+003  4.296194e-001
  1.504203e+003  4.258295e-001
  1.517203e+003  4.219218e-001
  1.530203e+003  4.188275e-001
  1.541036e+003  4.158886e-001
  1.554036e+003  4.120796e-001
  1.567036e+003  4.080819e-001
  1.580036e+003  4.039489e-001
  1.593036e+003  3.997102e-001
  1.606036e+003  3.953810e-001
  1.619036e+003  3.909684e-001
  1.632036e+003  3.864744e-001
  1.645036e+003  3.818981e-001
  1.658036e+003  3.772371e-001
  1.671036e+003  3.724876e-001
  1.684036e+003  3.676449e-001
  1.697036e+003  3.627036e-001
  1.710036e+003  3.576575e-001
  1.723036e+003  3.525000e-001
  1.736036e+003  3.472234e-001
  1.749036e+003  3.418192e-001
  1.762036e+003  3.362781e-001
  1.775036e+003  3.315965e-001
  1.788036e+003  3.263698e-001
  1.801036e+003  3.214681e-001
  1.811870e+003  3.173741e-001
  1.822703e+003  3.127510e-001
  1.835703e+003  3.067490e-001
  1.848703e+003  3.003844e-001
  1.861703e+003  2.936951e-001
  1.874703e+003  2.866903e-001
  1.887703e+003  2.805682e-001
  1.900703e+003  2.736634e-001
  1.913703e+003  2.661278e-001
  1.926703e+003  2.580299e-001
  1.939703e+003  2.493792e-001
  1.952703e+003  2.401430e-001
  1.965703e+003  2.302539e-001
  1.978703e+003  2.196096e-001
  1.991703e+003  2.080664e-001
  2.004703e+003  1.954231e-001
  2.017703e+003  1.801225e-001
  2.030703e+003  1.618484e-001
  2.043703e+003  1.370485e-001
  2.050203e+003  1.218366e-001
  2.055620e+003  1.067153e-001
  2.061036e+003  8.261029e-002
  2.064392e+003  5.122491e-002
  2.065221e+003  3.947353e-002
  2.065761e+003  2.621242e-002
  2.065931e+003  2.135714e-002
  2.066072e+003  1.331227e-002
  2.066122e+003  8.715711e-003
  2.066148e+003  5.724831e-003
