HISTORY PLOT
job1

Curve 1
X : Time
Y : Displacement Y [Node 1]

       X              Y       
------------------------------
  0.000000e+000  0.000000e+000
  1.700000e-001 -3.133046e+000
  3.400000e-001 -3.737854e+000
  5.100000e-001 -4.066742e+000
  6.800000e-001 -4.400688e+000
  8.840000e-001 -4.666047e+000
  1.088000e+000 -5.114354e+000
  1.332800e+000 -5.592032e+000
  1.626560e+000 -6.045111e+000
  1.979072e+000 -6.332240e+000
  2.331584e+000 -6.572795e+000
  2.625344e+000 -6.782836e+000
  2.977856e+000 -6.981681e+000
  3.330368e+000 -7.184046e+000
  3.753382e+000 -7.413057e+000
  4.261000e+000 -7.661529e+000
  4.870141e+000 -7.925129e+000
  5.601110e+000 -8.201515e+000
  6.478272e+000 -8.489602e+000
  7.530867e+000 -8.789076e+000
  8.793982e+000 -9.032590e+000
  1.030972e+001 -9.280196e+000
  1.182546e+001 -9.506777e+000
  1.334119e+001 -9.742353e+000
  1.516008e+001 -1.001488e+001
  1.734274e+001 -1.025361e+001
  1.996193e+001 -1.054968e+001
  2.310497e+001 -1.088836e+001
  2.687660e+001 -1.125935e+001
  3.140257e+001 -1.165652e+001
  3.683373e+001 -1.207677e+001
  4.335112e+001 -1.240251e+001
  4.986852e+001 -1.270042e+001
  5.768938e+001 -1.307725e+001
  6.618938e+001 -1.347480e+001
  7.468938e+001 -1.377445e+001
  8.318938e+001 -1.408811e+001
  9.168938e+001 -1.439697e+001
  1.001894e+002 -1.469282e+001
  1.086894e+002 -1.497317e+001
  1.171894e+002 -1.523811e+001
  1.256894e+002 -1.543844e+001
  1.341894e+002 -1.565278e+001
  1.426894e+002 -1.586962e+001
  1.511894e+002 -1.603827e+001
  1.596894e+002 -1.622378e+001
  1.681894e+002 -1.641480e+001
  1.766894e+002 -1.660518e+001
  1.851894e+002 -1.679193e+001
  1.936894e+002 -1.697386e+001
  2.021894e+002 -1.715057e+001
  2.106894e+002 -1.732210e+001
  2.191894e+002 -1.748869e+001
  2.276894e+002 -1.765059e+001
  2.361894e+002 -1.780809e+001
  2.446894e+002 -1.796148e+001
  2.531894e+002 -1.811103e+001
  2.616894e+002 -1.825697e+001
  2.701894e+002 -1.839954e+001
  2.786894e+002 -1.853895e+001
  2.871894e+002 -1.867538e+001
  2.956894e+002 -1.877834e+001
  3.041894e+002 -1.888175e+001
  3.126894e+002 -1.898565e+001
  3.211894e+002 -1.909978e+001
  3.296894e+002 -1.919974e+001
  3.381894e+002 -1.931006e+001
  3.466894e+002 -1.942512e+001
  3.551894e+002 -1.954176e+001
  3.636894e+002 -1.965835e+001
  3.721894e+002 -1.977403e+001
  3.806894e+002 -1.988844e+001
  3.891894e+002 -2.000141e+001
  3.976894e+002 -2.011290e+001
  4.061894e+002 -2.022290e+001
  4.146894e+002 -2.033145e+001
  4.231894e+002 -2.043859e+001
  4.316894e+002 -2.054437e+001
  4.401894e+002 -2.064883e+001
  4.486894e+002 -2.075201e+001
  4.571894e+002 -2.085397e+001
  4.656894e+002 -2.095475e+001
  4.741894e+002 -2.105438e+001
  4.826894e+002 -2.115291e+001
  4.911894e+002 -2.123333e+001
  4.996894e+002 -2.132092e+001
  5.081894e+002 -2.141196e+001
  5.166894e+002 -2.150435e+001
  5.251894e+002 -2.159699e+001
  5.336894e+002 -2.168933e+001
  5.421894e+002 -2.178108e+001
  5.506894e+002 -2.187214e+001
  5.591894e+002 -2.196244e+001
  5.676894e+002 -2.205199e+001
  5.761894e+002 -2.214077e+001
  5.846894e+002 -2.222882e+001
  5.931894e+002 -2.231613e+001
  6.016894e+002 -2.240274e+001
  6.101894e+002 -2.248867e+001
  6.186894e+002 -2.255909e+001
  6.271894e+002 -2.263600e+001
  6.356894e+002 -2.271615e+001
  6.441894e+002 -2.279773e+001
  6.526894e+002 -2.287975e+001
  6.611894e+002 -2.296173e+001
  6.696894e+002 -2.304344e+001
  6.781894e+002 -2.312474e+001
  6.866894e+002 -2.320558e+001
  6.951894e+002 -2.328594e+001
  7.036894e+002 -2.336582e+001
  7.121894e+002 -2.344522e+001
  7.206894e+002 -2.352417e+001
  7.291894e+002 -2.360265e+001
  7.376894e+002 -2.368068e+001
  7.461894e+002 -2.375826e+001
  7.546894e+002 -2.383542e+001
  7.631894e+002 -2.391216e+001
  7.716894e+002 -2.398848e+001
  7.801894e+002 -2.406439e+001
  7.886894e+002 -2.413992e+001
  7.971894e+002 -2.421505e+001
  8.056894e+002 -2.428981e+001
  8.141894e+002 -2.436420e+001
  8.226894e+002 -2.443823e+001
  8.311894e+002 -2.451190e+001
  8.396894e+002 -2.458523e+001
  8.481894e+002 -2.465821e+001
  8.566894e+002 -2.473087e+001
  8.651894e+002 -2.480320e+001
  8.736894e+002 -2.487521e+001
  8.821894e+002 -2.494691e+001
  8.906894e+002 -2.501830e+001
  8.991894e+002 -2.508940e+001
  9.076894e+002 -2.516021e+001
  9.161894e+002 -2.523073e+001
  9.246894e+002 -2.530097e+001
  9.331894e+002 -2.537094e+001
  9.416894e+002 -2.544066e+001
  9.501894e+002 -2.551011e+001
  9.586894e+002 -2.557929e+001
  9.671894e+002 -2.564823e+001
  9.756894e+002 -2.571692e+001
  9.841894e+002 -2.578536e+001
  9.926894e+002 -2.585357e+001
  1.001189e+003 -2.592156e+001
  1.009689e+003 -2.598932e+001
  1.018189e+003 -2.605686e+001
  1.026689e+003 -2.612418e+001
  1.035189e+003 -2.619130e+001
  1.043689e+003 -2.625821e+001
  1.052189e+003 -2.632492e+001
  1.060689e+003 -2.639144e+001
  1.069189e+003 -2.645777e+001
  1.077689e+003 -2.652390e+001
  1.086189e+003 -2.658986e+001
  1.094689e+003 -2.665564e+001
  1.103189e+003 -2.670988e+001
  1.111689e+003 -2.676933e+001
  1.120189e+003 -2.683155e+001
  1.128689e+003 -2.689515e+001
  1.137189e+003 -2.695940e+001
  1.145689e+003 -2.702390e+001
  1.154189e+003 -2.708845e+001
  1.162689e+003 -2.715298e+001
  1.171189e+003 -2.721742e+001
  1.179689e+003 -2.728176e+001
  1.188189e+003 -2.734598e+001
  1.196689e+003 -2.741008e+001
  1.205189e+003 -2.747406e+001
  1.213689e+003 -2.753792e+001
  1.222189e+003 -2.760166e+001
  1.230689e+003 -2.766529e+001
  1.239189e+003 -2.772880e+001
  1.247689e+003 -2.779221e+001
  1.256189e+003 -2.785551e+001
  1.264689e+003 -2.791872e+001
  1.273189e+003 -2.798182e+001
  1.281689e+003 -2.804482e+001
  1.290189e+003 -2.810772e+001
  1.298689e+003 -2.817053e+001
  1.307189e+003 -2.823326e+001
  1.315689e+003 -2.829589e+001
  1.324189e+003 -2.835843e+001
  1.332689e+003 -2.842090e+001
  1.341189e+003 -2.848328e+001
  1.349689e+003 -2.854558e+001
  1.358189e+003 -2.860780e+001
  1.366689e+003 -2.866995e+001
  1.375189e+003 -2.873203e+001
  1.383689e+003 -2.879403e+001
  1.392189e+003 -2.885597e+001
  1.400689e+003 -2.891784e+001
  1.409189e+003 -2.897965e+001
  1.417689e+003 -2.904140e+001
  1.426189e+003 -2.910308e+001
  1.434689e+003 -2.916471e+001
  1.443189e+003 -2.922629e+001
  1.451689e+003 -2.928781e+001
  1.460189e+003 -2.934927e+001
  1.468689e+003 -2.941069e+001
  1.477189e+003 -2.947206e+001
  1.485689e+003 -2.953339e+001
  1.494189e+003 -2.959467e+001
  1.502689e+003 -2.965591e+001
  1.511189e+003 -2.971712e+001
  1.519689e+003 -2.977828e+001
  1.528189e+003 -2.983941e+001
  1.536689e+003 -2.990051e+001
  1.545189e+003 -2.996157e+001
  1.553689e+003 -3.002261e+001
  1.562189e+003 -3.008362e+001
  1.570689e+003 -3.014460e+001
  1.579189e+003 -3.020556e+001
  1.587689e+003 -3.026650e+001
  1.596189e+003 -3.032742e+001
  1.604689e+003 -3.038833e+001
  1.613189e+003 -3.044922e+001
  1.621689e+003 -3.051010e+001
  1.630189e+003 -3.057096e+001
  1.638689e+003 -3.063182e+001
  1.647189e+003 -3.069267e+001
  1.655689e+003 -3.075352e+001
  1.664189e+003 -3.081436e+001
  1.672689e+003 -3.087520e+001
  1.681189e+003 -3.093604e+001
  1.689689e+003 -3.099688e+001
  1.698189e+003 -3.105773e+001
  1.700000e+003 -3.107072e+001

Curve 2
X : Time
Y : Thickness of Element [Node 1]

       X              Y       
------------------------------
  0.000000e+000  9.300000e-001
  1.700000e-001  9.262251e-001
  3.400000e-001  9.243429e-001
  5.100000e-001  9.231604e-001
  6.800000e-001  9.218680e-001
  8.840000e-001  9.207566e-001
  1.088000e+000  9.186925e-001
  1.332800e+000  9.163560e-001
  1.626560e+000  9.139669e-001
  1.979072e+000  9.123307e-001
  2.331584e+000  9.108992e-001
  2.625344e+000  9.096090e-001
  2.977856e+000  9.083457e-001
  3.330368e+000  9.070263e-001
  3.753382e+000  9.054915e-001
  4.261000e+000  9.037752e-001
  4.870141e+000  9.018956e-001
  5.601110e+000  8.998593e-001
  6.478272e+000  8.976654e-001
  7.530867e+000  8.953077e-001
  8.793982e+000  8.933323e-001
  1.030972e+001  8.912629e-001
  1.182546e+001  8.893226e-001
  1.334119e+001  8.872641e-001
  1.516008e+001  8.848289e-001
  1.734274e+001  8.826390e-001
  1.996193e+001  8.798626e-001
  2.310497e+001  8.766037e-001
  2.687660e+001  8.729313e-001
  3.140257e+001  8.688806e-001
  3.683373e+001  8.644617e-001
  4.335112e+001  8.609277e-001
  4.986852e+001  8.576238e-001
  5.768938e+001  8.533616e-001
  6.618938e+001  8.487608e-001
  7.468938e+001  8.452019e-001
  8.318938e+001  8.414112e-001
  9.168938e+001  8.376128e-001
  1.001894e+002  8.339126e-001
  1.086894e+002  8.303502e-001
  1.171894e+002  8.269338e-001
  1.256894e+002  8.243139e-001
  1.341894e+002  8.214859e-001
  1.426894e+002  8.185978e-001
  1.511894e+002  8.163289e-001
  1.596894e+002  8.138142e-001
  1.681894e+002  8.112036e-001
  1.766894e+002  8.085802e-001
  1.851894e+002  8.059854e-001
  1.936894e+002  8.034377e-001
  2.021894e+002  8.009439e-001
  2.106894e+002  7.985053e-001
  2.191894e+002  7.961206e-001
  2.276894e+002  7.937873e-001
  2.361894e+002  7.915028e-001
  2.446894e+002  7.892642e-001
  2.531894e+002  7.870687e-001
  2.616894e+002  7.849139e-001
  2.701894e+002  7.827974e-001
  2.786894e+002  7.807170e-001
  2.871894e+002  7.786707e-001
  2.956894e+002  7.771206e-001
  3.041894e+002  7.755581e-001
  3.126894e+002  7.739827e-001
  3.211894e+002  7.722464e-001
  3.296894e+002  7.707209e-001
  3.381894e+002  7.690318e-001
  3.466894e+002  7.672640e-001
  3.551894e+002  7.654659e-001
  3.636894e+002  7.636627e-001
  3.721894e+002  7.618673e-001
  3.806894e+002  7.600859e-001
  3.891894e+002  7.583210e-001
  3.976894e+002  7.565737e-001
  4.061894e+002  7.548442e-001
  4.146894e+002  7.531322e-001
  4.231894e+002  7.514372e-001
  4.316894e+002  7.497589e-001
  4.401894e+002  7.480966e-001
  4.486894e+002  7.464499e-001
  4.571894e+002  7.448182e-001
  4.656894e+002  7.432010e-001
  4.741894e+002  7.415979e-001
  4.826894e+002  7.400084e-001
  4.911894e+002  7.387078e-001
  4.996894e+002  7.372879e-001
  5.081894e+002  7.358089e-001
  5.166894e+002  7.343045e-001
  5.251894e+002  7.327927e-001
  5.336894e+002  7.312825e-001
  5.421894e+002  7.297783e-001
  5.506894e+002  7.282824e-001
  5.591894e+002  7.267955e-001
  5.676894e+002  7.253181e-001
  5.761894e+002  7.238501e-001
  5.846894e+002  7.223915e-001
  5.931894e+002  7.209420e-001
  6.016894e+002  7.195014e-001
  6.101894e+002  7.180696e-001
  6.186894e+002  7.168944e-001
  6.271894e+002  7.156093e-001
  6.356894e+002  7.142681e-001
  6.441894e+002  7.129012e-001
  6.526894e+002  7.115247e-001
  6.611894e+002  7.101469e-001
  6.696894e+002  7.087719e-001
  6.781894e+002  7.074018e-001
  6.866894e+002  7.060374e-001
  6.951894e+002  7.046792e-001
  7.036894e+002  7.033273e-001
  7.121894e+002  7.019815e-001
  7.206894e+002  7.006420e-001
  7.291894e+002  6.993085e-001
  7.376894e+002  6.979810e-001
  7.461894e+002  6.966592e-001
  7.546894e+002  6.953431e-001
  7.631894e+002  6.940326e-001
  7.716894e+002  6.927275e-001
  7.801894e+002  6.914276e-001
  7.886894e+002  6.901330e-001
  7.971894e+002  6.888435e-001
  8.056894e+002  6.875588e-001
  8.141894e+002  6.862791e-001
  8.226894e+002  6.850041e-001
  8.311894e+002  6.837337e-001
  8.396894e+002  6.824679e-001
  8.481894e+002  6.812066e-001
  8.566894e+002  6.799496e-001
  8.651894e+002  6.786968e-001
  8.736894e+002  6.774483e-001
  8.821894e+002  6.762038e-001
  8.906894e+002  6.749633e-001
  8.991894e+002  6.737268e-001
  9.076894e+002  6.724941e-001
  9.161894e+002  6.712651e-001
  9.246894e+002  6.700398e-001
  9.331894e+002  6.688181e-001
  9.416894e+002  6.675991e-001
  9.501894e+002  6.663840e-001
  9.586894e+002  6.651725e-001
  9.671894e+002  6.639643e-001
  9.756894e+002  6.627595e-001
  9.841894e+002  6.615578e-001
  9.926894e+002  6.603592e-001
  1.001189e+003  6.591636e-001
  1.009689e+003  6.579710e-001
  1.018189e+003  6.567813e-001
  1.026689e+003  6.555943e-001
  1.035189e+003  6.544102e-001
  1.043689e+003  6.532287e-001
  1.052189e+003  6.520499e-001
  1.060689e+003  6.508736e-001
  1.069189e+003  6.496999e-001
  1.077689e+003  6.485286e-001
  1.086189e+003  6.473597e-001
  1.094689e+003  6.461932e-001
  1.103189e+003  6.452312e-001
  1.111689e+003  6.441761e-001
  1.120189e+003  6.430714e-001
  1.128689e+003  6.419416e-001
  1.137189e+003  6.407999e-001
  1.145689e+003  6.396531e-001
  1.154189e+003  6.385046e-001
  1.162689e+003  6.373563e-001
  1.171189e+003  6.362088e-001
  1.179689e+003  6.350628e-001
  1.188189e+003  6.339183e-001
  1.196689e+003  6.327755e-001
  1.205189e+003  6.316343e-001
  1.213689e+003  6.304948e-001
  1.222189e+003  6.293568e-001
  1.230689e+003  6.282204e-001
  1.239189e+003  6.270856e-001
  1.247689e+003  6.259522e-001
  1.256189e+003  6.248203e-001
  1.264689e+003  6.236898e-001
  1.273189e+003  6.225607e-001
  1.281689e+003  6.214330e-001
  1.290189e+003  6.203065e-001
  1.298689e+003  6.191813e-001
  1.307189e+003  6.180573e-001
  1.315689e+003  6.169345e-001
  1.324189e+003  6.158129e-001
  1.332689e+003  6.146924e-001
  1.341189e+003  6.135730e-001
  1.349689e+003  6.124546e-001
  1.358189e+003  6.113372e-001
  1.366689e+003  6.102209e-001
  1.375189e+003  6.091055e-001
  1.383689e+003  6.079910e-001
  1.392189e+003  6.068774e-001
  1.400689e+003  6.057647e-001
  1.409189e+003  6.046528e-001
  1.417689e+003  6.035417e-001
  1.426189e+003  6.024314e-001
  1.434689e+003  6.013218e-001
  1.443189e+003  6.002129e-001
  1.451689e+003  5.991047e-001
  1.460189e+003  5.979972e-001
  1.468689e+003  5.968903e-001
  1.477189e+003  5.957839e-001
  1.485689e+003  5.946782e-001
  1.494189e+003  5.935729e-001
  1.502689e+003  5.924681e-001
  1.511189e+003  5.913639e-001
  1.519689e+003  5.902601e-001
  1.528189e+003  5.891567e-001
  1.536689e+003  5.880537e-001
  1.545189e+003  5.869510e-001
  1.553689e+003  5.858487e-001
  1.562189e+003  5.847467e-001
  1.570689e+003  5.836449e-001
  1.579189e+003  5.825434e-001
  1.587689e+003  5.814422e-001
  1.596189e+003  5.803411e-001
  1.604689e+003  5.792402e-001
  1.613189e+003  5.781394e-001
  1.621689e+003  5.770387e-001
  1.630189e+003  5.759381e-001
  1.638689e+003  5.748376e-001
  1.647189e+003  5.737370e-001
  1.655689e+003  5.726365e-001
  1.664189e+003  5.715359e-001
  1.672689e+003  5.704353e-001
  1.681189e+003  5.693346e-001
  1.689689e+003  5.682338e-001
  1.698189e+003  5.671328e-001
  1.700000e+003  5.668979e-001
