HISTORY PLOT
job1

Curve 1
X : Time
Y : Displacement Y [Node 1]

       X              Y       
------------------------------
  0.000000e+000  0.000000e+000
  4.000000e-002 -3.620225e+000
  8.000000e-002 -4.345211e+000
  1.200000e-001 -4.904250e+000
  1.680000e-001 -5.320006e+000
  2.256000e-001 -5.663480e+000
  2.947200e-001 -6.156941e+000
  3.776640e-001 -6.589281e+000
  4.606080e-001 -6.940206e+000
  5.601408e-001 -7.349549e+000
  6.795802e-001 -7.777119e+000
  8.229074e-001 -8.203197e+000
  9.949000e-001 -8.621726e+000
  1.201291e+000 -8.999110e+000
  1.448961e+000 -9.301377e+000
  1.696630e+000 -9.562802e+000
  1.944300e+000 -9.834129e+000
  2.241503e+000 -1.014562e+001
  2.598147e+000 -1.041186e+001
  2.954791e+000 -1.068793e+001
  3.382764e+000 -1.100631e+001
  3.896331e+000 -1.135798e+001
  4.512612e+000 -1.173721e+001
  5.252149e+000 -1.208383e+001
  6.139594e+000 -1.241292e+001
  7.027038e+000 -1.269440e+001
  8.091971e+000 -1.305635e+001
  9.369891e+000 -1.348030e+001
  1.090340e+001 -1.385551e+001
  1.243690e+001 -1.424403e+001
  1.427710e+001 -1.469355e+001
  1.627710e+001 -1.514848e+001
  1.827710e+001 -1.547346e+001
  2.027710e+001 -1.576237e+001
  2.227710e+001 -1.604253e+001
  2.427710e+001 -1.634533e+001
  2.627710e+001 -1.665141e+001
  2.827710e+001 -1.695088e+001
  3.027710e+001 -1.723956e+001
  3.227710e+001 -1.745134e+001
  3.427710e+001 -1.768381e+001
  3.627710e+001 -1.792293e+001
  3.827710e+001 -1.816098e+001
  4.027710e+001 -1.839422e+001
  4.227710e+001 -1.862114e+001
  4.427710e+001 -1.879403e+001
  4.627710e+001 -1.895620e+001
  4.827710e+001 -1.913772e+001
  5.027710e+001 -1.932764e+001
  5.227710e+001 -1.951958e+001
  5.427710e+001 -1.971025e+001
  5.627710e+001 -1.989802e+001
  5.827710e+001 -2.008220e+001
  6.027710e+001 -2.026258e+001
  6.227710e+001 -2.043917e+001
  6.427711e+001 -2.061209e+001
  6.627711e+001 -2.078151e+001
  6.827711e+001 -2.094759e+001
  7.027711e+001 -2.111052e+001
  7.227711e+001 -2.123690e+001
  7.427711e+001 -2.137638e+001
  7.627711e+001 -2.152203e+001
  7.827711e+001 -2.166985e+001
  8.027711e+001 -2.181772e+001
  8.227711e+001 -2.196456e+001
  8.427711e+001 -2.210987e+001
  8.627711e+001 -2.225344e+001
  8.827711e+001 -2.239520e+001
  9.027711e+001 -2.253518e+001
  9.227711e+001 -2.267350e+001
  9.427711e+001 -2.281022e+001
  9.627711e+001 -2.294537e+001
  9.827711e+001 -2.307902e+001
  1.002771e+002 -2.321122e+001
  1.022771e+002 -2.334201e+001
  1.042771e+002 -2.344099e+001
  1.062771e+002 -2.355273e+001
  1.082771e+002 -2.367120e+001
  1.102771e+002 -2.379278e+001
  1.122771e+002 -2.391547e+001
  1.142771e+002 -2.403824e+001
  1.162771e+002 -2.416054e+001
  1.182771e+002 -2.428213e+001
  1.202771e+002 -2.440288e+001
  1.222771e+002 -2.452274e+001
  1.242771e+002 -2.464172e+001
  1.262771e+002 -2.475983e+001
  1.282771e+002 -2.487707e+001
  1.302771e+002 -2.499349e+001
  1.322771e+002 -2.510910e+001
  1.342771e+002 -2.522394e+001
  1.362771e+002 -2.533802e+001
  1.382771e+002 -2.545144e+001
  1.402771e+002 -2.556412e+001
  1.422771e+002 -2.567611e+001
  1.442771e+002 -2.578744e+001
  1.462771e+002 -2.589814e+001
  1.482771e+002 -2.600823e+001
  1.502771e+002 -2.611774e+001
  1.522771e+002 -2.622668e+001
  1.542771e+002 -2.633509e+001
  1.562771e+002 -2.644298e+001
  1.582771e+002 -2.655036e+001
  1.602771e+002 -2.665727e+001
  1.622771e+002 -2.674077e+001
  1.642771e+002 -2.683433e+001
  1.662771e+002 -2.693342e+001
  1.682771e+002 -2.703531e+001
  1.702771e+002 -2.713853e+001
  1.722771e+002 -2.724227e+001
  1.742771e+002 -2.734612e+001
  1.762771e+002 -2.744987e+001
  1.782771e+002 -2.755342e+001
  1.802771e+002 -2.765672e+001
  1.822771e+002 -2.775977e+001
  1.842771e+002 -2.786255e+001
  1.862771e+002 -2.796507e+001
  1.882771e+002 -2.806734e+001
  1.902771e+002 -2.816935e+001
  1.922771e+002 -2.827113e+001
  1.942771e+002 -2.837267e+001
  1.962771e+002 -2.847400e+001
  1.982771e+002 -2.857512e+001
  2.002771e+002 -2.867605e+001
  2.022771e+002 -2.877678e+001
  2.042771e+002 -2.887733e+001
  2.062771e+002 -2.897772e+001
  2.082771e+002 -2.907794e+001
  2.102771e+002 -2.917802e+001
  2.122771e+002 -2.927795e+001
  2.142771e+002 -2.937775e+001
  2.162771e+002 -2.947742e+001
  2.182771e+002 -2.957698e+001
  2.202771e+002 -2.967643e+001
  2.222771e+002 -2.977579e+001
  2.242771e+002 -2.987506e+001
  2.262771e+002 -2.997424e+001
  2.282771e+002 -3.007336e+001
  2.302771e+002 -3.017241e+001
  2.322771e+002 -3.027163e+001
  2.342771e+002 -3.037069e+001
  2.362771e+002 -3.046966e+001
  2.382771e+002 -3.056858e+001
  2.402771e+002 -3.066746e+001
  2.422771e+002 -3.076633e+001
  2.442771e+002 -3.086519e+001
  2.462771e+002 -3.096406e+001
  2.482771e+002 -3.106294e+001
  2.502771e+002 -3.116185e+001
  2.522771e+002 -3.126080e+001
  2.542771e+002 -3.135979e+001
  2.562771e+002 -3.143791e+001
  2.582771e+002 -3.152555e+001
  2.602771e+002 -3.160538e+001
  2.622771e+002 -3.169408e+001
  2.642771e+002 -3.178779e+001
  2.662771e+002 -3.188425e+001
  2.682771e+002 -3.196588e+001
  2.702771e+002 -3.205577e+001
  2.722771e+002 -3.215033e+001
  2.742771e+002 -3.224746e+001
  2.762771e+002 -3.234603e+001
  2.782771e+002 -3.244543e+001
  2.802771e+002 -3.254535e+001
  2.822771e+002 -3.264562e+001
  2.842771e+002 -3.274618e+001
  2.862771e+002 -3.284697e+001
  2.882771e+002 -3.294799e+001
  2.902771e+002 -3.304922e+001
  2.922771e+002 -3.315068e+001
  2.942771e+002 -3.325237e+001
  2.962771e+002 -3.335428e+001
  2.982771e+002 -3.345644e+001
  3.002771e+002 -3.355885e+001
  3.022771e+002 -3.366151e+001
  3.042771e+002 -3.376444e+001
  3.062771e+002 -3.386764e+001
  3.082771e+002 -3.397113e+001
  3.102771e+002 -3.407491e+001
  3.122771e+002 -3.417900e+001
  3.142771e+002 -3.428340e+001
  3.162771e+002 -3.438812e+001
  3.182771e+002 -3.449317e+001
  3.202771e+002 -3.459857e+001
  3.222771e+002 -3.470432e+001
  3.242771e+002 -3.481043e+001
  3.262771e+002 -3.491691e+001
  3.282771e+002 -3.502378e+001
  3.302771e+002 -3.513105e+001
  3.322771e+002 -3.523873e+001
  3.342771e+002 -3.534682e+001
  3.362771e+002 -3.545535e+001
  3.382771e+002 -3.556432e+001
  3.402771e+002 -3.567375e+001
  3.422771e+002 -3.578410e+001
  3.442771e+002 -3.589471e+001
  3.462771e+002 -3.600570e+001
  3.482771e+002 -3.611713e+001
  3.502771e+002 -3.622906e+001
  3.522771e+002 -3.634153e+001
  3.542771e+002 -3.645453e+001
  3.562771e+002 -3.656810e+001
  3.582771e+002 -3.668226e+001
  3.602771e+002 -3.679703e+001
  3.622771e+002 -3.691241e+001
  3.642771e+002 -3.700809e+001
  3.662771e+002 -3.711359e+001
  3.682771e+002 -3.720623e+001
  3.702771e+002 -3.731047e+001
  3.722771e+002 -3.742160e+001
  3.742771e+002 -3.753681e+001
  3.762771e+002 -3.763541e+001
  3.782771e+002 -3.774426e+001
  3.802771e+002 -3.785920e+001
  3.822771e+002 -3.797778e+001
  3.842771e+002 -3.809871e+001
  3.862771e+002 -3.822129e+001
  3.882771e+002 -3.834516e+001
  3.902771e+002 -3.847016e+001
  3.922771e+002 -3.859621e+001
  3.942771e+002 -3.872328e+001
  3.962771e+002 -3.885136e+001
  3.982771e+002 -3.898048e+001
  4.000000e+002 -3.909263e+001

Curve 2
X : Time
Y : Thickness of Element [Node 1]

       X              Y       
------------------------------
  0.000000e+000  9.300000e-001
  4.000000e-002  9.251934e-001
  8.000000e-002  9.225758e-001
  1.200000e-001  9.202223e-001
  1.680000e-001  9.182663e-001
  2.256000e-001  9.165208e-001
  2.947200e-001  9.137842e-001
  3.776640e-001  9.112219e-001
  4.606080e-001  9.090292e-001
  5.601408e-001  9.063516e-001
  6.795802e-001  9.034057e-001
  8.229074e-001  9.003109e-001
  9.949000e-001  8.971133e-001
  1.201291e+000  8.940939e-001
  1.448961e+000  8.915644e-001
  1.696630e+000  8.893106e-001
  1.944300e+000  8.869158e-001
  2.241503e+000  8.840957e-001
  2.598147e+000  8.816091e-001
  2.954791e+000  8.789729e-001
  3.382764e+000  8.758596e-001
  3.896331e+000  8.723300e-001
  4.512612e+000  8.684168e-001
  5.252149e+000  8.647423e-001
  6.139594e+000  8.611506e-001
  7.027038e+000  8.580145e-001
  8.091971e+000  8.539063e-001
  9.369891e+000  8.489839e-001
  1.090340e+001  8.444943e-001
  1.243690e+001  8.397487e-001
  1.427710e+001  8.341370e-001
  1.627710e+001  8.283244e-001
  1.827710e+001  8.240703e-001
  2.027710e+001  8.202295e-001
  2.227710e+001  8.164541e-001
  2.427710e+001  8.123264e-001
  2.627710e+001  8.081015e-001
  2.827710e+001  8.039153e-001
  3.027710e+001  7.998303e-001
  3.227710e+001  7.967943e-001
  3.427710e+001  7.934323e-001
  3.627710e+001  7.899429e-001
  3.827710e+001  7.864378e-001
  4.027710e+001  7.829733e-001
  4.227710e+001  7.795746e-001
  4.427710e+001  7.769655e-001
  4.627710e+001  7.745036e-001
  4.827710e+001  7.717347e-001
  5.027710e+001  7.688220e-001
  5.227710e+001  7.658619e-001
  5.427710e+001  7.629053e-001
  5.627710e+001  7.599776e-001
  5.827710e+001  7.570901e-001
  6.027710e+001  7.542471e-001
  6.227710e+001  7.514496e-001
  6.427711e+001  7.486966e-001
  6.627711e+001  7.459866e-001
  6.827711e+001  7.433175e-001
  7.027711e+001  7.406874e-001
  7.227711e+001  7.386380e-001
  7.427711e+001  7.363687e-001
  7.627711e+001  7.339903e-001
  7.827711e+001  7.315677e-001
  8.027711e+001  7.291356e-001
  8.227711e+001  7.267117e-001
  8.427711e+001  7.243049e-001
  8.627711e+001  7.219189e-001
  8.827711e+001  7.195553e-001
  9.027711e+001  7.172143e-001
  9.227711e+001  7.148954e-001
  9.427711e+001  7.125981e-001
  9.627711e+001  7.103216e-001
  9.827711e+001  7.080651e-001
  1.002771e+002  7.058277e-001
  1.022771e+002  7.036088e-001
  1.042771e+002  7.019259e-001
  1.062771e+002  7.000226e-001
  1.082771e+002  6.980008e-001
  1.102771e+002  6.959217e-001
  1.122771e+002  6.938192e-001
  1.142771e+002  6.917112e-001
  1.162771e+002  6.896070e-001
  1.182771e+002  6.875110e-001
  1.202771e+002  6.854254e-001
  1.222771e+002  6.833511e-001
  1.242771e+002  6.812884e-001
  1.262771e+002  6.792371e-001
  1.282771e+002  6.771970e-001
  1.302771e+002  6.751679e-001
  1.322771e+002  6.731494e-001
  1.342771e+002  6.711412e-001
  1.362771e+002  6.691429e-001
  1.382771e+002  6.671522e-001
  1.402771e+002  6.651718e-001
  1.422771e+002  6.632009e-001
  1.442771e+002  6.612388e-001
  1.462771e+002  6.592852e-001
  1.482771e+002  6.573397e-001
  1.502771e+002  6.554018e-001
  1.522771e+002  6.534715e-001
  1.542771e+002  6.515483e-001
  1.562771e+002  6.496319e-001
  1.582771e+002  6.477222e-001
  1.602771e+002  6.458188e-001
  1.622771e+002  6.443312e-001
  1.642771e+002  6.426630e-001
  1.662771e+002  6.408952e-001
  1.682771e+002  6.390759e-001
  1.702771e+002  6.372318e-001
  1.722771e+002  6.353769e-001
  1.742771e+002  6.335186e-001
  1.762771e+002  6.316607e-001
  1.782771e+002  6.298051e-001
  1.802771e+002  6.279526e-001
  1.822771e+002  6.261035e-001
  1.842771e+002  6.242581e-001
  1.862771e+002  6.224162e-001
  1.882771e+002  6.205777e-001
  1.902771e+002  6.187426e-001
  1.922771e+002  6.169107e-001
  1.942771e+002  6.150818e-001
  1.962771e+002  6.132558e-001
  1.982771e+002  6.114326e-001
  2.002771e+002  6.096120e-001
  2.022771e+002  6.077938e-001
  2.042771e+002  6.059780e-001
  2.062771e+002  6.041644e-001
  2.082771e+002  6.023528e-001
  2.102771e+002  6.005431e-001
  2.122771e+002  5.987352e-001
  2.142771e+002  5.969290e-001
  2.162771e+002  5.951242e-001
  2.182771e+002  5.933209e-001
  2.202771e+002  5.915189e-001
  2.222771e+002  5.897179e-001
  2.242771e+002  5.879180e-001
  2.262771e+002  5.861190e-001
  2.282771e+002  5.843207e-001
  2.302771e+002  5.825231e-001
  2.322771e+002  5.807216e-001
  2.342771e+002  5.789226e-001
  2.362771e+002  5.771251e-001
  2.382771e+002  5.753282e-001
  2.402771e+002  5.735317e-001
  2.422771e+002  5.717352e-001
  2.442771e+002  5.699386e-001
  2.462771e+002  5.681416e-001
  2.482771e+002  5.663442e-001
  2.502771e+002  5.645461e-001
  2.522771e+002  5.627473e-001
  2.542771e+002  5.609477e-001
  2.562771e+002  5.595280e-001
  2.582771e+002  5.579353e-001
  2.602771e+002  5.564845e-001
  2.622771e+002  5.548730e-001
  2.642771e+002  5.531707e-001
  2.662771e+002  5.514186e-001
  2.682771e+002  5.499364e-001
  2.702771e+002  5.483043e-001
  2.722771e+002  5.465878e-001
  2.742771e+002  5.448251e-001
  2.762771e+002  5.430368e-001
  2.782771e+002  5.412339e-001
  2.802771e+002  5.394223e-001
  2.822771e+002  5.376049e-001
  2.842771e+002  5.357831e-001
  2.862771e+002  5.339577e-001
  2.882771e+002  5.321290e-001
  2.902771e+002  5.302970e-001
  2.922771e+002  5.284617e-001
  2.942771e+002  5.266232e-001
  2.962771e+002  5.247813e-001
  2.982771e+002  5.229358e-001
  3.002771e+002  5.210867e-001
  3.022771e+002  5.192339e-001
  3.042771e+002  5.173772e-001
  3.062771e+002  5.155165e-001
  3.082771e+002  5.136517e-001
  3.102771e+002  5.117826e-001
  3.122771e+002  5.099091e-001
  3.142771e+002  5.080311e-001
  3.162771e+002  5.061484e-001
  3.182771e+002  5.042609e-001
  3.202771e+002  5.023685e-001
  3.222771e+002  5.004710e-001
  3.242771e+002  4.985683e-001
  3.262771e+002  4.966601e-001
  3.282771e+002  4.947465e-001
  3.302771e+002  4.928271e-001
  3.322771e+002  4.909019e-001
  3.342771e+002  4.889707e-001
  3.362771e+002  4.870333e-001
  3.382771e+002  4.850896e-001
  3.402771e+002  4.831394e-001
  3.422771e+002  4.811740e-001
  3.442771e+002  4.792059e-001
  3.462771e+002  4.772330e-001
  3.482771e+002  4.752539e-001
  3.502771e+002  4.732680e-001
  3.522771e+002  4.712748e-001
  3.542771e+002  4.692740e-001
  3.562771e+002  4.672651e-001
  3.582771e+002  4.652481e-001
  3.602771e+002  4.632226e-001
  3.622771e+002  4.611885e-001
  3.642771e+002  4.595042e-001
  3.662771e+002  4.576486e-001
  3.682771e+002  4.560213e-001
  3.702771e+002  4.541919e-001
  3.722771e+002  4.522438e-001
  3.742771e+002  4.502269e-001
  3.762771e+002  4.485030e-001
  3.782771e+002  4.466019e-001
  3.802771e+002  4.445974e-001
  3.822771e+002  4.425321e-001
  3.842771e+002  4.404292e-001
  3.862771e+002  4.383009e-001
  3.882771e+002  4.361536e-001
  3.902771e+002  4.339904e-001
  3.922771e+002  4.318128e-001
  3.942771e+002  4.296214e-001
  3.962771e+002  4.274163e-001
  3.982771e+002  4.251975e-001
  4.000000e+002  4.232737e-001
