HISTORY PLOT
job1

Curve 1
X : Time
Y : Displacement Y [Node 1]

       X              Y       
------------------------------
  0.000000e+000  0.000000e+000
  2.600000e-001 -3.662661e+000
  5.200000e-001 -4.310794e+000
  8.320000e-001 -4.873861e+000
  1.206400e+000 -5.256848e+000
  1.580800e+000 -5.521134e+000
  1.955200e+000 -6.249545e+000
  2.329600e+000 -6.736993e+000
  2.704000e+000 -7.127122e+000
  3.078400e+000 -7.506896e+000
  3.527680e+000 -7.909258e+000
  4.066816e+000 -8.315824e+000
  4.713779e+000 -8.719529e+000
  5.490135e+000 -9.023489e+000
  6.421762e+000 -9.305264e+000
  7.353389e+000 -9.561329e+000
  8.285016e+000 -9.830343e+000
  9.402968e+000 -1.014133e+001
  1.074451e+001 -1.040600e+001
  1.208605e+001 -1.068105e+001
  1.369591e+001 -1.099883e+001
  1.562773e+001 -1.135006e+001
  1.794591e+001 -1.172870e+001
  2.072774e+001 -1.207709e+001
  2.406593e+001 -1.240053e+001
  2.740411e+001 -1.268276e+001
  3.140994e+001 -1.304235e+001
  3.621693e+001 -1.346209e+001
  4.198532e+001 -1.380960e+001
  4.775371e+001 -1.418153e+001
  5.467577e+001 -1.461987e+001
  6.298225e+001 -1.511174e+001
  7.295003e+001 -1.551394e+001
  8.291781e+001 -1.589184e+001
  9.288558e+001 -1.622659e+001
  1.028534e+002 -1.659081e+001
  1.148147e+002 -1.702950e+001
  1.278147e+002 -1.739026e+001
  1.408147e+002 -1.777718e+001
  1.538147e+002 -1.816628e+001
  1.668147e+002 -1.854551e+001
  1.798147e+002 -1.883585e+001
  1.928147e+002 -1.910335e+001
  2.058147e+002 -1.936094e+001
  2.166480e+002 -1.956482e+001
  2.296480e+002 -1.983732e+001
  2.426480e+002 -2.012061e+001
  2.556480e+002 -2.040491e+001
  2.686480e+002 -2.068525e+001
  2.816480e+002 -2.095938e+001
  2.946480e+002 -2.117784e+001
  3.076480e+002 -2.138028e+001
  3.206480e+002 -2.160356e+001
  3.336480e+002 -2.183595e+001
  3.466480e+002 -2.207065e+001
  3.596480e+002 -2.230408e+001
  3.726480e+002 -2.250076e+001
  3.856480e+002 -2.268422e+001
  3.986480e+002 -2.288437e+001
  4.116480e+002 -2.306203e+001
  4.224814e+002 -2.322392e+001
  4.354814e+002 -2.342594e+001
  4.484814e+002 -2.363067e+001
  4.614814e+002 -2.383539e+001
  4.744814e+002 -2.403872e+001
  4.874814e+002 -2.424002e+001
  5.004814e+002 -2.443904e+001
  5.134814e+002 -2.463570e+001
  5.264814e+002 -2.483002e+001
  5.394814e+002 -2.502210e+001
  5.524814e+002 -2.521201e+001
  5.654814e+002 -2.539987e+001
  5.784814e+002 -2.554366e+001
  5.914814e+002 -2.570462e+001
  6.044814e+002 -2.587474e+001
  6.174814e+002 -2.604920e+001
  6.304814e+002 -2.622533e+001
  6.434814e+002 -2.640170e+001
  6.564814e+002 -2.657758e+001
  6.694814e+002 -2.671645e+001
  6.824814e+002 -2.687073e+001
  6.954814e+002 -2.703339e+001
  7.084814e+002 -2.717457e+001
  7.214814e+002 -2.732907e+001
  7.344814e+002 -2.749072e+001
  7.474814e+002 -2.765591e+001
  7.604814e+002 -2.778772e+001
  7.734814e+002 -2.793552e+001
  7.864814e+002 -2.809227e+001
  7.994814e+002 -2.825368e+001
  8.124814e+002 -2.841735e+001
  8.254814e+002 -2.858200e+001
  8.384814e+002 -2.874694e+001
  8.514814e+002 -2.891184e+001
  8.644814e+002 -2.907654e+001
  8.774814e+002 -2.924098e+001
  8.904814e+002 -2.940515e+001
  9.034814e+002 -2.956903e+001
  9.164814e+002 -2.973268e+001
  9.294814e+002 -2.989610e+001
  9.424814e+002 -3.005935e+001
  9.554814e+002 -3.022302e+001
  9.684814e+002 -3.034849e+001
  9.814814e+002 -3.049036e+001
  9.944814e+002 -3.064172e+001
  1.007481e+003 -3.079835e+001
  1.020481e+003 -3.095787e+001
  1.033481e+003 -3.111899e+001
  1.046481e+003 -3.128102e+001
  1.059481e+003 -3.140923e+001
  1.072481e+003 -3.155303e+001
  1.085481e+003 -3.170593e+001
  1.098481e+003 -3.186400e+001
  1.111481e+003 -3.199858e+001
  1.124481e+003 -3.214659e+001
  1.137481e+003 -3.230239e+001
  1.150481e+003 -3.246269e+001
  1.163481e+003 -3.262565e+001
  1.176481e+003 -3.279031e+001
  1.189481e+003 -3.295615e+001
  1.202481e+003 -3.312292e+001
  1.215481e+003 -3.329050e+001
  1.228481e+003 -3.345886e+001
  1.241481e+003 -3.362798e+001
  1.254481e+003 -3.379789e+001
  1.267481e+003 -3.396862e+001
  1.280481e+003 -3.414019e+001
  1.293481e+003 -3.431266e+001
  1.306481e+003 -3.448606e+001
  1.319481e+003 -3.466044e+001
  1.332481e+003 -3.483585e+001
  1.345481e+003 -3.501233e+001
  1.358481e+003 -3.518995e+001
  1.371481e+003 -3.536874e+001
  1.384481e+003 -3.554877e+001
  1.397481e+003 -3.573010e+001
  1.410481e+003 -3.587818e+001
  1.423481e+003 -3.603016e+001
  1.436481e+003 -3.619745e+001
  1.449481e+003 -3.637409e+001
  1.462481e+003 -3.655663e+001
  1.475481e+003 -3.674314e+001
  1.488481e+003 -3.693267e+001
  1.501481e+003 -3.712476e+001
  1.514481e+003 -3.728700e+001
  1.525315e+003 -3.743574e+001
  1.538315e+003 -3.762413e+001
  1.551315e+003 -3.781898e+001
  1.564315e+003 -3.801844e+001
  1.577315e+003 -3.822152e+001
  1.590315e+003 -3.842778e+001
  1.603315e+003 -3.859900e+001
  1.616315e+003 -3.878942e+001
  1.629315e+003 -3.899207e+001
  1.642315e+003 -3.920285e+001
  1.655315e+003 -3.941954e+001
  1.668315e+003 -3.964100e+001
  1.681315e+003 -3.986670e+001
  1.694315e+003 -4.009645e+001
  1.707315e+003 -4.033023e+001
  1.720315e+003 -4.056812e+001
  1.733315e+003 -4.081028e+001
  1.746315e+003 -4.105691e+001
  1.759315e+003 -4.130824e+001
  1.772315e+003 -4.156451e+001
  1.785315e+003 -4.182600e+001
  1.798315e+003 -4.209304e+001
  1.811315e+003 -4.236594e+001
  1.824315e+003 -4.264509e+001
  1.837315e+003 -4.293538e+001
  1.850315e+003 -4.323049e+001
  1.863315e+003 -4.353202e+001
  1.876315e+003 -4.384110e+001
  1.889315e+003 -4.411147e+001
  1.902315e+003 -4.441034e+001
  1.915315e+003 -4.473000e+001
  1.928315e+003 -4.506636e+001
  1.941315e+003 -4.541766e+001
  1.954315e+003 -4.578343e+001
  1.967315e+003 -4.616403e+001
  1.980315e+003 -4.649713e+001
  1.993315e+003 -4.687178e+001
  2.006315e+003 -4.727859e+001
  2.019315e+003 -4.771309e+001
  2.032315e+003 -4.817397e+001
  2.045315e+003 -4.866200e+001
  2.058315e+003 -4.917930e+001
  2.071315e+003 -4.972916e+001
  2.084315e+003 -5.031599e+001
  2.097315e+003 -5.094546e+001
  2.110315e+003 -5.162487e+001
  2.123315e+003 -5.236367e+001
  2.136315e+003 -5.317434e+001
  2.149315e+003 -5.407379e+001
  2.162315e+003 -5.508572e+001
  2.175315e+003 -5.629039e+001
  2.188315e+003 -5.773095e+001
  2.201315e+003 -5.957020e+001
  2.214315e+003 -6.265270e+001
  2.221985e+003 -6.576862e+001
  2.226646e+003 -6.921060e+001
  2.228535e+003 -7.175957e+001
  2.229694e+003 -7.451131e+001
  2.230184e+003 -7.654939e+001
  2.230515e+003 -7.894642e+001
  2.230690e+003 -8.205485e+001
  2.230748e+003 -8.453183e+001
  2.230773e+003 -8.631657e+001

Curve 2
X : Time
Y : Thickness of Element [Node 1]

       X              Y       
------------------------------
  0.000000e+000  9.300000e-001
  2.600000e-001  9.249837e-001
  5.200000e-001  9.226685e-001
  8.320000e-001  9.202957e-001
  1.206400e+000  9.184921e-001
  1.580800e+000  9.171602e-001
  1.955200e+000  9.130823e-001
  2.329600e+000  9.101214e-001
  2.704000e+000  9.075967e-001
  3.078400e+000  9.050288e-001
  3.527680e+000  9.021806e-001
  4.066816e+000  8.991618e-001
  4.713779e+000  8.960201e-001
  5.490135e+000  8.935563e-001
  6.421762e+000  8.911833e-001
  7.353389e+000  8.889639e-001
  8.285016e+000  8.865777e-001
  9.402968e+000  8.837487e-001
  1.074451e+001  8.812648e-001
  1.208605e+001  8.786257e-001
  1.369591e+001  8.755040e-001
  1.562773e+001  8.719629e-001
  1.794591e+001  8.680385e-001
  2.072774e+001  8.643289e-001
  2.406593e+001  8.607827e-001
  2.740411e+001  8.576238e-001
  3.140994e+001  8.535240e-001
  3.621693e+001  8.486298e-001
  4.198532e+001  8.444625e-001
  4.775371e+001  8.399126e-001
  5.467577e+001  8.344341e-001
  6.298225e+001  8.281389e-001
  7.295003e+001  8.228475e-001
  8.291781e+001  8.177727e-001
  9.288558e+001  8.132024e-001
  1.028534e+002  8.081623e-001
  1.148147e+002  8.019989e-001
  1.278147e+002  7.968331e-001
  1.408147e+002  7.912160e-001
  1.538147e+002  7.854875e-001
  1.668147e+002  7.798272e-001
  1.798147e+002  7.754314e-001
  1.928147e+002  7.713388e-001
  2.058147e+002  7.673641e-001
  2.166480e+002  7.641968e-001
  2.296480e+002  7.599368e-001
  2.426480e+002  7.554761e-001
  2.556480e+002  7.509653e-001
  2.686480e+002  7.464836e-001
  2.816480e+002  7.420687e-001
  2.946480e+002  7.385282e-001
  3.076480e+002  7.352210e-001
  3.206480e+002  7.315546e-001
  3.336480e+002  7.277183e-001
  3.466480e+002  7.238230e-001
  3.596480e+002  7.199285e-001
  3.726480e+002  7.166324e-001
  3.856480e+002  7.135413e-001
  3.986480e+002  7.101584e-001
  4.116480e+002  7.071429e-001
  4.224814e+002  7.043878e-001
  4.354814e+002  7.009396e-001
  4.484814e+002  6.974348e-001
  4.614814e+002  6.939192e-001
  4.744814e+002  6.904160e-001
  4.874814e+002  6.869365e-001
  5.004814e+002  6.834859e-001
  5.134814e+002  6.800658e-001
  5.264814e+002  6.766763e-001
  5.394814e+002  6.733165e-001
  5.524814e+002  6.699853e-001
  5.654814e+002  6.666813e-001
  5.784814e+002  6.641447e-001
  5.914814e+002  6.612994e-001
  6.044814e+002  6.582859e-001
  6.174814e+002  6.551890e-001
  6.304814e+002  6.520563e-001
  6.434814e+002  6.489130e-001
  6.564814e+002  6.457722e-001
  6.694814e+002  6.432875e-001
  6.824814e+002  6.405241e-001
  6.954814e+002  6.376075e-001
  7.084814e+002  6.350717e-001
  7.214814e+002  6.322943e-001
  7.344814e+002  6.293856e-001
  7.474814e+002  6.264100e-001
  7.604814e+002  6.240323e-001
  7.734814e+002  6.213638e-001
  7.864814e+002  6.185316e-001
  7.994814e+002  6.156128e-001
  8.124814e+002  6.126505e-001
  8.254814e+002  6.096683e-001
  8.384814e+002  6.066783e-001
  8.514814e+002  6.036866e-001
  8.644814e+002  6.006964e-001
  8.774814e+002  5.977089e-001
  8.904814e+002  5.947245e-001
  9.034814e+002  5.917432e-001
  9.164814e+002  5.887647e-001
  9.294814e+002  5.857886e-001
  9.424814e+002  5.828143e-001
  9.554814e+002  5.798294e-001
  9.684814e+002  5.775408e-001
  9.814814e+002  5.749520e-001
  9.944814e+002  5.721892e-001
  1.007481e+003  5.693296e-001
  1.020481e+003  5.664168e-001
  1.033481e+003  5.634745e-001
  1.046481e+003  5.605152e-001
  1.059481e+003  5.581735e-001
  1.072481e+003  5.555475e-001
  1.085481e+003  5.527564e-001
  1.098481e+003  5.498720e-001
  1.111481e+003  5.474158e-001
  1.124481e+003  5.447157e-001
  1.137481e+003  5.418746e-001
  1.150481e+003  5.389531e-001
  1.163481e+003  5.359849e-001
  1.176481e+003  5.329880e-001
  1.189481e+003  5.299714e-001
  1.202481e+003  5.269402e-001
  1.215481e+003  5.238963e-001
  1.228481e+003  5.208408e-001
  1.241481e+003  5.177738e-001
  1.254481e+003  5.146952e-001
  1.267481e+003  5.116046e-001
  1.280481e+003  5.085015e-001
  1.293481e+003  5.053853e-001
  1.306481e+003  5.022555e-001
  1.319481e+003  4.991113e-001
  1.332481e+003  4.959522e-001
  1.345481e+003  4.927775e-001
  1.358481e+003  4.895864e-001
  1.371481e+003  4.863782e-001
  1.384481e+003  4.831521e-001
  1.397481e+003  4.799074e-001
  1.410481e+003  4.772607e-001
  1.423481e+003  4.745464e-001
  1.436481e+003  4.715622e-001
  1.449481e+003  4.684158e-001
  1.462481e+003  4.651700e-001
  1.475481e+003  4.618593e-001
  1.488481e+003  4.585018e-001
  1.501481e+003  4.551069e-001
  1.514481e+003  4.522450e-001
  1.525315e+003  4.496257e-001
  1.538315e+003  4.463138e-001
  1.551315e+003  4.428965e-001
  1.564315e+003  4.394074e-001
  1.577315e+003  4.358642e-001
  1.590315e+003  4.322754e-001
  1.603315e+003  4.293037e-001
  1.616315e+003  4.260056e-001
  1.629315e+003  4.225051e-001
  1.642315e+003  4.188748e-001
  1.655315e+003  4.151545e-001
  1.668315e+003  4.113650e-001
  1.681315e+003  4.075162e-001
  1.694315e+003  4.036126e-001
  1.707315e+003  3.996553e-001
  1.720315e+003  3.956439e-001
  1.733315e+003  3.915769e-001
  1.746315e+003  3.874520e-001
  1.759315e+003  3.832667e-001
  1.772315e+003  3.790182e-001
  1.785315e+003  3.747032e-001
  1.798315e+003  3.703183e-001
  1.811315e+003  3.658596e-001
  1.824315e+003  3.613230e-001
  1.837315e+003  3.566305e-001
  1.850315e+003  3.518865e-001
  1.863315e+003  3.470685e-001
  1.876315e+003  3.421616e-001
  1.889315e+003  3.378979e-001
  1.902315e+003  3.332097e-001
  1.915315e+003  3.282289e-001
  1.928315e+003  3.230273e-001
  1.941315e+003  3.176394e-001
  1.954315e+003  3.120785e-001
  1.967315e+003  3.063459e-001
  1.980315e+003  3.013773e-001
  1.993315e+003  2.958320e-001
  2.006315e+003  2.898691e-001
  2.019315e+003  2.835716e-001
  2.032315e+003  2.769739e-001
  2.045315e+003  2.700817e-001
  2.058315e+003  2.628824e-001
  2.071315e+003  2.553508e-001
  2.084315e+003  2.474513e-001
  2.097315e+003  2.391375e-001
  2.110315e+003  2.303511e-001
  2.123315e+003  2.210182e-001
  2.136315e+003  2.110444e-001
  2.149315e+003  2.003066e-001
  2.162315e+003  1.886404e-001
  2.175315e+003  1.752550e-001
  2.188315e+003  1.598705e-001
  2.201315e+003  1.413741e-001
  2.214315e+003  1.129071e-001
  2.221985e+003  8.793149e-002
  2.226646e+003  6.435285e-002
  2.228535e+003  4.989056e-002
  2.229694e+003  3.644186e-002
  2.230184e+003  2.819228e-002
  2.230515e+003  1.996412e-002
  2.230690e+003  1.197433e-002
  2.230748e+003  8.135276e-003
  2.230773e+003  6.262681e-003
