HISTORY PLOT
job1

Curve 1
X : Time
Y : Displacement Y [Node 1]

       X              Y       
------------------------------
  0.000000e+000  0.000000e+000
  4.500000e-001 -3.195566e+000
  9.000000e-001 -3.775738e+000
  1.350000e+000 -4.094200e+000
  1.800000e+000 -4.399316e+000
  2.340000e+000 -4.647892e+000
  2.880000e+000 -5.274114e+000
  3.420000e+000 -5.811772e+000
  4.068000e+000 -6.166836e+000
  4.845600e+000 -6.520364e+000
  5.623200e+000 -6.859907e+000
  6.556320e+000 -7.136737e+000
  7.333920e+000 -7.371296e+000
  8.267040e+000 -7.634965e+000
  9.386784e+000 -7.918062e+000
  1.073048e+001 -8.215015e+000
  1.234291e+001 -8.523077e+000
  1.427783e+001 -8.841200e+000
  1.659973e+001 -9.089302e+000
  1.938601e+001 -9.354463e+000
  2.217229e+001 -9.588008e+000
  2.495857e+001 -9.831732e+000
  2.830211e+001 -1.011391e+001
  3.231435e+001 -1.034724e+001
  3.632660e+001 -1.059798e+001
  4.114129e+001 -1.089324e+001
  4.691893e+001 -1.122378e+001
  5.385209e+001 -1.158364e+001
  6.217188e+001 -1.196942e+001
  7.215562e+001 -1.228561e+001
  8.213938e+001 -1.257666e+001
  9.045917e+001 -1.279666e+001
  9.739233e+001 -1.299329e+001
  1.057121e+002 -1.322989e+001
  1.156959e+002 -1.350364e+001
  1.276764e+002 -1.375082e+001
  1.396569e+002 -1.401201e+001
  1.540335e+002 -1.432192e+001
  1.712854e+002 -1.467597e+001
  1.919877e+002 -1.507164e+001
  2.144877e+002 -1.537760e+001
  2.369877e+002 -1.566328e+001
  2.594877e+002 -1.597055e+001
  2.819877e+002 -1.627976e+001
  3.044877e+002 -1.658111e+001
  3.269877e+002 -1.687073e+001
  3.494877e+002 -1.714764e+001
  3.719877e+002 -1.735158e+001
  3.944877e+002 -1.757514e+001
  4.169877e+002 -1.780479e+001
  4.394877e+002 -1.803325e+001
  4.619877e+002 -1.825710e+001
  4.844877e+002 -1.847497e+001
  5.069877e+002 -1.868650e+001
  5.294877e+002 -1.884808e+001
  5.519877e+002 -1.900682e+001
  5.744877e+002 -1.916633e+001
  5.969877e+002 -1.933899e+001
  6.194877e+002 -1.951657e+001
  6.419877e+002 -1.966489e+001
  6.607377e+002 -1.979948e+001
  6.832377e+002 -1.996629e+001
  7.057377e+002 -2.013411e+001
  7.282377e+002 -2.030074e+001
  7.507377e+002 -2.046518e+001
  7.732377e+002 -2.062700e+001
  7.957377e+002 -2.078607e+001
  8.182377e+002 -2.094239e+001
  8.407377e+002 -2.109604e+001
  8.632377e+002 -2.121945e+001
  8.857377e+002 -2.133400e+001
  9.082377e+002 -2.146268e+001
  9.307377e+002 -2.159823e+001
  9.532377e+002 -2.173644e+001
  9.757377e+002 -2.187506e+001
  9.982377e+002 -2.201298e+001
  1.020738e+003 -2.214964e+001
  1.043238e+003 -2.228484e+001
  1.065738e+003 -2.241849e+001
  1.088238e+003 -2.255059e+001
  1.110738e+003 -2.268126e+001
  1.133238e+003 -2.281053e+001
  1.155738e+003 -2.293841e+001
  1.178238e+003 -2.306498e+001
  1.200738e+003 -2.319027e+001
  1.223238e+003 -2.331431e+001
  1.245738e+003 -2.343718e+001
  1.268238e+003 -2.355891e+001
  1.290738e+003 -2.367954e+001
  1.313238e+003 -2.379911e+001
  1.335738e+003 -2.391766e+001
  1.358238e+003 -2.403521e+001
  1.380738e+003 -2.415181e+001
  1.403238e+003 -2.426748e+001
  1.425738e+003 -2.438226e+001
  1.448238e+003 -2.449617e+001
  1.470738e+003 -2.460925e+001
  1.493238e+003 -2.472152e+001
  1.515738e+003 -2.483301e+001
  1.538238e+003 -2.494374e+001
  1.560738e+003 -2.505374e+001
  1.583238e+003 -2.516303e+001
  1.605738e+003 -2.527164e+001
  1.628238e+003 -2.537959e+001
  1.650738e+003 -2.548690e+001
  1.673238e+003 -2.557154e+001
  1.695738e+003 -2.566593e+001
  1.718238e+003 -2.576546e+001
  1.740738e+003 -2.586744e+001
  1.763238e+003 -2.597043e+001
  1.785738e+003 -2.607370e+001
  1.808238e+003 -2.617687e+001
  1.830738e+003 -2.627975e+001
  1.853238e+003 -2.638227e+001
  1.875738e+003 -2.648438e+001
  1.898238e+003 -2.658607e+001
  1.920738e+003 -2.668736e+001
  1.943238e+003 -2.677068e+001
  1.965738e+003 -2.686194e+001
  1.988238e+003 -2.695737e+001
  2.010738e+003 -2.705483e+001
  2.033238e+003 -2.715317e+001
  2.055738e+003 -2.725183e+001
  2.078238e+003 -2.735049e+001
  2.100738e+003 -2.744901e+001
  2.123238e+003 -2.754733e+001
  2.145738e+003 -2.764539e+001
  2.168238e+003 -2.774322e+001
  2.190738e+003 -2.784080e+001
  2.213238e+003 -2.793814e+001
  2.235738e+003 -2.803525e+001
  2.258238e+003 -2.813212e+001
  2.280738e+003 -2.822878e+001
  2.303238e+003 -2.832522e+001
  2.325738e+003 -2.842146e+001
  2.348238e+003 -2.851751e+001
  2.370738e+003 -2.861337e+001
  2.393238e+003 -2.870905e+001
  2.415738e+003 -2.880456e+001
  2.438238e+003 -2.889990e+001
  2.460738e+003 -2.899510e+001
  2.483238e+003 -2.909015e+001
  2.505738e+003 -2.918505e+001
  2.528238e+003 -2.927983e+001
  2.550738e+003 -2.937449e+001
  2.573238e+003 -2.946902e+001
  2.595738e+003 -2.956345e+001
  2.618238e+003 -2.965778e+001
  2.640738e+003 -2.975201e+001
  2.663238e+003 -2.984616e+001
  2.685738e+003 -2.994023e+001
  2.708238e+003 -3.003422e+001
  2.730738e+003 -3.012815e+001
  2.753238e+003 -3.022221e+001
  2.775738e+003 -3.031612e+001
  2.798238e+003 -3.040994e+001
  2.820738e+003 -3.050371e+001
  2.843238e+003 -3.059743e+001
  2.865738e+003 -3.069112e+001
  2.888238e+003 -3.078480e+001
  2.910738e+003 -3.087848e+001
  2.933238e+003 -3.097215e+001
  2.955738e+003 -3.106582e+001
  2.978238e+003 -3.115952e+001
  3.000738e+003 -3.125324e+001
  3.023238e+003 -3.134698e+001
  3.045738e+003 -3.142196e+001
  3.068238e+003 -3.150571e+001
  3.090738e+003 -3.159434e+001
  3.113238e+003 -3.168559e+001
  3.135738e+003 -3.177824e+001
  3.158238e+003 -3.187166e+001
  3.180738e+003 -3.196552e+001
  3.203238e+003 -3.205965e+001
  3.225738e+003 -3.215399e+001
  3.248238e+003 -3.224848e+001
  3.270738e+003 -3.234311e+001
  3.293238e+003 -3.243788e+001
  3.315738e+003 -3.253278e+001
  3.338238e+003 -3.262783e+001
  3.360738e+003 -3.270520e+001
  3.379488e+003 -3.277671e+001
  3.401988e+003 -3.286718e+001
  3.424488e+003 -3.296021e+001
  3.446988e+003 -3.305464e+001
  3.469488e+003 -3.314989e+001
  3.491988e+003 -3.324565e+001
  3.514488e+003 -3.334176e+001
  3.536988e+003 -3.343816e+001
  3.559488e+003 -3.353482e+001
  3.581988e+003 -3.363171e+001
  3.604488e+003 -3.372882e+001
  3.626988e+003 -3.382618e+001
  3.649488e+003 -3.392378e+001
  3.671988e+003 -3.402162e+001
  3.694488e+003 -3.411972e+001
  3.716988e+003 -3.421807e+001
  3.739488e+003 -3.431669e+001
  3.761988e+003 -3.441559e+001
  3.784488e+003 -3.451477e+001
  3.806988e+003 -3.461424e+001
  3.829488e+003 -3.471402e+001
  3.851988e+003 -3.481410e+001
  3.874488e+003 -3.491449e+001
  3.896988e+003 -3.501522e+001
  3.919488e+003 -3.511628e+001
  3.941988e+003 -3.521768e+001
  3.964488e+003 -3.531944e+001
  3.986988e+003 -3.542155e+001
  4.009488e+003 -3.552405e+001
  4.031988e+003 -3.562692e+001
  4.054488e+003 -3.573019e+001
  4.076988e+003 -3.583426e+001
  4.099488e+003 -3.593855e+001
  4.121988e+003 -3.604315e+001
  4.144488e+003 -3.614814e+001
  4.166988e+003 -3.625356e+001
  4.189488e+003 -3.635942e+001
  4.211988e+003 -3.646575e+001
  4.234488e+003 -3.657257e+001
  4.256988e+003 -3.667987e+001
  4.279488e+003 -3.678770e+001
  4.301988e+003 -3.689604e+001
  4.324488e+003 -3.698734e+001
  4.346988e+003 -3.708735e+001
  4.369488e+003 -3.719236e+001
  4.391988e+003 -3.730029e+001
  4.414488e+003 -3.741003e+001
  4.436988e+003 -3.752101e+001
  4.459488e+003 -3.763295e+001
  4.481988e+003 -3.774570e+001
  4.500000e+003 -3.783661e+001

Curve 2
X : Time
Y : Thickness of Element [Node 1]

       X              Y       
------------------------------
  0.000000e+000  9.300000e-001
  4.500000e-001  9.260134e-001
  9.000000e-001  9.241783e-001
  1.350000e+000  9.230213e-001
  1.800000e+000  9.218279e-001
  2.340000e+000  9.207866e-001
  2.880000e+000  9.178579e-001
  3.420000e+000  9.151409e-001
  4.068000e+000  9.131922e-001
  4.845600e+000  9.111194e-001
  5.623200e+000  9.090358e-001
  6.556320e+000  9.072481e-001
  7.333920e+000  9.056829e-001
  8.267040e+000  9.038678e-001
  9.386784e+000  9.018526e-001
  1.073048e+001  8.996640e-001
  1.234291e+001  8.973120e-001
  1.427783e+001  8.947962e-001
  1.659973e+001  8.927634e-001
  1.938601e+001  8.905290e-001
  2.217229e+001  8.885117e-001
  2.495857e+001  8.863624e-001
  2.830211e+001  8.838168e-001
  3.231435e+001  8.816552e-001
  3.632660e+001  8.792847e-001
  4.114129e+001  8.764305e-001
  4.691893e+001  8.731548e-001
  5.385209e+001  8.694920e-001
  6.217188e+001  8.654541e-001
  7.215562e+001  8.620417e-001
  8.213938e+001  8.588312e-001
  9.045917e+001  8.563632e-001
  9.739233e+001  8.541287e-001
  1.057121e+002  8.514043e-001
  1.156959e+002  8.482043e-001
  1.276764e+002  8.452609e-001
  1.396569e+002  8.421065e-001
  1.540335e+002  8.383049e-001
  1.712854e+002  8.338843e-001
  1.919877e+002  8.288475e-001
  2.144877e+002  8.248764e-001
  2.369877e+002  8.211070e-001
  2.594877e+002  8.170030e-001
  2.819877e+002  8.128201e-001
  3.044877e+002  8.086898e-001
  3.269877e+002  8.046693e-001
  3.494877e+002  8.007781e-001
  3.719877e+002  7.978786e-001
  3.944877e+002  7.946720e-001
  4.169877e+002  7.913484e-001
  4.394877e+002  7.880124e-001
  4.619877e+002  7.847153e-001
  4.844877e+002  7.814797e-001
  5.069877e+002  7.783136e-001
  5.294877e+002  7.758778e-001
  5.519877e+002  7.734714e-001
  5.744877e+002  7.710407e-001
  5.969877e+002  7.683980e-001
  6.194877e+002  7.656662e-001
  6.419877e+002  7.633719e-001
  6.607377e+002  7.612818e-001
  6.832377e+002  7.586800e-001
  7.057377e+002  7.560509e-001
  7.282377e+002  7.534282e-001
  7.507377e+002  7.508281e-001
  7.732377e+002  7.482581e-001
  7.957377e+002  7.457207e-001
  8.182377e+002  7.432165e-001
  8.407377e+002  7.407450e-001
  8.632377e+002  7.387520e-001
  8.857377e+002  7.368965e-001
  9.082377e+002  7.348053e-001
  9.307377e+002  7.325950e-001
  9.532377e+002  7.303340e-001
  9.757377e+002  7.280586e-001
  9.982377e+002  7.257876e-001
  1.020738e+003  7.235298e-001
  1.043238e+003  7.212894e-001
  1.065738e+003  7.190681e-001
  1.088238e+003  7.168661e-001
  1.110738e+003  7.146835e-001
  1.133238e+003  7.125195e-001
  1.155738e+003  7.103738e-001
  1.178238e+003  7.082455e-001
  1.200738e+003  7.061340e-001
  1.223238e+003  7.040388e-001
  1.245738e+003  7.019592e-001
  1.268238e+003  6.998946e-001
  1.290738e+003  6.978444e-001
  1.313238e+003  6.958083e-001
  1.335738e+003  6.937856e-001
  1.358238e+003  6.917759e-001
  1.380738e+003  6.897787e-001
  1.403238e+003  6.877937e-001
  1.425738e+003  6.858203e-001
  1.448238e+003  6.838583e-001
  1.470738e+003  6.819073e-001
  1.493238e+003  6.799669e-001
  1.515738e+003  6.780367e-001
  1.538238e+003  6.761164e-001
  1.560738e+003  6.742057e-001
  1.583238e+003  6.723044e-001
  1.605738e+003  6.704120e-001
  1.628238e+003  6.685283e-001
  1.650738e+003  6.666530e-001
  1.673238e+003  6.651723e-001
  1.695738e+003  6.635186e-001
  1.718238e+003  6.617728e-001
  1.740738e+003  6.599815e-001
  1.763238e+003  6.581701e-001
  1.785738e+003  6.563516e-001
  1.808238e+003  6.545326e-001
  1.830738e+003  6.527165e-001
  1.853238e+003  6.509047e-001
  1.875738e+003  6.490981e-001
  1.898238e+003  6.472968e-001
  1.920738e+003  6.455008e-001
  1.943238e+003  6.440227e-001
  1.965738e+003  6.424024e-001
  1.988238e+003  6.407070e-001
  2.010738e+003  6.389744e-001
  2.033238e+003  6.372247e-001
  2.055738e+003  6.354684e-001
  2.078238e+003  6.337108e-001
  2.100738e+003  6.319544e-001
  2.123238e+003  6.302006e-001
  2.145738e+003  6.284499e-001
  2.168238e+003  6.267026e-001
  2.190738e+003  6.249586e-001
  2.213238e+003  6.232179e-001
  2.235738e+003  6.214804e-001
  2.258238e+003  6.197459e-001
  2.280738e+003  6.180145e-001
  2.303238e+003  6.162859e-001
  2.325738e+003  6.145600e-001
  2.348238e+003  6.128367e-001
  2.370738e+003  6.111159e-001
  2.393238e+003  6.093974e-001
  2.415738e+003  6.076812e-001
  2.438238e+003  6.059671e-001
  2.460738e+003  6.042550e-001
  2.483238e+003  6.025448e-001
  2.505738e+003  6.008363e-001
  2.528238e+003  5.991296e-001
  2.550738e+003  5.974244e-001
  2.573238e+003  5.957206e-001
  2.595738e+003  5.940182e-001
  2.618238e+003  5.923171e-001
  2.640738e+003  5.906170e-001
  2.663238e+003  5.889181e-001
  2.685738e+003  5.872200e-001
  2.708238e+003  5.855227e-001
  2.730738e+003  5.838262e-001
  2.753238e+003  5.821265e-001
  2.775738e+003  5.804292e-001
  2.798238e+003  5.787333e-001
  2.820738e+003  5.770383e-001
  2.843238e+003  5.753436e-001
  2.865738e+003  5.736493e-001
  2.888238e+003  5.719549e-001
  2.910738e+003  5.702605e-001
  2.933238e+003  5.685660e-001
  2.955738e+003  5.668711e-001
  2.978238e+003  5.651758e-001
  3.000738e+003  5.634800e-001
  3.023238e+003  5.617836e-001
  3.045738e+003  5.604273e-001
  3.068238e+003  5.589125e-001
  3.090738e+003  5.573096e-001
  3.113238e+003  5.556596e-001
  3.135738e+003  5.539845e-001
  3.158238e+003  5.522960e-001
  3.180738e+003  5.505998e-001
  3.203238e+003  5.488991e-001
  3.225738e+003  5.471953e-001
  3.248238e+003  5.454891e-001
  3.270738e+003  5.437808e-001
  3.293238e+003  5.420704e-001
  3.315738e+003  5.403580e-001
  3.338238e+003  5.386436e-001
  3.360738e+003  5.372490e-001
  3.379488e+003  5.359600e-001
  3.401988e+003  5.343293e-001
  3.424488e+003  5.326532e-001
  3.446988e+003  5.309523e-001
  3.469488e+003  5.292375e-001
  3.491988e+003  5.275141e-001
  3.514488e+003  5.257851e-001
  3.536988e+003  5.240516e-001
  3.559488e+003  5.223144e-001
  3.581988e+003  5.205737e-001
  3.604488e+003  5.188297e-001
  3.626988e+003  5.170822e-001
  3.649488e+003  5.153314e-001
  3.671988e+003  5.135770e-001
  3.694488e+003  5.118191e-001
  3.716988e+003  5.100574e-001
  3.739488e+003  5.082919e-001
  3.761988e+003  5.065225e-001
  3.784488e+003  5.047490e-001
  3.806988e+003  5.029714e-001
  3.829488e+003  5.011896e-001
  3.851988e+003  4.994034e-001
  3.874488e+003  4.976127e-001
  3.896988e+003  4.958173e-001
  3.919488e+003  4.940173e-001
  3.941988e+003  4.922124e-001
  3.964488e+003  4.904024e-001
  3.986988e+003  4.885874e-001
  4.009488e+003  4.867671e-001
  4.031988e+003  4.849415e-001
  4.054488e+003  4.831103e-001
  4.076988e+003  4.812661e-001
  4.099488e+003  4.794198e-001
  4.121988e+003  4.775695e-001
  4.144488e+003  4.757139e-001
  4.166988e+003  4.738527e-001
  4.189488e+003  4.719852e-001
  4.211988e+003  4.701114e-001
  4.234488e+003  4.682308e-001
  4.256988e+003  4.663434e-001
  4.279488e+003  4.644490e-001
  4.301988e+003  4.625473e-001
  4.324488e+003  4.609468e-001
  4.346988e+003  4.591953e-001
  4.369488e+003  4.573583e-001
  4.391988e+003  4.554724e-001
  4.414488e+003  4.535574e-001
  4.436988e+003  4.516232e-001
  4.459488e+003  4.496749e-001
  4.481988e+003  4.477152e-001
  4.500000e+003  4.461375e-001
