HISTORY PLOT
job1

Curve 1
X : Time
Y : Displacement Y [Node 1]

       X              Y       
------------------------------
  0.000000e+000  0.000000e+000
  2.600000e-001 -3.284531e+000
  5.200000e-001 -3.902516e+000
  7.800000e-001 -4.240122e+000
  9.966667e-001 -4.518321e+000
  1.256667e+000 -4.758342e+000
  1.516667e+000 -5.247816e+000
  1.828667e+000 -5.777521e+000
  2.203067e+000 -6.127657e+000
  2.652347e+000 -6.481896e+000
  3.101627e+000 -6.824358e+000
  3.640763e+000 -7.093728e+000
  4.179899e+000 -7.370611e+000
  4.826862e+000 -7.679103e+000
  5.603218e+000 -8.005152e+000
  6.534845e+000 -8.341409e+000
  7.652797e+000 -8.684834e+000
  8.994340e+000 -9.034859e+000
  1.060419e+001 -9.295918e+000
  1.221404e+001 -9.524328e+000
  1.382389e+001 -9.767757e+000
  1.575572e+001 -1.005220e+001
  1.807390e+001 -1.029873e+001
  2.039209e+001 -1.055739e+001
  2.317391e+001 -1.085797e+001
  2.651210e+001 -1.119194e+001
  3.051793e+001 -1.155393e+001
  3.532492e+001 -1.194097e+001
  4.109330e+001 -1.224709e+001
  4.686169e+001 -1.253857e+001
  5.263008e+001 -1.280195e+001
  5.839847e+001 -1.307995e+001
  6.532054e+001 -1.340757e+001
  7.362702e+001 -1.369615e+001
  8.359480e+001 -1.406313e+001
  9.555612e+001 -1.449252e+001
  1.085561e+002 -1.492981e+001
  1.215561e+002 -1.533445e+001
  1.345561e+002 -1.562130e+001
  1.475561e+002 -1.592942e+001
  1.605561e+002 -1.618590e+001
  1.713895e+002 -1.641707e+001
  1.843895e+002 -1.669806e+001
  1.973895e+002 -1.697370e+001
  2.103895e+002 -1.724028e+001
  2.233895e+002 -1.744553e+001
  2.363895e+002 -1.766692e+001
  2.493895e+002 -1.789267e+001
  2.623895e+002 -1.811658e+001
  2.753895e+002 -1.833576e+001
  2.883895e+002 -1.854912e+001
  3.013895e+002 -1.875639e+001
  3.143895e+002 -1.891701e+001
  3.273895e+002 -1.909243e+001
  3.403895e+002 -1.924431e+001
  3.533895e+002 -1.941116e+001
  3.663895e+002 -1.955902e+001
  3.793895e+002 -1.972036e+001
  3.923895e+002 -1.988719e+001
  4.053895e+002 -2.005511e+001
  4.183895e+002 -2.022188e+001
  4.313895e+002 -2.038645e+001
  4.443895e+002 -2.054837e+001
  4.573895e+002 -2.070751e+001
  4.703895e+002 -2.086387e+001
  4.833895e+002 -2.101753e+001
  4.963895e+002 -2.116859e+001
  5.093895e+002 -2.128326e+001
  5.223895e+002 -2.141180e+001
  5.353895e+002 -2.154705e+001
  5.483895e+002 -2.168486e+001
  5.613895e+002 -2.182302e+001
  5.743895e+002 -2.196045e+001
  5.873895e+002 -2.209662e+001
  6.003895e+002 -2.223130e+001
  6.133895e+002 -2.236443e+001
  6.263895e+002 -2.249599e+001
  6.393895e+002 -2.260136e+001
  6.523895e+002 -2.271714e+001
  6.653895e+002 -2.283801e+001
  6.783895e+002 -2.296091e+001
  6.913895e+002 -2.308428e+001
  7.043895e+002 -2.320728e+001
  7.173895e+002 -2.332952e+001
  7.303895e+002 -2.345085e+001
  7.433895e+002 -2.357118e+001
  7.563895e+002 -2.369050e+001
  7.693895e+002 -2.380881e+001
  7.823895e+002 -2.392614e+001
  7.953895e+002 -2.404251e+001
  8.083895e+002 -2.415794e+001
  8.213895e+002 -2.427248e+001
  8.343895e+002 -2.438614e+001
  8.473895e+002 -2.449896e+001
  8.603895e+002 -2.461096e+001
  8.733895e+002 -2.472217e+001
  8.863895e+002 -2.483262e+001
  8.993895e+002 -2.494232e+001
  9.123895e+002 -2.505131e+001
  9.253895e+002 -2.515960e+001
  9.383895e+002 -2.526722e+001
  9.513895e+002 -2.537420e+001
  9.643895e+002 -2.548060e+001
  9.773895e+002 -2.556808e+001
  9.903895e+002 -2.566364e+001
  1.003389e+003 -2.576332e+001
  1.016389e+003 -2.586492e+001
  1.029389e+003 -2.596725e+001
  1.042389e+003 -2.606972e+001
  1.055389e+003 -2.617202e+001
  1.068389e+003 -2.627400e+001
  1.081389e+003 -2.637561e+001
  1.094389e+003 -2.647680e+001
  1.107389e+003 -2.657759e+001
  1.120389e+003 -2.667797e+001
  1.133389e+003 -2.675881e+001
  1.146389e+003 -2.684829e+001
  1.159389e+003 -2.694389e+001
  1.172389e+003 -2.704160e+001
  1.185389e+003 -2.713964e+001
  1.198389e+003 -2.721682e+001
  1.211389e+003 -2.730356e+001
  1.224389e+003 -2.739547e+001
  1.237389e+003 -2.749000e+001
  1.250389e+003 -2.758575e+001
  1.263389e+003 -2.768200e+001
  1.276389e+003 -2.777840e+001
  1.289389e+003 -2.787476e+001
  1.302389e+003 -2.797098e+001
  1.315389e+003 -2.806702e+001
  1.328389e+003 -2.816287e+001
  1.341389e+003 -2.825852e+001
  1.354389e+003 -2.835397e+001
  1.367389e+003 -2.844924e+001
  1.380389e+003 -2.854431e+001
  1.393389e+003 -2.863921e+001
  1.406389e+003 -2.873394e+001
  1.419389e+003 -2.882850e+001
  1.432389e+003 -2.892291e+001
  1.445389e+003 -2.901717e+001
  1.458389e+003 -2.911129e+001
  1.471389e+003 -2.920528e+001
  1.484389e+003 -2.929914e+001
  1.497389e+003 -2.939288e+001
  1.510389e+003 -2.948651e+001
  1.523389e+003 -2.958004e+001
  1.536389e+003 -2.967346e+001
  1.549389e+003 -2.976680e+001
  1.562389e+003 -2.986006e+001
  1.575389e+003 -2.995324e+001
  1.588389e+003 -3.004634e+001
  1.601389e+003 -3.013939e+001
  1.614389e+003 -3.023257e+001
  1.627389e+003 -3.032560e+001
  1.640389e+003 -3.041854e+001
  1.653389e+003 -3.051143e+001
  1.666389e+003 -3.060428e+001
  1.679389e+003 -3.069711e+001
  1.692389e+003 -3.078991e+001
  1.705389e+003 -3.088272e+001
  1.718389e+003 -3.097552e+001
  1.731389e+003 -3.106833e+001
  1.744389e+003 -3.116116e+001
  1.757389e+003 -3.125401e+001
  1.770389e+003 -3.134689e+001
  1.783389e+003 -3.142394e+001
  1.796389e+003 -3.150848e+001
  1.809389e+003 -3.159712e+001
  1.822389e+003 -3.168797e+001
  1.835389e+003 -3.177999e+001
  1.848389e+003 -3.187265e+001
  1.861389e+003 -3.196570e+001
  1.874389e+003 -3.205900e+001
  1.887389e+003 -3.215248e+001
  1.900389e+003 -3.224610e+001
  1.913389e+003 -3.233986e+001
  1.926389e+003 -3.243375e+001
  1.939389e+003 -3.252777e+001
  1.952389e+003 -3.262193e+001
  1.965389e+003 -3.271646e+001
  1.978389e+003 -3.281104e+001
  1.991389e+003 -3.290571e+001
  2.004389e+003 -3.300051e+001
  2.017389e+003 -3.309548e+001
  2.030389e+003 -3.319061e+001
  2.043389e+003 -3.328593e+001
  2.056389e+003 -3.338143e+001
  2.069389e+003 -3.347713e+001
  2.082389e+003 -3.357304e+001
  2.095389e+003 -3.366916e+001
  2.108389e+003 -3.376550e+001
  2.121389e+003 -3.386207e+001
  2.134389e+003 -3.395887e+001
  2.147389e+003 -3.405592e+001
  2.160389e+003 -3.415321e+001
  2.173389e+003 -3.425076e+001
  2.186389e+003 -3.434857e+001
  2.199389e+003 -3.444666e+001
  2.212389e+003 -3.454502e+001
  2.225389e+003 -3.464368e+001
  2.238389e+003 -3.474263e+001
  2.251389e+003 -3.484188e+001
  2.264389e+003 -3.494145e+001
  2.277389e+003 -3.504134e+001
  2.290389e+003 -3.514156e+001
  2.303389e+003 -3.524212e+001
  2.316389e+003 -3.534303e+001
  2.329389e+003 -3.544430e+001
  2.342389e+003 -3.554594e+001
  2.355389e+003 -3.564795e+001
  2.368389e+003 -3.575035e+001
  2.381389e+003 -3.585316e+001
  2.394389e+003 -3.595637e+001
  2.407389e+003 -3.606001e+001
  2.420389e+003 -3.616407e+001
  2.433389e+003 -3.626858e+001
  2.446389e+003 -3.637354e+001
  2.459389e+003 -3.647897e+001
  2.472389e+003 -3.658487e+001
  2.485389e+003 -3.669126e+001
  2.498389e+003 -3.679816e+001
  2.511389e+003 -3.690557e+001
  2.524389e+003 -3.701353e+001
  2.537389e+003 -3.712206e+001
  2.550389e+003 -3.720879e+001
  2.563389e+003 -3.730631e+001
  2.576389e+003 -3.741008e+001
  2.589389e+003 -3.751745e+001
  2.600000e+003 -3.760690e+001

Curve 2
X : Time
Y : Thickness of Element [Node 1]

       X              Y       
------------------------------
  0.000000e+000  9.300000e-001
  2.600000e-001  9.258374e-001
  5.200000e-001  9.238153e-001
  7.800000e-001  9.225424e-001
  9.966667e-001  9.214176e-001
  1.256667e+000  9.203854e-001
  1.516667e+000  9.180748e-001
  1.828667e+000  9.154120e-001
  2.203067e+000  9.135167e-001
  2.652347e+000  9.114570e-001
  3.101627e+000  9.093695e-001
  3.640763e+000  9.076420e-001
  4.179899e+000  9.058032e-001
  4.826862e+000  9.036786e-001
  5.603218e+000  9.013445e-001
  6.534845e+000  8.988403e-001
  7.652797e+000  8.961805e-001
  8.994340e+000  8.933640e-001
  1.060419e+001  8.911826e-001
  1.221404e+001  8.892249e-001
  1.382389e+001  8.870940e-001
  1.575572e+001  8.845454e-001
  1.807390e+001  8.822738e-001
  2.039209e+001  8.798396e-001
  2.317391e+001  8.769454e-001
  2.651210e+001  8.736470e-001
  3.051793e+001  8.699735e-001
  3.532492e+001  8.659333e-001
  4.109330e+001  8.626412e-001
  4.686169e+001  8.594359e-001
  5.263008e+001  8.564846e-001
  5.839847e+001  8.533199e-001
  6.532054e+001  8.495241e-001
  7.362702e+001  8.461133e-001
  8.359480e+001  8.416958e-001
  9.555612e+001  8.364147e-001
  1.085561e+002  8.309107e-001
  1.215561e+002  8.257040e-001
  1.345561e+002  8.219347e-001
  1.475561e+002  8.178332e-001
  1.605561e+002  8.143672e-001
  1.713895e+002  8.112108e-001
  1.843895e+002  8.073326e-001
  1.973895e+002  8.034845e-001
  2.103895e+002  7.997207e-001
  2.233895e+002  7.967879e-001
  2.363895e+002  7.935981e-001
  2.493895e+002  7.903177e-001
  2.623895e+002  7.870365e-001
  2.753895e+002  7.837977e-001
  2.883895e+002  7.806201e-001
  3.013895e+002  7.775097e-001
  3.143895e+002  7.750831e-001
  3.273895e+002  7.724195e-001
  3.403895e+002  7.701007e-001
  3.533895e+002  7.675416e-001
  3.663895e+002  7.652627e-001
  3.793895e+002  7.627656e-001
  3.923895e+002  7.601715e-001
  4.053895e+002  7.575481e-001
  4.183895e+002  7.549303e-001
  4.313895e+002  7.523350e-001
  4.443895e+002  7.497697e-001
  4.573895e+002  7.472374e-001
  4.703895e+002  7.447385e-001
  4.833895e+002  7.422726e-001
  4.963895e+002  7.398385e-001
  5.093895e+002  7.379843e-001
  5.223895e+002  7.358987e-001
  5.353895e+002  7.336969e-001
  5.483895e+002  7.314458e-001
  5.613895e+002  7.291813e-001
  5.743895e+002  7.269215e-001
  5.873895e+002  7.246752e-001
  6.003895e+002  7.224465e-001
  6.133895e+002  7.202368e-001
  6.263895e+002  7.180467e-001
  6.393895e+002  7.162883e-001
  6.523895e+002  7.143523e-001
  6.653895e+002  7.123273e-001
  6.783895e+002  7.102637e-001
  6.913895e+002  7.081882e-001
  7.043895e+002  7.061142e-001
  7.173895e+002  7.040486e-001
  7.303895e+002  7.019943e-001
  7.433895e+002  6.999528e-001
  7.563895e+002  6.979245e-001
  7.693895e+002  6.959092e-001
  7.823895e+002  6.939069e-001
  7.953895e+002  6.919171e-001
  8.083895e+002  6.899395e-001
  8.213895e+002  6.879737e-001
  8.343895e+002  6.860193e-001
  8.473895e+002  6.840761e-001
  8.603895e+002  6.821435e-001
  8.733895e+002  6.802214e-001
  8.863895e+002  6.783092e-001
  8.993895e+002  6.764068e-001
  9.123895e+002  6.745139e-001
  9.253895e+002  6.726300e-001
  9.383895e+002  6.707549e-001
  9.513895e+002  6.688884e-001
  9.643895e+002  6.670284e-001
  9.773895e+002  6.654974e-001
  9.903895e+002  6.638232e-001
  1.003389e+003  6.620743e-001
  1.016389e+003  6.602897e-001
  1.029389e+003  6.584899e-001
  1.042389e+003  6.566856e-001
  1.055389e+003  6.548820e-001
  1.068389e+003  6.530818e-001
  1.081389e+003  6.512863e-001
  1.094389e+003  6.494959e-001
  1.107389e+003  6.477109e-001
  1.120389e+003  6.459312e-001
  1.133389e+003  6.444971e-001
  1.146389e+003  6.429086e-001
  1.159389e+003  6.412088e-001
  1.172389e+003  6.394695e-001
  1.185389e+003  6.377242e-001
  1.198389e+003  6.363504e-001
  1.211389e+003  6.348054e-001
  1.224389e+003  6.331672e-001
  1.237389e+003  6.314813e-001
  1.250389e+003  6.297723e-001
  1.263389e+003  6.280533e-001
  1.276389e+003  6.263308e-001
  1.289389e+003  6.246081e-001
  1.302389e+003  6.228868e-001
  1.315389e+003  6.211678e-001
  1.328389e+003  6.194512e-001
  1.341389e+003  6.177373e-001
  1.354389e+003  6.160260e-001
  1.367389e+003  6.143173e-001
  1.380389e+003  6.126110e-001
  1.393389e+003  6.109071e-001
  1.406389e+003  6.092054e-001
  1.419389e+003  6.075058e-001
  1.432389e+003  6.058084e-001
  1.445389e+003  6.041128e-001
  1.458389e+003  6.024190e-001
  1.471389e+003  6.007270e-001
  1.484389e+003  5.990366e-001
  1.497389e+003  5.973476e-001
  1.510389e+003  5.956601e-001
  1.523389e+003  5.939738e-001
  1.536389e+003  5.922888e-001
  1.549389e+003  5.906048e-001
  1.562389e+003  5.889218e-001
  1.575389e+003  5.872398e-001
  1.588389e+003  5.855584e-001
  1.601389e+003  5.838778e-001
  1.614389e+003  5.821940e-001
  1.627389e+003  5.805127e-001
  1.640389e+003  5.788326e-001
  1.653389e+003  5.771534e-001
  1.666389e+003  5.754745e-001
  1.679389e+003  5.737960e-001
  1.692389e+003  5.721174e-001
  1.705389e+003  5.704388e-001
  1.718389e+003  5.687599e-001
  1.731389e+003  5.670808e-001
  1.744389e+003  5.654013e-001
  1.757389e+003  5.637213e-001
  1.770389e+003  5.620406e-001
  1.783389e+003  5.606466e-001
  1.796389e+003  5.591174e-001
  1.809389e+003  5.575143e-001
  1.822389e+003  5.558717e-001
  1.835389e+003  5.542081e-001
  1.848389e+003  5.525332e-001
  1.861389e+003  5.508518e-001
  1.874389e+003  5.491664e-001
  1.887389e+003  5.474782e-001
  1.900389e+003  5.457877e-001
  1.913389e+003  5.440952e-001
  1.926389e+003  5.424008e-001
  1.939389e+003  5.407045e-001
  1.952389e+003  5.390061e-001
  1.965389e+003  5.373007e-001
  1.978389e+003  5.355956e-001
  1.991389e+003  5.338896e-001
  2.004389e+003  5.321819e-001
  2.017389e+003  5.304720e-001
  2.030389e+003  5.287598e-001
  2.043389e+003  5.270450e-001
  2.056389e+003  5.253275e-001
  2.069389e+003  5.236072e-001
  2.082389e+003  5.218839e-001
  2.095389e+003  5.201576e-001
  2.108389e+003  5.184282e-001
  2.121389e+003  5.166955e-001
  2.134389e+003  5.149595e-001
  2.147389e+003  5.132200e-001
  2.160389e+003  5.114770e-001
  2.173389e+003  5.097303e-001
  2.186389e+003  5.079798e-001
  2.199389e+003  5.062255e-001
  2.212389e+003  5.044672e-001
  2.225389e+003  5.027048e-001
  2.238389e+003  5.009382e-001
  2.251389e+003  4.991672e-001
  2.264389e+003  4.973919e-001
  2.277389e+003  4.956119e-001
  2.290389e+003  4.938273e-001
  2.303389e+003  4.920379e-001
  2.316389e+003  4.902436e-001
  2.329389e+003  4.884443e-001
  2.342389e+003  4.866397e-001
  2.355389e+003  4.848298e-001
  2.368389e+003  4.830145e-001
  2.381389e+003  4.811937e-001
  2.394389e+003  4.793671e-001
  2.407389e+003  4.775346e-001
  2.420389e+003  4.756962e-001
  2.433389e+003  4.738516e-001
  2.446389e+003  4.720007e-001
  2.459389e+003  4.701433e-001
  2.472389e+003  4.682794e-001
  2.485389e+003  4.664086e-001
  2.498389e+003  4.645310e-001
  2.511389e+003  4.626462e-001
  2.524389e+003  4.607542e-001
  2.537389e+003  4.588547e-001
  2.550389e+003  4.573387e-001
  2.563389e+003  4.556356e-001
  2.576389e+003  4.538254e-001
  2.589389e+003  4.519545e-001
  2.600000e+003  4.503978e-001
