HISTORY PLOT
job1

Curve 1
X : Time
Y : Displacement Y [Node 1]

       X              Y       
------------------------------
  0.000000e+000  0.000000e+000
  7.000000e-002 -3.461955e+000
  1.400000e-001 -4.110140e+000
  2.240000e-001 -4.675735e+000
  3.248000e-001 -5.107016e+000
  4.457600e-001 -5.435732e+000
  5.667200e-001 -5.919726e+000
  7.118720e-001 -6.366216e+000
  8.570240e-001 -6.708261e+000
  9.779840e-001 -6.950817e+000
  1.123136e+000 -7.246848e+000
  1.297318e+000 -7.572391e+000
  1.506337e+000 -7.912296e+000
  1.757160e+000 -8.259141e+000
  2.058147e+000 -8.610259e+000
  2.419332e+000 -8.965475e+000
  2.852753e+000 -9.226340e+000
  3.286175e+000 -9.467497e+000
  3.806281e+000 -9.763587e+000
  4.430408e+000 -1.009879e+001
  5.179360e+000 -1.038564e+001
  5.928313e+000 -1.067913e+001
  6.827055e+000 -1.101420e+001
  7.905547e+000 -1.138149e+001
  9.199737e+000 -1.177534e+001
  1.075276e+001 -1.209915e+001
  1.261640e+001 -1.243483e+001
  1.448003e+001 -1.273962e+001
  1.634366e+001 -1.306169e+001
  1.858002e+001 -1.343890e+001
  2.126366e+001 -1.377868e+001
  2.394729e+001 -1.413129e+001
  2.716765e+001 -1.454121e+001
  3.066765e+001 -1.495849e+001
  3.416765e+001 -1.531154e+001
  3.766765e+001 -1.558732e+001
  4.116765e+001 -1.584261e+001
  4.408431e+001 -1.604852e+001
  4.700098e+001 -1.627359e+001
  5.050098e+001 -1.654868e+001
  5.400098e+001 -1.681934e+001
  5.750098e+001 -1.708150e+001
  6.100098e+001 -1.728721e+001
  6.450098e+001 -1.747138e+001
  6.800098e+001 -1.767609e+001
  7.150098e+001 -1.788834e+001
  7.500098e+001 -1.810084e+001
  7.850098e+001 -1.831001e+001
  8.200098e+001 -1.851430e+001
  8.550098e+001 -1.871320e+001
  8.900098e+001 -1.886380e+001
  9.250098e+001 -1.901534e+001
  9.600098e+001 -1.916185e+001
  9.950098e+001 -1.932279e+001
  1.030010e+002 -1.948977e+001
  1.065010e+002 -1.963148e+001
  1.100010e+002 -1.978498e+001
  1.135010e+002 -1.994329e+001
  1.170010e+002 -2.010254e+001
  1.205010e+002 -2.026075e+001
  1.240010e+002 -2.041699e+001
  1.275010e+002 -2.057084e+001
  1.310010e+002 -2.072218e+001
  1.345010e+002 -2.087100e+001
  1.380010e+002 -2.101736e+001
  1.415010e+002 -2.116135e+001
  1.450010e+002 -2.127196e+001
  1.485010e+002 -2.139520e+001
  1.520010e+002 -2.152456e+001
  1.555010e+002 -2.165629e+001
  1.590010e+002 -2.178836e+001
  1.625010e+002 -2.191977e+001
  1.660010e+002 -2.205002e+001
  1.695010e+002 -2.217891e+001
  1.730010e+002 -2.230635e+001
  1.765010e+002 -2.243234e+001
  1.800010e+002 -2.253003e+001
  1.835010e+002 -2.262471e+001
  1.870010e+002 -2.271898e+001
  1.905010e+002 -2.282521e+001
  1.940010e+002 -2.293762e+001
  1.975010e+002 -2.305281e+001
  2.010010e+002 -2.316892e+001
  2.045010e+002 -2.328498e+001
  2.080010e+002 -2.340051e+001
  2.115010e+002 -2.349451e+001
  2.144176e+002 -2.358041e+001
  2.179176e+002 -2.368800e+001
  2.214176e+002 -2.379757e+001
  2.249176e+002 -2.390772e+001
  2.284176e+002 -2.401778e+001
  2.319176e+002 -2.412737e+001
  2.354176e+002 -2.423635e+001
  2.389176e+002 -2.434463e+001
  2.424176e+002 -2.445219e+001
  2.459176e+002 -2.455903e+001
  2.494176e+002 -2.466516e+001
  2.529176e+002 -2.477060e+001
  2.564176e+002 -2.487535e+001
  2.599176e+002 -2.497945e+001
  2.634176e+002 -2.508290e+001
  2.669176e+002 -2.518574e+001
  2.704176e+002 -2.528798e+001
  2.739176e+002 -2.538963e+001
  2.774176e+002 -2.549072e+001
  2.809176e+002 -2.557305e+001
  2.844176e+002 -2.566340e+001
  2.879176e+002 -2.575791e+001
  2.914176e+002 -2.585441e+001
  2.949176e+002 -2.595172e+001
  2.984176e+002 -2.604922e+001
  3.019176e+002 -2.614661e+001
  3.054176e+002 -2.624374e+001
  3.089176e+002 -2.634053e+001
  3.124176e+002 -2.643695e+001
  3.159176e+002 -2.653300e+001
  3.194176e+002 -2.662868e+001
  3.229176e+002 -2.670330e+001
  3.264176e+002 -2.678714e+001
  3.299176e+002 -2.687601e+001
  3.334176e+002 -2.696743e+001
  3.369176e+002 -2.706003e+001
  3.404176e+002 -2.715311e+001
  3.439176e+002 -2.724631e+001
  3.474176e+002 -2.733944e+001
  3.509176e+002 -2.743239e+001
  3.544176e+002 -2.752514e+001
  3.579176e+002 -2.761767e+001
  3.614176e+002 -2.770996e+001
  3.649176e+002 -2.780204e+001
  3.684176e+002 -2.789391e+001
  3.719176e+002 -2.798556e+001
  3.754176e+002 -2.807700e+001
  3.789176e+002 -2.816824e+001
  3.824176e+002 -2.825929e+001
  3.859176e+002 -2.835016e+001
  3.894176e+002 -2.844085e+001
  3.929176e+002 -2.853137e+001
  3.964176e+002 -2.862172e+001
  3.999176e+002 -2.871192e+001
  4.034176e+002 -2.880197e+001
  4.069176e+002 -2.889188e+001
  4.104176e+002 -2.898165e+001
  4.139176e+002 -2.907129e+001
  4.174176e+002 -2.916081e+001
  4.209176e+002 -2.925021e+001
  4.244176e+002 -2.933951e+001
  4.279176e+002 -2.942870e+001
  4.314176e+002 -2.951779e+001
  4.349176e+002 -2.960679e+001
  4.384176e+002 -2.969570e+001
  4.419176e+002 -2.978454e+001
  4.454176e+002 -2.987330e+001
  4.489176e+002 -2.996200e+001
  4.524176e+002 -3.005064e+001
  4.559176e+002 -3.013922e+001
  4.594176e+002 -3.022792e+001
  4.629176e+002 -3.031650e+001
  4.664176e+002 -3.040500e+001
  4.699176e+002 -3.049345e+001
  4.734176e+002 -3.058186e+001
  4.769176e+002 -3.067025e+001
  4.804176e+002 -3.075863e+001
  4.839176e+002 -3.084700e+001
  4.874176e+002 -3.093538e+001
  4.909176e+002 -3.102376e+001
  4.944176e+002 -3.111216e+001
  4.979176e+002 -3.120057e+001
  5.014176e+002 -3.128902e+001
  5.049176e+002 -3.137750e+001
  5.084176e+002 -3.144961e+001
  5.119176e+002 -3.152934e+001
  5.154177e+002 -3.161334e+001
  5.189177e+002 -3.169963e+001
  5.224177e+002 -3.178716e+001
  5.259177e+002 -3.187537e+001
  5.294177e+002 -3.196398e+001
  5.329177e+002 -3.205285e+001
  5.364177e+002 -3.214189e+001
  5.399177e+002 -3.223108e+001
  5.434177e+002 -3.232040e+001
  5.469177e+002 -3.240984e+001
  5.504177e+002 -3.249940e+001
  5.539177e+002 -3.258910e+001
  5.574177e+002 -3.266313e+001
  5.609177e+002 -3.274458e+001
  5.644177e+002 -3.283019e+001
  5.679177e+002 -3.291808e+001
  5.714177e+002 -3.300723e+001
  5.749177e+002 -3.309712e+001
  5.784177e+002 -3.318747e+001
  5.819177e+002 -3.327815e+001
  5.854177e+002 -3.336909e+001
  5.889177e+002 -3.346025e+001
  5.924177e+002 -3.355163e+001
  5.959177e+002 -3.364322e+001
  5.994177e+002 -3.373501e+001
  6.029177e+002 -3.382702e+001
  6.064177e+002 -3.391924e+001
  6.099177e+002 -3.401169e+001
  6.134177e+002 -3.410437e+001
  6.169177e+002 -3.419729e+001
  6.204177e+002 -3.429045e+001
  6.239177e+002 -3.438385e+001
  6.274177e+002 -3.447752e+001
  6.309177e+002 -3.457145e+001
  6.344177e+002 -3.466565e+001
  6.379177e+002 -3.476012e+001
  6.414177e+002 -3.485489e+001
  6.449177e+002 -3.494994e+001
  6.484177e+002 -3.504530e+001
  6.519177e+002 -3.514096e+001
  6.554177e+002 -3.523694e+001
  6.589177e+002 -3.533325e+001
  6.624177e+002 -3.542989e+001
  6.659177e+002 -3.552686e+001
  6.694177e+002 -3.562420e+001
  6.729177e+002 -3.572189e+001
  6.764177e+002 -3.582030e+001
  6.799177e+002 -3.591891e+001
  6.834177e+002 -3.601782e+001
  6.869177e+002 -3.611708e+001
  6.904177e+002 -3.621672e+001
  6.939177e+002 -3.631676e+001
  6.974177e+002 -3.641723e+001
  7.000000e+002 -3.649172e+001

Curve 2
X : Time
Y : Thickness of Element [Node 1]

       X              Y       
------------------------------
  0.000000e+000  9.300000e-001
  7.000000e-002  9.253195e-001
  1.400000e-001  9.231731e-001
  2.240000e-001  9.209111e-001
  3.248000e-001  9.189739e-001
  4.457600e-001  9.173671e-001
  5.667200e-001  9.147770e-001
  7.118720e-001  9.122228e-001
  8.570240e-001  9.101503e-001
  9.779840e-001  9.086178e-001
  1.123136e+000  9.066859e-001
  1.297318e+000  9.044783e-001
  1.506337e+000  9.020763e-001
  1.757160e+000  8.995207e-001
  2.058147e+000  8.968250e-001
  2.419332e+000  8.939871e-001
  2.852753e+000  8.918196e-001
  3.286175e+000  8.897628e-001
  3.806281e+000  8.871780e-001
  4.430408e+000  8.841700e-001
  5.179360e+000  8.815062e-001
  5.928313e+000  8.787153e-001
  6.827055e+000  8.754480e-001
  7.905547e+000  8.717670e-001
  9.199737e+000  8.677041e-001
  1.075276e+001  8.642732e-001
  1.261640e+001  8.606145e-001
  1.448003e+001  8.572170e-001
  1.634366e+001  8.535604e-001
  1.858002e+001  8.491896e-001
  2.126366e+001  8.451479e-001
  2.394729e+001  8.408736e-001
  2.716765e+001  8.358028e-001
  3.066765e+001  8.305277e-001
  3.416765e+001  8.259738e-001
  3.766765e+001  8.223467e-001
  4.116765e+001  8.189447e-001
  4.408431e+001  8.161698e-001
  4.700098e+001  8.131097e-001
  5.050098e+001  8.093310e-001
  5.400098e+001  8.055713e-001
  5.750098e+001  8.018889e-001
  6.100098e+001  7.989715e-001
  6.450098e+001  7.963330e-001
  6.800098e+001  7.933774e-001
  7.150098e+001  7.902885e-001
  7.500098e+001  7.871707e-001
  7.850098e+001  7.840774e-001
  8.200098e+001  7.810332e-001
  8.550098e+001  7.780479e-001
  8.900098e+001  7.757722e-001
  9.250098e+001  7.734703e-001
  9.600098e+001  7.712345e-001
  9.950098e+001  7.687682e-001
  1.030010e+002  7.661975e-001
  1.065010e+002  7.640036e-001
  1.100010e+002  7.616179e-001
  1.135010e+002  7.591470e-001
  1.170010e+002  7.566504e-001
  1.205010e+002  7.541591e-001
  1.240010e+002  7.516880e-001
  1.275010e+002  7.492442e-001
  1.310010e+002  7.468301e-001
  1.345010e+002  7.444466e-001
  1.380010e+002  7.420931e-001
  1.415010e+002  7.397687e-001
  1.450010e+002  7.379770e-001
  1.485010e+002  7.359743e-001
  1.520010e+002  7.338653e-001
  1.555010e+002  7.317109e-001
  1.590010e+002  7.295438e-001
  1.625010e+002  7.273809e-001
  1.660010e+002  7.252303e-001
  1.695010e+002  7.230959e-001
  1.730010e+002  7.209792e-001
  1.765010e+002  7.188805e-001
  1.800010e+002  7.172496e-001
  1.835010e+002  7.156659e-001
  1.870010e+002  7.140862e-001
  1.905010e+002  7.123029e-001
  1.940010e+002  7.104122e-001
  1.975010e+002  7.084710e-001
  2.010010e+002  7.065105e-001
  2.045010e+002  7.045467e-001
  2.080010e+002  7.025879e-001
  2.115010e+002  7.009908e-001
  2.144176e+002  6.995293e-001
  2.179176e+002  6.976954e-001
  2.214176e+002  6.958249e-001
  2.249176e+002  6.939409e-001
  2.284176e+002  6.920554e-001
  2.319176e+002  6.901743e-001
  2.354176e+002  6.883007e-001
  2.389176e+002  6.864358e-001
  2.424176e+002  6.845802e-001
  2.459176e+002  6.827340e-001
  2.494176e+002  6.808970e-001
  2.529176e+002  6.790693e-001
  2.564176e+002  6.772504e-001
  2.599176e+002  6.754403e-001
  2.634176e+002  6.736385e-001
  2.669176e+002  6.718449e-001
  2.704176e+002  6.700593e-001
  2.739176e+002  6.682813e-001
  2.774176e+002  6.665108e-001
  2.809176e+002  6.650668e-001
  2.844176e+002  6.634806e-001
  2.879176e+002  6.618191e-001
  2.914176e+002  6.601206e-001
  2.949176e+002  6.584059e-001
  2.984176e+002  6.566857e-001
  3.019176e+002  6.549655e-001
  3.054176e+002  6.532480e-001
  3.089176e+002  6.515346e-001
  3.124176e+002  6.498258e-001
  3.159176e+002  6.481218e-001
  3.194176e+002  6.464227e-001
  3.229176e+002  6.450968e-001
  3.264176e+002  6.436060e-001
  3.299176e+002  6.420248e-001
  3.334176e+002  6.403973e-001
  3.369176e+002  6.387475e-001
  3.404176e+002  6.370881e-001
  3.439176e+002  6.354256e-001
  3.474176e+002  6.337633e-001
  3.509176e+002  6.321029e-001
  3.544176e+002  6.304451e-001
  3.579176e+002  6.287903e-001
  3.614176e+002  6.271386e-001
  3.649176e+002  6.254899e-001
  3.684176e+002  6.238441e-001
  3.719176e+002  6.222013e-001
  3.754176e+002  6.205613e-001
  3.789176e+002  6.189240e-001
  3.824176e+002  6.172892e-001
  3.859176e+002  6.156569e-001
  3.894176e+002  6.140270e-001
  3.929176e+002  6.123994e-001
  3.964176e+002  6.107738e-001
  3.999176e+002  6.091504e-001
  4.034176e+002  6.075289e-001
  4.069176e+002  6.059093e-001
  4.104176e+002  6.042914e-001
  4.139176e+002  6.026752e-001
  4.174176e+002  6.010605e-001
  4.209176e+002  5.994474e-001
  4.244176e+002  5.978356e-001
  4.279176e+002  5.962252e-001
  4.314176e+002  5.946159e-001
  4.349176e+002  5.930077e-001
  4.384176e+002  5.914006e-001
  4.419176e+002  5.897943e-001
  4.454176e+002  5.881890e-001
  4.489176e+002  5.865844e-001
  4.524176e+002  5.849804e-001
  4.559176e+002  5.833771e-001
  4.594176e+002  5.817707e-001
  4.629176e+002  5.801665e-001
  4.664176e+002  5.785635e-001
  4.699176e+002  5.769613e-001
  4.734176e+002  5.753593e-001
  4.769176e+002  5.737576e-001
  4.804176e+002  5.721558e-001
  4.839176e+002  5.705540e-001
  4.874176e+002  5.689520e-001
  4.909176e+002  5.673497e-001
  4.944176e+002  5.657470e-001
  4.979176e+002  5.641439e-001
  5.014176e+002  5.625401e-001
  5.049176e+002  5.609358e-001
  5.084176e+002  5.596288e-001
  5.119176e+002  5.581836e-001
  5.154177e+002  5.566615e-001
  5.189177e+002  5.550980e-001
  5.224177e+002  5.535124e-001
  5.259177e+002  5.519147e-001
  5.294177e+002  5.503102e-001
  5.329177e+002  5.487014e-001
  5.364177e+002  5.470898e-001
  5.399177e+002  5.454760e-001
  5.434177e+002  5.438602e-001
  5.469177e+002  5.422426e-001
  5.504177e+002  5.406231e-001
  5.539177e+002  5.390017e-001
  5.574177e+002  5.376640e-001
  5.609177e+002  5.361923e-001
  5.644177e+002  5.346461e-001
  5.679177e+002  5.330592e-001
  5.714177e+002  5.314499e-001
  5.749177e+002  5.298279e-001
  5.784177e+002  5.281981e-001
  5.819177e+002  5.265631e-001
  5.854177e+002  5.249241e-001
  5.889177e+002  5.232817e-001
  5.924177e+002  5.216362e-001
  5.959177e+002  5.199876e-001
  5.994177e+002  5.183360e-001
  6.029177e+002  5.166813e-001
  6.064177e+002  5.150235e-001
  6.099177e+002  5.133624e-001
  6.134177e+002  5.116981e-001
  6.169177e+002  5.100303e-001
  6.204177e+002  5.083591e-001
  6.239177e+002  5.066843e-001
  6.274177e+002  5.050058e-001
  6.309177e+002  5.033235e-001
  6.344177e+002  5.016374e-001
  6.379177e+002  4.999473e-001
  6.414177e+002  4.982531e-001
  6.449177e+002  4.965548e-001
  6.484177e+002  4.948521e-001
  6.519177e+002  4.931451e-001
  6.554177e+002  4.914336e-001
  6.589177e+002  4.897175e-001
  6.624177e+002  4.879967e-001
  6.659177e+002  4.862710e-001
  6.694177e+002  4.845404e-001
  6.729177e+002  4.828047e-001
  6.764177e+002  4.810571e-001
  6.799177e+002  4.793076e-001
  6.834177e+002  4.775543e-001
  6.869177e+002  4.757964e-001
  6.904177e+002  4.740331e-001
  6.939177e+002  4.722643e-001
  6.974177e+002  4.704896e-001
  7.000000e+002  4.691752e-001
