HISTORY PLOT
job1

Curve 1
X : Time
Y : Displacement Y [Node 1]

       X              Y       
------------------------------
  0.000000e+000  0.000000e+000
  1.700000e-001 -3.770593e+000
  3.400000e-001 -4.471245e+000
  5.100000e-001 -5.002164e+000
  7.140000e-001 -5.383790e+000
  9.180000e-001 -5.653484e+000
  1.122000e+000 -6.262871e+000
  1.326000e+000 -6.693424e+000
  1.530000e+000 -7.051818e+000
  1.734000e+000 -7.406353e+000
  1.978800e+000 -7.786635e+000
  2.272560e+000 -8.174403e+000
  2.625072e+000 -8.561938e+000
  3.048086e+000 -8.947491e+000
  3.555704e+000 -9.221940e+000
  4.063321e+000 -9.468985e+000
  4.672462e+000 -9.772802e+000
  5.403430e+000 -1.011665e+001
  6.280593e+000 -1.039401e+001
  7.157756e+000 -1.068490e+001
  8.210351e+000 -1.102141e+001
  9.473465e+000 -1.139236e+001
  1.098920e+001 -1.179052e+001
  1.280809e+001 -1.209805e+001
  1.499075e+001 -1.242368e+001
  1.717341e+001 -1.272808e+001
  1.935607e+001 -1.304946e+001
  2.197527e+001 -1.342611e+001
  2.511830e+001 -1.374189e+001
  2.888994e+001 -1.414583e+001
  3.341590e+001 -1.461839e+001
  3.884706e+001 -1.514454e+001
  4.536446e+001 -1.558149e+001
  5.188185e+001 -1.596083e+001
  5.839924e+001 -1.637086e+001
  6.622011e+001 -1.686015e+001
  7.472011e+001 -1.728561e+001
  8.322011e+001 -1.764518e+001
  9.030344e+001 -1.797230e+001
  9.880344e+001 -1.837061e+001
  1.073034e+002 -1.876042e+001
  1.158034e+002 -1.904457e+001
  1.243034e+002 -1.932749e+001
  1.328034e+002 -1.960627e+001
  1.413034e+002 -1.990600e+001
  1.498034e+002 -2.021162e+001
  1.583034e+002 -2.051499e+001
  1.668034e+002 -2.081220e+001
  1.753034e+002 -2.110170e+001
  1.838034e+002 -2.131536e+001
  1.923034e+002 -2.155303e+001
  2.008034e+002 -2.180130e+001
  2.093034e+002 -2.205229e+001
  2.178034e+002 -2.230187e+001
  2.263034e+002 -2.250630e+001
  2.348034e+002 -2.269905e+001
  2.433034e+002 -2.291083e+001
  2.518034e+002 -2.309159e+001
  2.588868e+002 -2.325996e+001
  2.673868e+002 -2.343813e+001
  2.758868e+002 -2.363582e+001
  2.843868e+002 -2.384311e+001
  2.928868e+002 -2.405416e+001
  3.013868e+002 -2.426578e+001
  3.098868e+002 -2.447632e+001
  3.183868e+002 -2.468501e+001
  3.268868e+002 -2.489150e+001
  3.353868e+002 -2.509569e+001
  3.438868e+002 -2.529759e+001
  3.523868e+002 -2.545675e+001
  3.608868e+002 -2.561766e+001
  3.693868e+002 -2.579348e+001
  3.778868e+002 -2.597690e+001
  3.863868e+002 -2.616370e+001
  3.948868e+002 -2.635156e+001
  4.033868e+002 -2.653929e+001
  4.118868e+002 -2.668529e+001
  4.203868e+002 -2.684881e+001
  4.288868e+002 -2.702191e+001
  4.373868e+002 -2.716715e+001
  4.458868e+002 -2.732898e+001
  4.543868e+002 -2.749988e+001
  4.628868e+002 -2.767536e+001
  4.713868e+002 -2.781690e+001
  4.798868e+002 -2.797517e+001
  4.883868e+002 -2.814274e+001
  4.968868e+002 -2.831513e+001
  5.053868e+002 -2.848984e+001
  5.138868e+002 -2.866553e+001
  5.223868e+002 -2.884150e+001
  5.308868e+002 -2.901741e+001
  5.393868e+002 -2.919310e+001
  5.478868e+002 -2.936851e+001
  5.563868e+002 -2.954363e+001
  5.648868e+002 -2.971846e+001
  5.733868e+002 -2.989306e+001
  5.818868e+002 -3.006744e+001
  5.903868e+002 -3.024231e+001
  5.988868e+002 -3.037537e+001
  6.073868e+002 -3.052633e+001
  6.158868e+002 -3.068767e+001
  6.243868e+002 -3.085478e+001
  6.328868e+002 -3.102508e+001
  6.413868e+002 -3.119714e+001
  6.498868e+002 -3.137025e+001
  6.583868e+002 -3.154411e+001
  6.668868e+002 -3.168785e+001
  6.739701e+002 -3.181945e+001
  6.824701e+002 -3.195420e+001
  6.909701e+002 -3.210696e+001
  6.994701e+002 -3.227036e+001
  7.079701e+002 -3.243988e+001
  7.164701e+002 -3.261300e+001
  7.249701e+002 -3.278836e+001
  7.334701e+002 -3.296523e+001
  7.419701e+002 -3.314324e+001
  7.504701e+002 -3.332222e+001
  7.589701e+002 -3.350212e+001
  7.674701e+002 -3.368291e+001
  7.759701e+002 -3.386462e+001
  7.844701e+002 -3.404727e+001
  7.929701e+002 -3.423091e+001
  8.014701e+002 -3.441559e+001
  8.099701e+002 -3.460136e+001
  8.184701e+002 -3.478828e+001
  8.269701e+002 -3.497641e+001
  8.354701e+002 -3.516581e+001
  8.439701e+002 -3.535653e+001
  8.524701e+002 -3.554866e+001
  8.609701e+002 -3.574226e+001
  8.694701e+002 -3.590313e+001
  8.779701e+002 -3.606017e+001
  8.850535e+002 -3.620665e+001
  8.935535e+002 -3.639373e+001
  9.020535e+002 -3.658788e+001
  9.105535e+002 -3.678679e+001
  9.190535e+002 -3.695734e+001
  9.275535e+002 -3.714470e+001
  9.360535e+002 -3.730998e+001
  9.431368e+002 -3.746493e+001
  9.516368e+002 -3.766357e+001
  9.601368e+002 -3.787041e+001
  9.686368e+002 -3.808298e+001
  9.771368e+002 -3.829996e+001
  9.856368e+002 -3.852076e+001
  9.941368e+002 -3.874511e+001
  1.002637e+003 -3.897292e+001
  1.011137e+003 -3.920424e+001
  1.019637e+003 -3.943919e+001
  1.028137e+003 -3.967790e+001
  1.036637e+003 -3.992056e+001
  1.045137e+003 -4.016736e+001
  1.053637e+003 -4.041853e+001
  1.062137e+003 -4.067430e+001
  1.070637e+003 -4.093494e+001
  1.079137e+003 -4.120072e+001
  1.087637e+003 -4.147195e+001
  1.096137e+003 -4.174897e+001
  1.104637e+003 -4.203215e+001
  1.113137e+003 -4.232187e+001
  1.121637e+003 -4.261857e+001
  1.130137e+003 -4.292780e+001
  1.138637e+003 -4.324248e+001
  1.147137e+003 -4.356444e+001
  1.155637e+003 -4.389501e+001
  1.164137e+003 -4.417086e+001
  1.172637e+003 -4.448317e+001
  1.181137e+003 -4.482169e+001
  1.189637e+003 -4.512098e+001
  1.198137e+003 -4.546168e+001
  1.206637e+003 -4.583290e+001
  1.215137e+003 -4.622886e+001
  1.223637e+003 -4.657759e+001
  1.232137e+003 -4.697444e+001
  1.240637e+003 -4.740874e+001
  1.249137e+003 -4.787544e+001
  1.257637e+003 -4.837321e+001
  1.266137e+003 -4.890315e+001
  1.274637e+003 -4.946813e+001
  1.283137e+003 -5.007251e+001
  1.291637e+003 -5.072222e+001
  1.300137e+003 -5.142505e+001
  1.308637e+003 -5.219123e+001
  1.317137e+003 -5.303448e+001
  1.325637e+003 -5.397353e+001
  1.334137e+003 -5.503498e+001
  1.342637e+003 -5.626252e+001
  1.351137e+003 -5.774897e+001
  1.359637e+003 -5.977503e+001
  1.368137e+003 -6.323857e+001
  1.373152e+003 -6.753252e+001
  1.375049e+003 -7.069035e+001
  1.375870e+003 -7.315891e+001
  1.376389e+003 -7.595766e+001
  1.376624e+003 -7.836935e+001
  1.376747e+003 -8.109924e+001
  1.376790e+003 -8.308105e+001
  1.376811e+003 -8.491354e+001
  1.376828e+003 -8.749465e+001

Curve 2
X : Time
Y : Thickness of Element [Node 1]

       X              Y       
------------------------------
  0.000000e+000  9.300000e-001
  1.700000e-001  9.249955e-001
  3.400000e-001  9.223799e-001
  5.100000e-001  9.200619e-001
  7.140000e-001  9.182170e-001
  9.180000e-001  9.168251e-001
  1.122000e+000  9.133715e-001
  1.326000e+000  9.107632e-001
  1.530000e+000  9.084666e-001
  1.734000e+000  9.060989e-001
  1.978800e+000  9.034454e-001
  2.272560e+000  9.006116e-001
  2.625072e+000  8.976469e-001
  3.048086e+000  8.945647e-001
  3.555704e+000  8.922719e-001
  4.063321e+000  8.901512e-001
  4.672462e+000  8.874799e-001
  5.403430e+000  8.843703e-001
  6.280593e+000  8.817752e-001
  7.157756e+000  8.789888e-001
  8.210351e+000  8.756837e-001
  9.473465e+000  8.719390e-001
  1.098920e+001  8.678010e-001
  1.280809e+001  8.645194e-001
  1.499075e+001  8.609481e-001
  1.717341e+001  8.575336e-001
  1.935607e+001  8.538621e-001
  2.197527e+001  8.494711e-001
  2.511830e+001  8.456997e-001
  2.888994e+001  8.407789e-001
  3.341590e+001  8.348881e-001
  3.884706e+001  8.281602e-001
  4.536446e+001  8.223985e-001
  5.188185e+001  8.172942e-001
  5.839924e+001  8.116917e-001
  6.622011e+001  8.048893e-001
  7.472011e+001  7.988673e-001
  8.322011e+001  7.936658e-001
  9.030344e+001  7.888728e-001
  9.880344e+001  7.829611e-001
  1.073034e+002  7.770982e-001
  1.158034e+002  7.727678e-001
  1.243034e+002  7.684105e-001
  1.328034e+002  7.640794e-001
  1.413034e+002  7.593894e-001
  1.498034e+002  7.545699e-001
  1.583034e+002  7.497474e-001
  1.668034e+002  7.449849e-001
  1.753034e+002  7.403102e-001
  1.838034e+002  7.368297e-001
  1.923034e+002  7.329364e-001
  2.008034e+002  7.288461e-001
  2.093034e+002  7.246870e-001
  2.178034e+002  7.205278e-001
  2.263034e+002  7.171052e-001
  2.348034e+002  7.138594e-001
  2.433034e+002  7.102815e-001
  2.518034e+002  7.072149e-001
  2.588868e+002  7.043503e-001
  2.673868e+002  7.013089e-001
  2.758868e+002  6.979251e-001
  2.843868e+002  6.943658e-001
  2.928868e+002  6.907304e-001
  3.013868e+002  6.870732e-001
  3.098868e+002  6.834228e-001
  3.183868e+002  6.797931e-001
  3.268868e+002  6.761905e-001
  3.353868e+002  6.726175e-001
  3.438868e+002  6.690744e-001
  3.523868e+002  6.662736e-001
  3.608868e+002  6.634322e-001
  3.693868e+002  6.603216e-001
  3.778868e+002  6.570698e-001
  3.863868e+002  6.537512e-001
  3.948868e+002  6.504068e-001
  4.033868e+002  6.470579e-001
  4.118868e+002  6.444481e-001
  4.203868e+002  6.415220e-001
  4.288868e+002  6.384210e-001
  4.373868e+002  6.358148e-001
  4.458868e+002  6.329080e-001
  4.543868e+002  6.298350e-001
  4.628868e+002  6.266762e-001
  4.713868e+002  6.241239e-001
  4.798868e+002  6.212676e-001
  4.883868e+002  6.182409e-001
  4.968868e+002  6.151245e-001
  5.053868e+002  6.119634e-001
  5.138868e+002  6.087819e-001
  5.223868e+002  6.055926e-001
  5.308868e+002  6.024019e-001
  5.393868e+002  5.992129e-001
  5.478868e+002  5.960266e-001
  5.563868e+002  5.928437e-001
  5.648868e+002  5.896638e-001
  5.733868e+002  5.864865e-001
  5.818868e+002  5.833114e-001
  5.903868e+002  5.801241e-001
  5.988868e+002  5.776982e-001
  6.073868e+002  5.749448e-001
  6.158868e+002  5.720013e-001
  6.243868e+002  5.689517e-001
  6.328868e+002  5.658438e-001
  6.413868e+002  5.627032e-001
  6.498868e+002  5.595436e-001
  6.583868e+002  5.563720e-001
  6.668868e+002  5.537490e-001
  6.739701e+002  5.513485e-001
  6.824701e+002  5.488904e-001
  6.909701e+002  5.461052e-001
  6.994701e+002  5.431274e-001
  7.079701e+002  5.400396e-001
  7.164701e+002  5.368882e-001
  7.249701e+002  5.336984e-001
  7.334701e+002  5.304835e-001
  7.419701e+002  5.272502e-001
  7.504701e+002  5.240017e-001
  7.589701e+002  5.207395e-001
  7.674701e+002  5.174638e-001
  7.759701e+002  5.141747e-001
  7.844701e+002  5.108716e-001
  7.929701e+002  5.075540e-001
  8.014701e+002  5.042212e-001
  8.099701e+002  5.008724e-001
  8.184701e+002  4.975070e-001
  8.269701e+002  4.941241e-001
  8.354701e+002  4.907227e-001
  8.439701e+002  4.873022e-001
  8.524701e+002  4.838614e-001
  8.609701e+002  4.803996e-001
  8.694701e+002  4.775261e-001
  8.779701e+002  4.747239e-001
  8.850535e+002  4.721132e-001
  8.935535e+002  4.687830e-001
  9.020535e+002  4.653330e-001
  9.105535e+002  4.618053e-001
  9.190535e+002  4.587858e-001
  9.275535e+002  4.554751e-001
  9.360535e+002  4.525605e-001
  9.431368e+002  4.498330e-001
  9.516368e+002  4.463426e-001
  9.601368e+002  4.427177e-001
  9.686368e+002  4.390028e-001
  9.771368e+002  4.352214e-001
  9.856368e+002  4.313852e-001
  9.941368e+002  4.274997e-001
  1.002637e+003  4.235669e-001
  1.011137e+003  4.195866e-001
  1.019637e+003  4.155580e-001
  1.028137e+003  4.114794e-001
  1.036637e+003  4.073486e-001
  1.045137e+003  4.031634e-001
  1.053637e+003  3.989211e-001
  1.062137e+003  3.946190e-001
  1.070637e+003  3.902539e-001
  1.079137e+003  3.858226e-001
  1.087637e+003  3.813215e-001
  1.096137e+003  3.767469e-001
  1.104637e+003  3.720944e-001
  1.113137e+003  3.673597e-001
  1.121637e+003  3.625379e-001
  1.130137e+003  3.575408e-001
  1.138637e+003  3.524856e-001
  1.147137e+003  3.473466e-001
  1.155637e+003  3.421065e-001
  1.164137e+003  3.377652e-001
  1.172637e+003  3.328760e-001
  1.181137e+003  3.276133e-001
  1.189637e+003  3.229967e-001
  1.198137e+003  3.177759e-001
  1.206637e+003  3.121344e-001
  1.215137e+003  3.061741e-001
  1.223637e+003  3.009785e-001
  1.232137e+003  2.951134e-001
  1.240637e+003  2.887620e-001
  1.249137e+003  2.820202e-001
  1.257637e+003  2.749272e-001
  1.266137e+003  2.674878e-001
  1.274637e+003  2.596848e-001
  1.283137e+003  2.514848e-001
  1.291637e+003  2.428406e-001
  1.300137e+003  2.336898e-001
  1.308637e+003  2.239524e-001
  1.317137e+003  2.135247e-001
  1.325637e+003  2.022701e-001
  1.334137e+003  1.900038e-001
  1.342637e+003  1.763541e-001
  1.351137e+003  1.604837e-001
  1.359637e+003  1.400937e-001
  1.368137e+003  1.083573e-001
  1.373152e+003  7.494064e-002
  1.375049e+003  5.532458e-002
  1.375870e+003  4.251549e-002
  1.376389e+003  3.008351e-002
  1.376624e+003  2.145944e-002
  1.376747e+003  1.389104e-002
  1.376790e+003  1.016338e-002
  1.376811e+003  7.707019e-003
  1.376828e+003  5.312366e-003
