HISTORY PLOT
job1

Curve 1
X : Time
Y : Displacement Y [Node 1]

       X              Y       
------------------------------
  0.000000e+000  0.000000e+000
  4.500000e-001 -3.213196e+000
  9.000000e-001 -3.788636e+000
  1.350000e+000 -4.103526e+000
  1.800000e+000 -4.410565e+000
  2.340000e+000 -4.660819e+000
  2.880000e+000 -5.295401e+000
  3.420000e+000 -5.839888e+000
  4.068000e+000 -6.208114e+000
  4.845600e+000 -6.538528e+000
  5.623200e+000 -6.870552e+000
  6.556320e+000 -7.228425e+000
  7.676064e+000 -7.593668e+000
  9.019757e+000 -7.958695e+000
  1.063219e+001 -8.321856e+000
  1.256711e+001 -8.684180e+000
  1.488901e+001 -9.011395e+000
  1.767529e+001 -9.289641e+000
  2.046157e+001 -9.525641e+000
  2.324785e+001 -9.775496e+000
  2.659139e+001 -1.006621e+001
  3.060363e+001 -1.030864e+001
  3.461588e+001 -1.056730e+001
  3.943057e+001 -1.087038e+001
  4.520821e+001 -1.120829e+001
  5.214137e+001 -1.157484e+001
  6.046116e+001 -1.196655e+001
  7.044491e+001 -1.228392e+001
  8.042866e+001 -1.257508e+001
  8.874845e+001 -1.279467e+001
  9.568161e+001 -1.299176e+001
  1.040014e+002 -1.322943e+001
  1.139852e+002 -1.350468e+001
  1.259657e+002 -1.375074e+001
  1.379462e+002 -1.401188e+001
  1.523228e+002 -1.432247e+001
  1.695747e+002 -1.467768e+001
  1.902770e+002 -1.507475e+001
  2.127770e+002 -1.537663e+001
  2.352770e+002 -1.565983e+001
  2.577770e+002 -1.596602e+001
  2.802770e+002 -1.627507e+001
  3.027770e+002 -1.657671e+001
  3.252770e+002 -1.686680e+001
  3.477770e+002 -1.714420e+001
  3.702770e+002 -1.734823e+001
  3.927770e+002 -1.757174e+001
  4.152770e+002 -1.780137e+001
  4.377770e+002 -1.802986e+001
  4.602770e+002 -1.825375e+001
  4.827770e+002 -1.847165e+001
  5.052770e+002 -1.868320e+001
  5.277770e+002 -1.884395e+001
  5.502770e+002 -1.900219e+001
  5.727770e+002 -1.916192e+001
  5.952770e+002 -1.933451e+001
  6.177770e+002 -1.951192e+001
  6.402770e+002 -1.966028e+001
  6.590270e+002 -1.979471e+001
  6.815270e+002 -1.996127e+001
  7.040270e+002 -2.012881e+001
  7.265270e+002 -2.029519e+001
  7.490270e+002 -2.045938e+001
  7.715270e+002 -2.062096e+001
  7.940270e+002 -2.077978e+001
  8.165270e+002 -2.093584e+001
  8.390270e+002 -2.108924e+001
  8.615270e+002 -2.124006e+001
  8.840270e+002 -2.138844e+001
  9.065270e+002 -2.153447e+001
  9.290270e+002 -2.167827e+001
  9.515270e+002 -2.181994e+001
  9.740270e+002 -2.195959e+001
  9.965270e+002 -2.209731e+001
  1.019027e+003 -2.223319e+001
  1.041527e+003 -2.236732e+001
  1.064027e+003 -2.249976e+001
  1.086527e+003 -2.260601e+001
  1.109027e+003 -2.270685e+001
  1.131527e+003 -2.281982e+001
  1.154027e+003 -2.293897e+001
  1.176527e+003 -2.306083e+001
  1.199027e+003 -2.318350e+001
  1.221527e+003 -2.330602e+001
  1.244027e+003 -2.342789e+001
  1.266527e+003 -2.354893e+001
  1.289027e+003 -2.366901e+001
  1.311527e+003 -2.378811e+001
  1.334027e+003 -2.390622e+001
  1.356527e+003 -2.402336e+001
  1.379027e+003 -2.413956e+001
  1.401527e+003 -2.425484e+001
  1.424027e+003 -2.436924e+001
  1.446527e+003 -2.448277e+001
  1.469027e+003 -2.459547e+001
  1.491527e+003 -2.470737e+001
  1.514027e+003 -2.481849e+001
  1.536527e+003 -2.492885e+001
  1.559027e+003 -2.503848e+001
  1.581527e+003 -2.514741e+001
  1.604027e+003 -2.525566e+001
  1.626527e+003 -2.536325e+001
  1.649027e+003 -2.547025e+001
  1.671527e+003 -2.557660e+001
  1.694027e+003 -2.568234e+001
  1.716527e+003 -2.578750e+001
  1.739027e+003 -2.589210e+001
  1.761527e+003 -2.599615e+001
  1.784027e+003 -2.609969e+001
  1.806527e+003 -2.620273e+001
  1.829027e+003 -2.630528e+001
  1.851527e+003 -2.640736e+001
  1.874027e+003 -2.650899e+001
  1.896527e+003 -2.661019e+001
  1.919027e+003 -2.668878e+001
  1.941527e+003 -2.676644e+001
  1.964027e+003 -2.685423e+001
  1.986527e+003 -2.694757e+001
  2.009027e+003 -2.704372e+001
  2.031527e+003 -2.714120e+001
  2.054027e+003 -2.723921e+001
  2.076527e+003 -2.733736e+001
  2.099027e+003 -2.743543e+001
  2.121527e+003 -2.753332e+001
  2.144027e+003 -2.763099e+001
  2.166527e+003 -2.772842e+001
  2.189027e+003 -2.782563e+001
  2.211527e+003 -2.792259e+001
  2.234027e+003 -2.801932e+001
  2.256527e+003 -2.811582e+001
  2.279027e+003 -2.821210e+001
  2.301527e+003 -2.830818e+001
  2.324027e+003 -2.840405e+001
  2.346527e+003 -2.849973e+001
  2.369027e+003 -2.859523e+001
  2.391527e+003 -2.869055e+001
  2.414027e+003 -2.878570e+001
  2.436527e+003 -2.888068e+001
  2.459027e+003 -2.897552e+001
  2.481527e+003 -2.907021e+001
  2.504027e+003 -2.916476e+001
  2.526527e+003 -2.925919e+001
  2.549027e+003 -2.935349e+001
  2.571527e+003 -2.944768e+001
  2.594027e+003 -2.954176e+001
  2.616527e+003 -2.963573e+001
  2.639027e+003 -2.972962e+001
  2.661527e+003 -2.982342e+001
  2.684027e+003 -2.991714e+001
  2.706527e+003 -3.001080e+001
  2.729027e+003 -3.010439e+001
  2.751527e+003 -3.019792e+001
  2.774027e+003 -3.029140e+001
  2.796527e+003 -3.038485e+001
  2.819027e+003 -3.047827e+001
  2.841527e+003 -3.057165e+001
  2.864027e+003 -3.066502e+001
  2.886527e+003 -3.075837e+001
  2.909027e+003 -3.085172e+001
  2.931527e+003 -3.094507e+001
  2.954027e+003 -3.103843e+001
  2.976527e+003 -3.113180e+001
  2.999027e+003 -3.122520e+001
  3.021527e+003 -3.131863e+001
  3.044027e+003 -3.141211e+001
  3.066527e+003 -3.150566e+001
  3.089027e+003 -3.159928e+001
  3.111527e+003 -3.169299e+001
  3.134027e+003 -3.178677e+001
  3.156527e+003 -3.188064e+001
  3.179027e+003 -3.197461e+001
  3.201527e+003 -3.206869e+001
  3.224027e+003 -3.216287e+001
  3.246527e+003 -3.225716e+001
  3.269027e+003 -3.235158e+001
  3.291527e+003 -3.244612e+001
  3.314027e+003 -3.254079e+001
  3.336527e+003 -3.263562e+001
  3.359027e+003 -3.273059e+001
  3.381527e+003 -3.282573e+001
  3.404027e+003 -3.292102e+001
  3.426527e+003 -3.301649e+001
  3.449027e+003 -3.311214e+001
  3.471527e+003 -3.320797e+001
  3.494027e+003 -3.330399e+001
  3.516527e+003 -3.340022e+001
  3.539027e+003 -3.349664e+001
  3.561527e+003 -3.359329e+001
  3.584027e+003 -3.369016e+001
  3.606527e+003 -3.378725e+001
  3.629027e+003 -3.388458e+001
  3.651527e+003 -3.398215e+001
  3.674027e+003 -3.407998e+001
  3.696527e+003 -3.417807e+001
  3.719027e+003 -3.427642e+001
  3.741527e+003 -3.437505e+001
  3.764027e+003 -3.447396e+001
  3.786527e+003 -3.457317e+001
  3.809027e+003 -3.467267e+001
  3.831527e+003 -3.477248e+001
  3.854027e+003 -3.487262e+001
  3.876527e+003 -3.497308e+001
  3.899027e+003 -3.507387e+001
  3.921527e+003 -3.517501e+001
  3.944027e+003 -3.527651e+001
  3.966527e+003 -3.537837e+001
  3.989027e+003 -3.548060e+001
  4.011527e+003 -3.558323e+001
  4.034027e+003 -3.568624e+001
  4.056527e+003 -3.579006e+001
  4.079027e+003 -3.589409e+001
  4.101527e+003 -3.599845e+001
  4.124027e+003 -3.610320e+001
  4.146527e+003 -3.620837e+001
  4.169027e+003 -3.631399e+001
  4.191527e+003 -3.642008e+001
  4.214027e+003 -3.652666e+001
  4.236527e+003 -3.663373e+001
  4.259027e+003 -3.674132e+001
  4.281527e+003 -3.684944e+001
  4.304027e+003 -3.695810e+001
  4.326527e+003 -3.704733e+001
  4.349027e+003 -3.714624e+001
  4.371527e+003 -3.723829e+001
  4.394027e+003 -3.733926e+001
  4.416527e+003 -3.744542e+001
  4.439027e+003 -3.755462e+001
  4.461527e+003 -3.766574e+001
  4.484027e+003 -3.777819e+001
  4.500000e+003 -3.785880e+001

Curve 2
X : Time
Y : Thickness of Element [Node 1]

       X              Y       
------------------------------
  0.000000e+000  9.300000e-001
  4.500000e-001  9.259828e-001
  9.000000e-001  9.241530e-001
  1.350000e+000  9.230038e-001
  1.800000e+000  9.217977e-001
  2.340000e+000  9.207446e-001
  2.880000e+000  9.177617e-001
  3.420000e+000  9.149938e-001
  4.068000e+000  9.129475e-001
  4.845600e+000  9.110007e-001
  5.623200e+000  9.089565e-001
  6.556320e+000  9.066511e-001
  7.676064e+000  9.041832e-001
  9.019757e+000  9.015978e-001
  1.063219e+001  8.989065e-001
  1.256711e+001  8.961032e-001
  1.488901e+001  8.934698e-001
  1.767529e+001  8.911422e-001
  2.046157e+001  8.891153e-001
  2.324785e+001  8.869227e-001
  2.659139e+001  8.843099e-001
  3.060363e+001  8.820697e-001
  3.461588e+001  8.796285e-001
  3.943057e+001  8.767015e-001
  4.520821e+001  8.733537e-001
  5.214137e+001  8.696212e-001
  6.046116e+001  8.655173e-001
  7.044491e+001  8.620871e-001
  8.042866e+001  8.588704e-001
  8.874845e+001  8.564029e-001
  9.568161e+001  8.541597e-001
  1.040014e+002  8.514183e-001
  1.139852e+002  8.481951e-001
  1.259657e+002  8.452598e-001
  1.379462e+002  8.421004e-001
  1.523228e+002  8.382836e-001
  1.695747e+002  8.338405e-001
  1.902770e+002  8.287767e-001
  2.127770e+002  8.248515e-001
  2.352770e+002  8.211087e-001
  2.577770e+002  8.170125e-001
  2.802770e+002  8.128253e-001
  3.027770e+002  8.086843e-001
  3.252770e+002  8.046508e-001
  3.477770e+002  8.007463e-001
  3.702770e+002  7.978405e-001
  3.927770e+002  7.946290e-001
  4.152770e+002  7.912999e-001
  4.377770e+002  7.879578e-001
  4.602770e+002  7.846544e-001
  4.827770e+002  7.814126e-001
  5.052770e+002  7.782407e-001
  5.277770e+002  7.758131e-001
  5.502770e+002  7.734101e-001
  5.727770e+002  7.709717e-001
  5.952770e+002  7.683253e-001
  6.177770e+002  7.655912e-001
  6.402770e+002  7.632920e-001
  6.590270e+002  7.612006e-001
  6.815270e+002  7.585981e-001
  7.040270e+002  7.559685e-001
  7.265270e+002  7.533450e-001
  7.490270e+002  7.507443e-001
  7.715270e+002  7.481736e-001
  7.940270e+002  7.456357e-001
  8.165270e+002  7.431311e-001
  8.390270e+002  7.406593e-001
  8.615270e+002  7.382193e-001
  8.840270e+002  7.358098e-001
  9.065270e+002  7.334295e-001
  9.290270e+002  7.310771e-001
  9.515270e+002  7.287513e-001
  9.740270e+002  7.264510e-001
  9.965270e+002  7.241750e-001
  1.019027e+003  7.219222e-001
  1.041527e+003  7.196917e-001
  1.064027e+003  7.174825e-001
  1.086527e+003  7.157062e-001
  1.109027e+003  7.140168e-001
  1.131527e+003  7.121206e-001
  1.154027e+003  7.101166e-001
  1.176527e+003  7.080629e-001
  1.199027e+003  7.059911e-001
  1.221527e+003  7.039174e-001
  1.244027e+003  7.018502e-001
  1.266527e+003  6.997932e-001
  1.289027e+003  6.977483e-001
  1.311527e+003  6.957161e-001
  1.334027e+003  6.936968e-001
  1.356527e+003  6.916902e-001
  1.379027e+003  6.896959e-001
  1.401527e+003  6.877137e-001
  1.424027e+003  6.857431e-001
  1.446527e+003  6.837838e-001
  1.469027e+003  6.818355e-001
  1.491527e+003  6.798978e-001
  1.514027e+003  6.779704e-001
  1.536527e+003  6.760528e-001
  1.559027e+003  6.741449e-001
  1.581527e+003  6.722462e-001
  1.604027e+003  6.703566e-001
  1.626527e+003  6.684756e-001
  1.649027e+003  6.666013e-001
  1.671527e+003  6.647360e-001
  1.694027e+003  6.628791e-001
  1.716527e+003  6.610301e-001
  1.739027e+003  6.591885e-001
  1.761527e+003  6.573541e-001
  1.784027e+003  6.555265e-001
  1.806527e+003  6.537056e-001
  1.829027e+003  6.518911e-001
  1.851527e+003  6.500827e-001
  1.874027e+003  6.482803e-001
  1.896527e+003  6.464837e-001
  1.919027e+003  6.450876e-001
  1.941527e+003  6.437073e-001
  1.964027e+003  6.421456e-001
  1.986527e+003  6.404841e-001
  2.009027e+003  6.387712e-001
  2.031527e+003  6.370335e-001
  2.054027e+003  6.352850e-001
  2.076527e+003  6.335329e-001
  2.099027e+003  6.317811e-001
  2.121527e+003  6.300311e-001
  2.144027e+003  6.282839e-001
  2.166527e+003  6.265399e-001
  2.189027e+003  6.247991e-001
  2.211527e+003  6.230615e-001
  2.234027e+003  6.213272e-001
  2.256527e+003  6.195958e-001
  2.279027e+003  6.178674e-001
  2.301527e+003  6.161419e-001
  2.324027e+003  6.144190e-001
  2.346527e+003  6.126986e-001
  2.369027e+003  6.109808e-001
  2.391527e+003  6.092652e-001
  2.414027e+003  6.075519e-001
  2.436527e+003  6.058407e-001
  2.459027e+003  6.041314e-001
  2.481527e+003  6.024240e-001
  2.504027e+003  6.007184e-001
  2.526527e+003  5.990144e-001
  2.549027e+003  5.973119e-001
  2.571527e+003  5.956109e-001
  2.594027e+003  5.939112e-001
  2.616527e+003  5.922127e-001
  2.639027e+003  5.905154e-001
  2.661527e+003  5.888190e-001
  2.684027e+003  5.871235e-001
  2.706527e+003  5.854289e-001
  2.729027e+003  5.837349e-001
  2.751527e+003  5.820415e-001
  2.774027e+003  5.803486e-001
  2.796527e+003  5.786561e-001
  2.819027e+003  5.769638e-001
  2.841527e+003  5.752717e-001
  2.864027e+003  5.735798e-001
  2.886527e+003  5.718877e-001
  2.909027e+003  5.701956e-001
  2.931527e+003  5.685032e-001
  2.954027e+003  5.668105e-001
  2.976527e+003  5.651174e-001
  2.999027e+003  5.634237e-001
  3.021527e+003  5.617294e-001
  3.044027e+003  5.600343e-001
  3.066527e+003  5.583385e-001
  3.089027e+003  5.566416e-001
  3.111527e+003  5.549438e-001
  3.134027e+003  5.532448e-001
  3.156527e+003  5.515445e-001
  3.179027e+003  5.498429e-001
  3.201527e+003  5.481399e-001
  3.224027e+003  5.464353e-001
  3.246527e+003  5.447290e-001
  3.269027e+003  5.430210e-001
  3.291527e+003  5.413112e-001
  3.314027e+003  5.395994e-001
  3.336527e+003  5.378855e-001
  3.359027e+003  5.361695e-001
  3.381527e+003  5.344512e-001
  3.404027e+003  5.327305e-001
  3.426527e+003  5.310073e-001
  3.449027e+003  5.292816e-001
  3.471527e+003  5.275532e-001
  3.494027e+003  5.258220e-001
  3.516527e+003  5.240879e-001
  3.539027e+003  5.223509e-001
  3.561527e+003  5.206107e-001
  3.584027e+003  5.188674e-001
  3.606527e+003  5.171207e-001
  3.629027e+003  5.153706e-001
  3.651527e+003  5.136171e-001
  3.674027e+003  5.118598e-001
  3.696527e+003  5.100989e-001
  3.719027e+003  5.083341e-001
  3.741527e+003  5.065653e-001
  3.764027e+003  5.047925e-001
  3.786527e+003  5.030155e-001
  3.809027e+003  5.012341e-001
  3.831527e+003  4.994484e-001
  3.854027e+003  4.976581e-001
  3.876527e+003  4.958631e-001
  3.899027e+003  4.940634e-001
  3.921527e+003  4.922587e-001
  3.944027e+003  4.904490e-001
  3.966527e+003  4.886341e-001
  3.989027e+003  4.868139e-001
  4.011527e+003  4.849883e-001
  4.034027e+003  4.831571e-001
  4.056527e+003  4.813127e-001
  4.079027e+003  4.794662e-001
  4.101527e+003  4.776155e-001
  4.124027e+003  4.757596e-001
  4.146527e+003  4.738979e-001
  4.169027e+003  4.720300e-001
  4.191527e+003  4.701555e-001
  4.214027e+003  4.682743e-001
  4.236527e+003  4.663862e-001
  4.259027e+003  4.644909e-001
  4.281527e+003  4.625883e-001
  4.304027e+003  4.606782e-001
  4.326527e+003  4.591121e-001
  4.349027e+003  4.573773e-001
  4.371527e+003  4.557646e-001
  4.394027e+003  4.539973e-001
  4.416527e+003  4.521415e-001
  4.439027e+003  4.502346e-001
  4.461527e+003  4.482968e-001
  4.484027e+003  4.463386e-001
  4.500000e+003  4.449370e-001
