HISTORY PLOT
job1

Curve 1
X : Time
Y : Displacement Y [Node 1]

       X              Y       
------------------------------
  0.000000e+000  0.000000e+000
  7.000000e-002 -3.444572e+000
  1.400000e-001 -4.162970e+000
  2.240000e-001 -4.739180e+000
  3.248000e-001 -5.171764e+000
  4.457600e-001 -5.499610e+000
  5.667200e-001 -5.987463e+000
  7.118720e-001 -6.443385e+000
  8.570240e-001 -6.872540e+000
  1.031206e+000 -7.309501e+000
  1.240225e+000 -7.735703e+000
  1.491048e+000 -8.147484e+000
  1.792035e+000 -8.547265e+000
  2.153220e+000 -8.939250e+000
  2.586641e+000 -9.224483e+000
  3.020063e+000 -9.474524e+000
  3.540169e+000 -9.781813e+000
  4.164296e+000 -1.012910e+001
  4.913248e+000 -1.040571e+001
  5.662200e+000 -1.069874e+001
  6.560944e+000 -1.103903e+001
  7.639435e+000 -1.141470e+001
  8.933625e+000 -1.181823e+001
  1.048665e+001 -1.214012e+001
  1.235029e+001 -1.247769e+001
  1.421392e+001 -1.278922e+001
  1.607755e+001 -1.311731e+001
  1.831391e+001 -1.350089e+001
  2.099755e+001 -1.384003e+001
  2.368118e+001 -1.419441e+001
  2.690154e+001 -1.460795e+001
  3.040154e+001 -1.502969e+001
  3.390154e+001 -1.533347e+001
  3.740154e+001 -1.560747e+001
  4.090154e+001 -1.590617e+001
  4.440154e+001 -1.614774e+001
  4.790154e+001 -1.641386e+001
  5.140154e+001 -1.668643e+001
  5.490154e+001 -1.695567e+001
  5.840154e+001 -1.721707e+001
  6.190154e+001 -1.740989e+001
  6.540154e+001 -1.762245e+001
  6.890154e+001 -1.784189e+001
  7.240154e+001 -1.806105e+001
  7.590154e+001 -1.827638e+001
  7.940154e+001 -1.848638e+001
  8.290154e+001 -1.869057e+001
  8.640154e+001 -1.884229e+001
  8.990154e+001 -1.899537e+001
  9.340154e+001 -1.916323e+001
  9.690154e+001 -1.933721e+001
  1.004015e+002 -1.951237e+001
  1.039015e+002 -1.965300e+001
  1.068182e+002 -1.978158e+001
  1.103182e+002 -1.994176e+001
  1.138182e+002 -2.010345e+001
  1.173182e+002 -2.026434e+001
  1.208182e+002 -2.042333e+001
  1.243182e+002 -2.057991e+001
  1.278182e+002 -2.073391e+001
  1.313182e+002 -2.088531e+001
  1.348182e+002 -2.103415e+001
  1.383182e+002 -2.118025e+001
  1.418182e+002 -2.129329e+001
  1.453182e+002 -2.141866e+001
  1.488182e+002 -2.155002e+001
  1.523182e+002 -2.168369e+001
  1.558182e+002 -2.181767e+001
  1.593182e+002 -2.195096e+001
  1.628182e+002 -2.208305e+001
  1.663182e+002 -2.221374e+001
  1.698182e+002 -2.234294e+001
  1.733182e+002 -2.247066e+001
  1.768182e+002 -2.257273e+001
  1.803182e+002 -2.268479e+001
  1.838182e+002 -2.280184e+001
  1.873182e+002 -2.292097e+001
  1.908182e+002 -2.301959e+001
  1.937349e+002 -2.310979e+001
  1.972349e+002 -2.322284e+001
  2.007349e+002 -2.333797e+001
  2.042349e+002 -2.345369e+001
  2.077349e+002 -2.356924e+001
  2.112349e+002 -2.368423e+001
  2.147349e+002 -2.379848e+001
  2.182349e+002 -2.391190e+001
  2.217349e+002 -2.402447e+001
  2.252349e+002 -2.413619e+001
  2.287349e+002 -2.424707e+001
  2.322349e+002 -2.435713e+001
  2.357349e+002 -2.446639e+001
  2.392349e+002 -2.457488e+001
  2.427349e+002 -2.468262e+001
  2.462349e+002 -2.478962e+001
  2.497349e+002 -2.489593e+001
  2.532349e+002 -2.500155e+001
  2.567349e+002 -2.510650e+001
  2.602349e+002 -2.521082e+001
  2.637349e+002 -2.531452e+001
  2.672349e+002 -2.541761e+001
  2.707349e+002 -2.549775e+001
  2.742349e+002 -2.557789e+001
  2.777349e+002 -2.566752e+001
  2.812349e+002 -2.576227e+001
  2.847349e+002 -2.585956e+001
  2.882349e+002 -2.595797e+001
  2.917349e+002 -2.605673e+001
  2.952349e+002 -2.615547e+001
  2.987349e+002 -2.625398e+001
  3.022349e+002 -2.635218e+001
  3.057349e+002 -2.645000e+001
  3.092349e+002 -2.654746e+001
  3.127349e+002 -2.664453e+001
  3.162349e+002 -2.672354e+001
  3.197349e+002 -2.681037e+001
  3.232349e+002 -2.688808e+001
  3.267349e+002 -2.697393e+001
  3.302349e+002 -2.706419e+001
  3.337349e+002 -2.715668e+001
  3.372349e+002 -2.725023e+001
  3.407349e+002 -2.734420e+001
  3.442349e+002 -2.743826e+001
  3.477349e+002 -2.753223e+001
  3.512349e+002 -2.762605e+001
  3.547349e+002 -2.771968e+001
  3.582349e+002 -2.781310e+001
  3.617349e+002 -2.790631e+001
  3.652349e+002 -2.799931e+001
  3.687349e+002 -2.809211e+001
  3.722349e+002 -2.818470e+001
  3.757349e+002 -2.827710e+001
  3.792349e+002 -2.836931e+001
  3.827349e+002 -2.846135e+001
  3.862349e+002 -2.855322e+001
  3.897349e+002 -2.864491e+001
  3.932349e+002 -2.873646e+001
  3.967349e+002 -2.882785e+001
  4.002349e+002 -2.891911e+001
  4.037349e+002 -2.901022e+001
  4.072349e+002 -2.910121e+001
  4.107349e+002 -2.919208e+001
  4.142349e+002 -2.928283e+001
  4.177349e+002 -2.937347e+001
  4.212349e+002 -2.946401e+001
  4.247349e+002 -2.955445e+001
  4.282349e+002 -2.964481e+001
  4.317349e+002 -2.973509e+001
  4.352349e+002 -2.982529e+001
  4.387349e+002 -2.991542e+001
  4.422349e+002 -3.000549e+001
  4.457349e+002 -3.009551e+001
  4.492349e+002 -3.018548e+001
  4.527349e+002 -3.027558e+001
  4.562349e+002 -3.036555e+001
  4.597349e+002 -3.045545e+001
  4.632349e+002 -3.054531e+001
  4.667349e+002 -3.063514e+001
  4.702349e+002 -3.072495e+001
  4.737349e+002 -3.081476e+001
  4.772349e+002 -3.090456e+001
  4.807349e+002 -3.099438e+001
  4.842349e+002 -3.108422e+001
  4.877349e+002 -3.117407e+001
  4.912349e+002 -3.126396e+001
  4.947349e+002 -3.135389e+001
  4.982349e+002 -3.144388e+001
  5.017349e+002 -3.153394e+001
  5.052349e+002 -3.160476e+001
  5.087349e+002 -3.168435e+001
  5.122349e+002 -3.176894e+001
  5.157349e+002 -3.185629e+001
  5.192349e+002 -3.194514e+001
  5.227349e+002 -3.203485e+001
  5.262349e+002 -3.212505e+001
  5.297349e+002 -3.221556e+001
  5.332349e+002 -3.230629e+001
  5.367349e+002 -3.239719e+001
  5.402349e+002 -3.248826e+001
  5.437349e+002 -3.257947e+001
  5.472349e+002 -3.267084e+001
  5.507349e+002 -3.276236e+001
  5.542349e+002 -3.285405e+001
  5.577349e+002 -3.294589e+001
  5.612349e+002 -3.303790e+001
  5.647349e+002 -3.313009e+001
  5.682349e+002 -3.322246e+001
  5.717349e+002 -3.331501e+001
  5.752349e+002 -3.340776e+001
  5.787349e+002 -3.350072e+001
  5.822349e+002 -3.359388e+001
  5.857349e+002 -3.368724e+001
  5.892349e+002 -3.378084e+001
  5.927349e+002 -3.387466e+001
  5.962349e+002 -3.396872e+001
  5.997349e+002 -3.406301e+001
  6.032349e+002 -3.415756e+001
  6.067349e+002 -3.425236e+001
  6.102349e+002 -3.434742e+001
  6.137349e+002 -3.444276e+001
  6.172349e+002 -3.453837e+001
  6.207349e+002 -3.463427e+001
  6.242349e+002 -3.473047e+001
  6.277349e+002 -3.482697e+001
  6.312349e+002 -3.492377e+001
  6.347349e+002 -3.502090e+001
  6.382349e+002 -3.511835e+001
  6.417349e+002 -3.521614e+001
  6.452349e+002 -3.531427e+001
  6.487349e+002 -3.541276e+001
  6.522349e+002 -3.551161e+001
  6.557349e+002 -3.561083e+001
  6.592349e+002 -3.571043e+001
  6.627349e+002 -3.581081e+001
  6.662349e+002 -3.591139e+001
  6.697349e+002 -3.601229e+001
  6.732349e+002 -3.611357e+001
  6.767349e+002 -3.621526e+001
  6.802349e+002 -3.631737e+001
  6.837349e+002 -3.641994e+001
  6.872349e+002 -3.652297e+001
  6.907349e+002 -3.662648e+001
  6.942349e+002 -3.673048e+001
  6.977349e+002 -3.683499e+001
  7.000000e+002 -3.690301e+001

Curve 2
X : Time
Y : Thickness of Element [Node 1]

       X              Y       
------------------------------
  0.000000e+000  9.300000e-001
  7.000000e-002  9.263940e-001
  1.400000e-001  9.240119e-001
  2.240000e-001  9.216736e-001
  3.248000e-001  9.197017e-001
  4.457600e-001  9.180768e-001
  5.667200e-001  9.154293e-001
  7.118720e-001  9.127840e-001
  8.570240e-001  9.101643e-001
  1.031206e+000  9.073450e-001
  1.240225e+000  9.044335e-001
  1.491048e+000  9.014638e-001
  1.792035e+000  8.984322e-001
  2.153220e+000  8.953189e-001
  2.586641e+000  8.929477e-001
  3.020063e+000  8.908106e-001
  3.540169e+000  8.881194e-001
  4.164296e+000  8.849900e-001
  4.913248e+000  8.824122e-001
  5.662200e+000  8.796157e-001
  6.560944e+000  8.762848e-001
  7.639435e+000  8.725038e-001
  8.933625e+000  8.683209e-001
  1.048665e+001  8.648829e-001
  1.235029e+001  8.611822e-001
  1.421392e+001  8.576884e-001
  1.607755e+001  8.539407e-001
  1.831391e+001  8.494684e-001
  2.099755e+001  8.454076e-001
  2.368118e+001  8.410843e-001
  2.690154e+001  8.359365e-001
  3.040154e+001  8.305723e-001
  3.390154e+001  8.266357e-001
  3.740154e+001  8.230206e-001
  4.090154e+001  8.190317e-001
  4.440154e+001  8.157593e-001
  4.790154e+001  8.121160e-001
  5.140154e+001  8.083422e-001
  5.490154e+001  8.045722e-001
  5.840154e+001  8.008711e-001
  6.190154e+001  7.981095e-001
  6.540154e+001  7.950406e-001
  6.890154e+001  7.918459e-001
  7.240154e+001  7.886286e-001
  7.590154e+001  7.854415e-001
  7.940154e+001  7.823089e-001
  8.290154e+001  7.792400e-001
  8.640154e+001  7.769439e-001
  8.990154e+001  7.746145e-001
  9.340154e+001  7.720492e-001
  9.690154e+001  7.693775e-001
  1.004015e+002  7.666738e-001
  1.039015e+002  7.644908e-001
  1.068182e+002  7.624875e-001
  1.103182e+002  7.599812e-001
  1.138182e+002  7.574403e-001
  1.173182e+002  7.549005e-001
  1.208182e+002  7.523795e-001
  1.243182e+002  7.498858e-001
  1.278182e+002  7.474227e-001
  1.313182e+002  7.449912e-001
  1.348182e+002  7.425909e-001
  1.383182e+002  7.402239e-001
  1.418182e+002  7.383865e-001
  1.453182e+002  7.363427e-001
  1.488182e+002  7.341943e-001
  1.523182e+002  7.320010e-001
  1.558182e+002  7.297955e-001
  1.593182e+002  7.275945e-001
  1.628182e+002  7.254063e-001
  1.663182e+002  7.232348e-001
  1.698182e+002  7.210816e-001
  1.733182e+002  7.189471e-001
  1.768182e+002  7.172367e-001
  1.803182e+002  7.153556e-001
  1.838182e+002  7.133869e-001
  1.873182e+002  7.113789e-001
  1.908182e+002  7.097131e-001
  1.937349e+002  7.081869e-001
  1.972349e+002  7.062703e-001
  2.007349e+002  7.043150e-001
  2.042349e+002  7.023459e-001
  2.077349e+002  7.003760e-001
  2.112349e+002  6.984119e-001
  2.147349e+002  6.964568e-001
  2.182349e+002  6.945122e-001
  2.217349e+002  6.925786e-001
  2.252349e+002  6.906561e-001
  2.287349e+002  6.887447e-001
  2.322349e+002  6.868441e-001
  2.357349e+002  6.849540e-001
  2.392349e+002  6.830741e-001
  2.427349e+002  6.812042e-001
  2.462349e+002  6.793438e-001
  2.497349e+002  6.774928e-001
  2.532349e+002  6.756508e-001
  2.567349e+002  6.738176e-001
  2.602349e+002  6.719928e-001
  2.637349e+002  6.701762e-001
  2.672349e+002  6.683676e-001
  2.707349e+002  6.669600e-001
  2.742349e+002  6.655507e-001
  2.777349e+002  6.639727e-001
  2.812349e+002  6.623025e-001
  2.847349e+002  6.605854e-001
  2.882349e+002  6.588464e-001
  2.917349e+002  6.570990e-001
  2.952349e+002  6.553501e-001
  2.987349e+002  6.536031e-001
  3.022349e+002  6.518599e-001
  3.057349e+002  6.501212e-001
  3.092349e+002  6.483873e-001
  3.127349e+002  6.466584e-001
  3.162349e+002  6.452503e-001
  3.197349e+002  6.437018e-001
  3.232349e+002  6.423148e-001
  3.267349e+002  6.407818e-001
  3.302349e+002  6.391690e-001
  3.337349e+002  6.375152e-001
  3.372349e+002  6.358415e-001
  3.407349e+002  6.341593e-001
  3.442349e+002  6.324744e-001
  3.477349e+002  6.307897e-001
  3.512349e+002  6.291068e-001
  3.547349e+002  6.274264e-001
  3.582349e+002  6.257487e-001
  3.617349e+002  6.240739e-001
  3.652349e+002  6.224020e-001
  3.687349e+002  6.207328e-001
  3.722349e+002  6.190664e-001
  3.757349e+002  6.174025e-001
  3.792349e+002  6.157411e-001
  3.827349e+002  6.140821e-001
  3.862349e+002  6.124254e-001
  3.897349e+002  6.107708e-001
  3.932349e+002  6.091183e-001
  3.967349e+002  6.074677e-001
  4.002349e+002  6.058190e-001
  4.037349e+002  6.041720e-001
  4.072349e+002  6.025266e-001
  4.107349e+002  6.008828e-001
  4.142349e+002  5.992405e-001
  4.177349e+002  5.975995e-001
  4.212349e+002  5.959597e-001
  4.247349e+002  5.943211e-001
  4.282349e+002  5.926836e-001
  4.317349e+002  5.910470e-001
  4.352349e+002  5.894113e-001
  4.387349e+002  5.877763e-001
  4.422349e+002  5.861420e-001
  4.457349e+002  5.845083e-001
  4.492349e+002  5.828752e-001
  4.527349e+002  5.812387e-001
  4.562349e+002  5.796044e-001
  4.597349e+002  5.779712e-001
  4.632349e+002  5.763386e-001
  4.667349e+002  5.747064e-001
  4.702349e+002  5.730741e-001
  4.737349e+002  5.714418e-001
  4.772349e+002  5.698092e-001
  4.807349e+002  5.681763e-001
  4.842349e+002  5.665430e-001
  4.877349e+002  5.649091e-001
  4.912349e+002  5.632746e-001
  4.947349e+002  5.616394e-001
  4.982349e+002  5.600034e-001
  5.017349e+002  5.583665e-001
  5.052349e+002  5.570797e-001
  5.087349e+002  5.556337e-001
  5.122349e+002  5.540969e-001
  5.157349e+002  5.525103e-001
  5.192349e+002  5.508966e-001
  5.227349e+002  5.492680e-001
  5.262349e+002  5.476308e-001
  5.297349e+002  5.459883e-001
  5.332349e+002  5.443422e-001
  5.367349e+002  5.426933e-001
  5.402349e+002  5.410420e-001
  5.437349e+002  5.393884e-001
  5.472349e+002  5.377326e-001
  5.507349e+002  5.360746e-001
  5.542349e+002  5.344143e-001
  5.577349e+002  5.327516e-001
  5.612349e+002  5.310864e-001
  5.647349e+002  5.294187e-001
  5.682349e+002  5.277483e-001
  5.717349e+002  5.260752e-001
  5.752349e+002  5.243993e-001
  5.787349e+002  5.227204e-001
  5.822349e+002  5.210385e-001
  5.857349e+002  5.193535e-001
  5.892349e+002  5.176653e-001
  5.927349e+002  5.159737e-001
  5.962349e+002  5.142788e-001
  5.997349e+002  5.125803e-001
  6.032349e+002  5.108783e-001
  6.067349e+002  5.091725e-001
  6.102349e+002  5.074629e-001
  6.137349e+002  5.057494e-001
  6.172349e+002  5.040318e-001
  6.207349e+002  5.023102e-001
  6.242349e+002  5.005843e-001
  6.277349e+002  4.988540e-001
  6.312349e+002  4.971193e-001
  6.347349e+002  4.953800e-001
  6.382349e+002  4.936359e-001
  6.417349e+002  4.918871e-001
  6.452349e+002  4.901334e-001
  6.487349e+002  4.883746e-001
  6.522349e+002  4.866106e-001
  6.557349e+002  4.848413e-001
  6.592349e+002  4.830665e-001
  6.627349e+002  4.812791e-001
  6.662349e+002  4.794895e-001
  6.697349e+002  4.776959e-001
  6.732349e+002  4.758972e-001
  6.767349e+002  4.740928e-001
  6.802349e+002  4.722824e-001
  6.837349e+002  4.704657e-001
  6.872349e+002  4.686425e-001
  6.907349e+002  4.668126e-001
  6.942349e+002  4.649758e-001
  6.977349e+002  4.631320e-001
  7.000000e+002  4.619333e-001
