HISTORY PLOT
job1

Curve 1
X : Time
Y : Displacement Y [Node 1]

       X              Y       
------------------------------
  0.000000e+000  0.000000e+000
  1.700000e-001 -3.225075e+000
  3.400000e-001 -3.797395e+000
  5.100000e-001 -4.132681e+000
  6.800000e-001 -4.472929e+000
  8.840000e-001 -4.741096e+000
  1.088000e+000 -5.202860e+000
  1.332800e+000 -5.696506e+000
  1.626560e+000 -6.096176e+000
  1.979072e+000 -6.411699e+000
  2.331584e+000 -6.720425e+000
  2.754598e+000 -6.981199e+000
  3.177613e+000 -7.241586e+000
  3.685230e+000 -7.528840e+000
  4.294371e+000 -7.832021e+000
  5.025340e+000 -8.145268e+000
  5.902503e+000 -8.466036e+000
  6.955098e+000 -8.793679e+000
  8.218212e+000 -9.038323e+000
  9.733949e+000 -9.290966e+000
  1.124969e+001 -9.520358e+000
  1.276542e+001 -9.762859e+000
  1.458431e+001 -1.004541e+001
  1.676697e+001 -1.029292e+001
  1.894963e+001 -1.054997e+001
  2.156882e+001 -1.084747e+001
  2.471186e+001 -1.117749e+001
  2.848350e+001 -1.153491e+001
  3.300946e+001 -1.191681e+001
  3.844062e+001 -1.222598e+001
  4.387178e+001 -1.249967e+001
  4.930294e+001 -1.275576e+001
  5.473410e+001 -1.302704e+001
  6.125150e+001 -1.334777e+001
  6.907236e+001 -1.365319e+001
  7.757236e+001 -1.392643e+001
  8.465570e+001 -1.417555e+001
  9.315570e+001 -1.447734e+001
  1.016557e+002 -1.477017e+001
  1.101557e+002 -1.504952e+001
  1.186557e+002 -1.531440e+001
  1.271557e+002 -1.551376e+001
  1.356557e+002 -1.569732e+001
  1.441557e+002 -1.589828e+001
  1.526557e+002 -1.606368e+001
  1.611557e+002 -1.624760e+001
  1.696557e+002 -1.643833e+001
  1.781557e+002 -1.662921e+001
  1.866557e+002 -1.681688e+001
  1.951557e+002 -1.699986e+001
  2.036557e+002 -1.717766e+001
  2.121557e+002 -1.731139e+001
  2.206557e+002 -1.744256e+001
  2.277390e+002 -1.756323e+001
  2.362390e+002 -1.771368e+001
  2.447390e+002 -1.786520e+001
  2.532390e+002 -1.801544e+001
  2.617390e+002 -1.816328e+001
  2.702390e+002 -1.830825e+001
  2.787390e+002 -1.845022e+001
  2.872390e+002 -1.858920e+001
  2.957390e+002 -1.872529e+001
  3.042390e+002 -1.883016e+001
  3.127390e+002 -1.894601e+001
  3.212390e+002 -1.906698e+001
  3.297390e+002 -1.916462e+001
  3.382390e+002 -1.927378e+001
  3.467390e+002 -1.938854e+001
  3.552390e+002 -1.950541e+001
  3.637390e+002 -1.959992e+001
  3.722390e+002 -1.970426e+001
  3.807390e+002 -1.981333e+001
  3.892390e+002 -1.992417e+001
  3.977390e+002 -2.003518e+001
  4.062390e+002 -2.014553e+001
  4.147390e+002 -2.025483e+001
  4.232390e+002 -2.036289e+001
  4.317390e+002 -2.046964e+001
  4.402390e+002 -2.057508e+001
  4.487390e+002 -2.067922e+001
  4.572390e+002 -2.078210e+001
  4.657390e+002 -2.088375e+001
  4.742390e+002 -2.098421e+001
  4.827390e+002 -2.108352e+001
  4.912390e+002 -2.118172e+001
  4.997390e+002 -2.125821e+001
  5.082390e+002 -2.134324e+001
  5.167390e+002 -2.143265e+001
  5.252390e+002 -2.152399e+001
  5.337390e+002 -2.161592e+001
  5.422390e+002 -2.170774e+001
  5.507390e+002 -2.179908e+001
  5.592390e+002 -2.188977e+001
  5.677390e+002 -2.197975e+001
  5.762390e+002 -2.206898e+001
  5.847390e+002 -2.215745e+001
  5.932390e+002 -2.224519e+001
  6.017390e+002 -2.233219e+001
  6.102390e+002 -2.241849e+001
  6.187390e+002 -2.250410e+001
  6.272390e+002 -2.257262e+001
  6.357390e+002 -2.264812e+001
  6.442390e+002 -2.271630e+001
  6.527390e+002 -2.279116e+001
  6.612390e+002 -2.286950e+001
  6.697390e+002 -2.294946e+001
  6.782390e+002 -2.303003e+001
  6.867390e+002 -2.311065e+001
  6.952390e+002 -2.319105e+001
  7.037390e+002 -2.327109e+001
  7.122390e+002 -2.335071e+001
  7.207390e+002 -2.342989e+001
  7.292390e+002 -2.350862e+001
  7.377390e+002 -2.358689e+001
  7.462390e+002 -2.366472e+001
  7.547390e+002 -2.374210e+001
  7.632390e+002 -2.381904e+001
  7.717390e+002 -2.389557e+001
  7.802390e+002 -2.397167e+001
  7.887390e+002 -2.404737e+001
  7.972390e+002 -2.412267e+001
  8.057390e+002 -2.419758e+001
  8.142390e+002 -2.427212e+001
  8.227390e+002 -2.434628e+001
  8.312390e+002 -2.442007e+001
  8.397390e+002 -2.449351e+001
  8.482390e+002 -2.456660e+001
  8.567390e+002 -2.463935e+001
  8.652390e+002 -2.471176e+001
  8.737390e+002 -2.478385e+001
  8.822390e+002 -2.485562e+001
  8.907390e+002 -2.492708e+001
  8.992390e+002 -2.499823e+001
  9.077390e+002 -2.506908e+001
  9.162390e+002 -2.513964e+001
  9.247390e+002 -2.520991e+001
  9.332390e+002 -2.527990e+001
  9.417390e+002 -2.534962e+001
  9.502390e+002 -2.541906e+001
  9.587390e+002 -2.548828e+001
  9.672390e+002 -2.555722e+001
  9.757390e+002 -2.562590e+001
  9.842390e+002 -2.569434e+001
  9.927390e+002 -2.576254e+001
  1.001239e+003 -2.583049e+001
  1.009739e+003 -2.589822e+001
  1.018239e+003 -2.596573e+001
  1.026739e+003 -2.603301e+001
  1.035239e+003 -2.610008e+001
  1.043739e+003 -2.616694e+001
  1.052239e+003 -2.623360e+001
  1.060739e+003 -2.630006e+001
  1.069239e+003 -2.636632e+001
  1.077739e+003 -2.643239e+001
  1.086239e+003 -2.649827e+001
  1.094739e+003 -2.656398e+001
  1.103239e+003 -2.662950e+001
  1.111739e+003 -2.668327e+001
  1.120239e+003 -2.674390e+001
  1.128739e+003 -2.680724e+001
  1.137239e+003 -2.687152e+001
  1.145739e+003 -2.693598e+001
  1.154239e+003 -2.700045e+001
  1.162739e+003 -2.706486e+001
  1.171239e+003 -2.712917e+001
  1.179739e+003 -2.719337e+001
  1.188239e+003 -2.725746e+001
  1.196739e+003 -2.732142e+001
  1.205239e+003 -2.738526e+001
  1.213739e+003 -2.744898e+001
  1.222239e+003 -2.751258e+001
  1.230739e+003 -2.757606e+001
  1.239239e+003 -2.763943e+001
  1.247739e+003 -2.770268e+001
  1.256239e+003 -2.776584e+001
  1.264739e+003 -2.782889e+001
  1.273239e+003 -2.789184e+001
  1.281739e+003 -2.795469e+001
  1.290239e+003 -2.801745e+001
  1.298739e+003 -2.808011e+001
  1.307239e+003 -2.814268e+001
  1.315739e+003 -2.820516e+001
  1.324239e+003 -2.826755e+001
  1.332739e+003 -2.832986e+001
  1.341239e+003 -2.839209e+001
  1.349739e+003 -2.845424e+001
  1.358239e+003 -2.851631e+001
  1.366739e+003 -2.857831e+001
  1.375239e+003 -2.864023e+001
  1.383739e+003 -2.870209e+001
  1.392239e+003 -2.876387e+001
  1.400739e+003 -2.882559e+001
  1.409239e+003 -2.888725e+001
  1.417739e+003 -2.894884e+001
  1.426239e+003 -2.901038e+001
  1.434739e+003 -2.907186e+001
  1.443239e+003 -2.913329e+001
  1.451739e+003 -2.919466e+001
  1.460239e+003 -2.925598e+001
  1.468739e+003 -2.931725e+001
  1.477239e+003 -2.937847e+001
  1.485739e+003 -2.943966e+001
  1.494239e+003 -2.950079e+001
  1.502739e+003 -2.956189e+001
  1.511239e+003 -2.962295e+001
  1.519739e+003 -2.968397e+001
  1.528239e+003 -2.974496e+001
  1.536739e+003 -2.980592e+001
  1.545239e+003 -2.986685e+001
  1.553739e+003 -2.992775e+001
  1.562239e+003 -2.998862e+001
  1.570739e+003 -3.004947e+001
  1.579239e+003 -3.011029e+001
  1.587739e+003 -3.017110e+001
  1.596239e+003 -3.023197e+001
  1.604739e+003 -3.029278e+001
  1.613239e+003 -3.035357e+001
  1.621739e+003 -3.041432e+001
  1.630239e+003 -3.047507e+001
  1.638739e+003 -3.053580e+001
  1.647239e+003 -3.059653e+001
  1.655739e+003 -3.065725e+001
  1.664239e+003 -3.071797e+001
  1.672739e+003 -3.077869e+001
  1.681239e+003 -3.083941e+001
  1.689739e+003 -3.090014e+001
  1.698239e+003 -3.096087e+001
  1.700000e+003 -3.097349e+001

Curve 2
X : Time
Y : Thickness of Element [Node 1]

       X              Y       
------------------------------
  0.000000e+000  9.300000e-001
  1.700000e-001  9.256464e-001
  3.400000e-001  9.238069e-001
  5.100000e-001  9.225709e-001
  6.800000e-001  9.212230e-001
  8.840000e-001  9.200740e-001
  1.088000e+000  9.178991e-001
  1.332800e+000  9.154274e-001
  1.626560e+000  9.132741e-001
  1.979072e+000  9.114430e-001
  2.331584e+000  9.095724e-001
  2.754598e+000  9.079154e-001
  3.177613e+000  9.062043e-001
  3.685230e+000  9.042499e-001
  4.294371e+000  9.021097e-001
  5.025340e+000  8.998136e-001
  5.902503e+000  8.973723e-001
  6.955098e+000  8.947847e-001
  8.218212e+000  8.927896e-001
  9.733949e+000  8.906647e-001
  1.124969e+001  8.886866e-001
  1.276542e+001  8.865515e-001
  1.458431e+001  8.840057e-001
  1.676697e+001  8.817121e-001
  1.894963e+001  8.792796e-001
  2.156882e+001  8.763998e-001
  2.471186e+001  8.731242e-001
  2.848350e+001  8.694804e-001
  3.300946e+001  8.654771e-001
  3.844062e+001  8.621360e-001
  4.387178e+001  8.591154e-001
  4.930294e+001  8.562364e-001
  5.473410e+001  8.531395e-001
  6.125150e+001  8.494144e-001
  6.907236e+001  8.458014e-001
  7.757236e+001  8.424997e-001
  8.465570e+001  8.394444e-001
  9.315570e+001  8.356864e-001
  1.016557e+002  8.319813e-001
  1.101557e+002  8.283922e-001
  1.186557e+002  8.249399e-001
  1.271557e+002  8.223069e-001
  1.356557e+002  8.198591e-001
  1.441557e+002  8.171574e-001
  1.526557e+002  8.149136e-001
  1.611557e+002  8.123999e-001
  1.696557e+002  8.097723e-001
  1.781557e+002  8.071211e-001
  1.866557e+002  8.044931e-001
  1.951557e+002  8.019102e-001
  2.036557e+002  7.993814e-001
  2.121557e+002  7.974661e-001
  2.206557e+002  7.955760e-001
  2.277390e+002  7.938282e-001
  2.362390e+002  7.916370e-001
  2.447390e+002  7.894173e-001
  2.532390e+002  7.872036e-001
  2.617390e+002  7.850128e-001
  2.702390e+002  7.828528e-001
  2.787390e+002  7.807262e-001
  2.872390e+002  7.786337e-001
  2.957390e+002  7.765745e-001
  3.042390e+002  7.749811e-001
  3.127390e+002  7.732150e-001
  3.212390e+002  7.713645e-001
  3.297390e+002  7.698656e-001
  3.382390e+002  7.681847e-001
  3.467390e+002  7.664115e-001
  3.552390e+002  7.645993e-001
  3.637390e+002  7.631292e-001
  3.722390e+002  7.615014e-001
  3.807390e+002  7.597944e-001
  3.892390e+002  7.580542e-001
  3.977390e+002  7.563059e-001
  4.062390e+002  7.545624e-001
  4.147390e+002  7.528301e-001
  4.232390e+002  7.511123e-001
  4.317390e+002  7.494100e-001
  4.402390e+002  7.477238e-001
  4.487390e+002  7.460535e-001
  4.572390e+002  7.443988e-001
  4.657390e+002  7.427592e-001
  4.742390e+002  7.411345e-001
  4.827390e+002  7.395240e-001
  4.912390e+002  7.379274e-001
  4.997390e+002  7.366813e-001
  5.082390e+002  7.352930e-001
  5.167390e+002  7.338296e-001
  5.252390e+002  7.323313e-001
  5.337390e+002  7.308198e-001
  5.422390e+002  7.293068e-001
  5.507390e+002  7.277982e-001
  5.592390e+002  7.262969e-001
  5.677390e+002  7.248044e-001
  5.762390e+002  7.233212e-001
  5.847390e+002  7.218475e-001
  5.932390e+002  7.203831e-001
  6.017390e+002  7.189280e-001
  6.102390e+002  7.174820e-001
  6.187390e+002  7.160448e-001
  6.272390e+002  7.148931e-001
  6.357390e+002  7.136222e-001
  6.442390e+002  7.124733e-001
  6.527390e+002  7.112099e-001
  6.612390e+002  7.098859e-001
  6.697390e+002  7.085327e-001
  6.782390e+002  7.071674e-001
  6.867390e+002  7.057993e-001
  6.952390e+002  7.044328e-001
  7.037390e+002  7.030706e-001
  7.122390e+002  7.017136e-001
  7.207390e+002  7.003623e-001
  7.292390e+002  6.990170e-001
  7.377390e+002  6.976778e-001
  7.462390e+002  6.963445e-001
  7.547390e+002  6.950171e-001
  7.632390e+002  6.936954e-001
  7.717390e+002  6.923794e-001
  7.802390e+002  6.910688e-001
  7.887390e+002  6.897637e-001
  7.972390e+002  6.884637e-001
  8.057390e+002  6.871690e-001
  8.142390e+002  6.858793e-001
  8.227390e+002  6.845946e-001
  8.312390e+002  6.833147e-001
  8.397390e+002  6.820394e-001
  8.482390e+002  6.807688e-001
  8.567390e+002  6.795028e-001
  8.652390e+002  6.782411e-001
  8.737390e+002  6.769838e-001
  8.822390e+002  6.757306e-001
  8.907390e+002  6.744817e-001
  8.992390e+002  6.732368e-001
  9.077390e+002  6.719959e-001
  9.162390e+002  6.707588e-001
  9.247390e+002  6.695256e-001
  9.332390e+002  6.682960e-001
  9.417390e+002  6.670702e-001
  9.502390e+002  6.658478e-001
  9.587390e+002  6.646281e-001
  9.672390e+002  6.634123e-001
  9.757390e+002  6.622000e-001
  9.842390e+002  6.609910e-001
  9.927390e+002  6.597853e-001
  1.001239e+003  6.585827e-001
  1.009739e+003  6.573832e-001
  1.018239e+003  6.561866e-001
  1.026739e+003  6.549931e-001
  1.035239e+003  6.538022e-001
  1.043739e+003  6.526142e-001
  1.052239e+003  6.514289e-001
  1.060739e+003  6.502463e-001
  1.069239e+003  6.490662e-001
  1.077739e+003  6.478887e-001
  1.086239e+003  6.467136e-001
  1.094739e+003  6.455409e-001
  1.103239e+003  6.443706e-001
  1.111739e+003  6.434098e-001
  1.120239e+003  6.423253e-001
  1.128739e+003  6.411915e-001
  1.137239e+003  6.400399e-001
  1.145739e+003  6.388855e-001
  1.154239e+003  6.377305e-001
  1.162739e+003  6.365762e-001
  1.171239e+003  6.354232e-001
  1.179739e+003  6.342716e-001
  1.188239e+003  6.331217e-001
  1.196739e+003  6.319734e-001
  1.205239e+003  6.308270e-001
  1.213739e+003  6.296821e-001
  1.222239e+003  6.285388e-001
  1.230739e+003  6.273972e-001
  1.239239e+003  6.262571e-001
  1.247739e+003  6.251185e-001
  1.256239e+003  6.239814e-001
  1.264739e+003  6.228457e-001
  1.273239e+003  6.217114e-001
  1.281739e+003  6.205785e-001
  1.290239e+003  6.194469e-001
  1.298739e+003  6.183165e-001
  1.307239e+003  6.171874e-001
  1.315739e+003  6.160595e-001
  1.324239e+003  6.149327e-001
  1.332739e+003  6.138071e-001
  1.341239e+003  6.126825e-001
  1.349739e+003  6.115590e-001
  1.358239e+003  6.104365e-001
  1.366739e+003  6.093150e-001
  1.375239e+003  6.081945e-001
  1.383739e+003  6.070749e-001
  1.392239e+003  6.059561e-001
  1.400739e+003  6.048382e-001
  1.409239e+003  6.037211e-001
  1.417739e+003  6.026049e-001
  1.426239e+003  6.014893e-001
  1.434739e+003  6.003745e-001
  1.443239e+003  5.992604e-001
  1.451739e+003  5.981470e-001
  1.460239e+003  5.970342e-001
  1.468739e+003  5.959219e-001
  1.477239e+003  5.948103e-001
  1.485739e+003  5.936992e-001
  1.494239e+003  5.925887e-001
  1.502739e+003  5.914785e-001
  1.511239e+003  5.903689e-001
  1.519739e+003  5.892597e-001
  1.528239e+003  5.881509e-001
  1.536739e+003  5.870424e-001
  1.545239e+003  5.859342e-001
  1.553739e+003  5.848264e-001
  1.562239e+003  5.837188e-001
  1.570739e+003  5.826115e-001
  1.579239e+003  5.815044e-001
  1.587739e+003  5.803975e-001
  1.596239e+003  5.792891e-001
  1.604739e+003  5.781816e-001
  1.613239e+003  5.770746e-001
  1.621739e+003  5.759680e-001
  1.630239e+003  5.748615e-001
  1.638739e+003  5.737550e-001
  1.647239e+003  5.726486e-001
  1.655739e+003  5.715422e-001
  1.664239e+003  5.704356e-001
  1.672739e+003  5.693290e-001
  1.681239e+003  5.682223e-001
  1.689739e+003  5.671154e-001
  1.698239e+003  5.660083e-001
  1.700000e+003  5.657786e-001
