HISTORY PLOT
job1

Curve 1
X : Time
Y : Displacement Y [Node 1]

       X              Y       
------------------------------
  0.000000e+000  0.000000e+000
  4.000000e-002 -3.292434e+000
  8.000000e-002 -3.933700e+000
  1.200000e-001 -4.433598e+000
  1.680000e-001 -4.811453e+000
  2.256000e-001 -5.126708e+000
  2.947200e-001 -5.555070e+000
  3.776640e-001 -6.023770e+000
  4.771968e-001 -6.368027e+000
  5.767296e-001 -6.701374e+000
  6.961690e-001 -6.963726e+000
  8.394962e-001 -7.283680e+000
  1.011489e+000 -7.632853e+000
  1.217880e+000 -7.994323e+000
  1.465550e+000 -8.360480e+000
  1.762753e+000 -8.729061e+000
  2.119397e+000 -9.028000e+000
  2.547370e+000 -9.309926e+000
  2.975343e+000 -9.564483e+000
  3.403315e+000 -9.828613e+000
  3.916883e+000 -1.013212e+001
  4.533164e+000 -1.038909e+001
  5.149445e+000 -1.065892e+001
  5.888981e+000 -1.097209e+001
  6.776426e+000 -1.131935e+001
  7.841359e+000 -1.169497e+001
  9.119279e+000 -1.209588e+001
  1.065278e+001 -1.242472e+001
  1.218629e+001 -1.272533e+001
  1.371979e+001 -1.303721e+001
  1.556000e+001 -1.339968e+001
  1.756000e+001 -1.369036e+001
  1.956000e+001 -1.399801e+001
  2.156000e+001 -1.430261e+001
  2.356000e+001 -1.459513e+001
  2.556000e+001 -1.487264e+001
  2.756000e+001 -1.513500e+001
  2.956000e+001 -1.532898e+001
  3.156000e+001 -1.552026e+001
  3.356000e+001 -1.569652e+001
  3.556000e+001 -1.588942e+001
  3.756000e+001 -1.605565e+001
  3.956000e+001 -1.623653e+001
  4.156000e+001 -1.642190e+001
  4.356000e+001 -1.660630e+001
  4.556000e+001 -1.678716e+001
  4.756000e+001 -1.696339e+001
  4.956000e+001 -1.713470e+001
  5.156000e+001 -1.730111e+001
  5.356000e+001 -1.742716e+001
  5.556000e+001 -1.756647e+001
  5.756000e+001 -1.771122e+001
  5.956000e+001 -1.785701e+001
  6.156000e+001 -1.800160e+001
  6.356000e+001 -1.814396e+001
  6.556000e+001 -1.828367e+001
  6.756000e+001 -1.842061e+001
  6.956000e+001 -1.855479e+001
  7.156000e+001 -1.868630e+001
  7.356000e+001 -1.878918e+001
  7.556000e+001 -1.889120e+001
  7.722666e+001 -1.897302e+001
  7.889333e+001 -1.906417e+001
  8.089333e+001 -1.916351e+001
  8.289333e+001 -1.927197e+001
  8.489333e+001 -1.938449e+001
  8.689333e+001 -1.949826e+001
  8.889333e+001 -1.959042e+001
  9.089333e+001 -1.969198e+001
  9.289333e+001 -1.979795e+001
  9.489333e+001 -1.990547e+001
  9.689333e+001 -2.001307e+001
  9.889333e+001 -2.012000e+001
  1.008933e+002 -2.022592e+001
  1.028933e+002 -2.033066e+001
  1.048933e+002 -2.043418e+001
  1.068933e+002 -2.053647e+001
  1.088933e+002 -2.063756e+001
  1.108933e+002 -2.073746e+001
  1.128933e+002 -2.083622e+001
  1.148933e+002 -2.093386e+001
  1.168933e+002 -2.103044e+001
  1.188933e+002 -2.112597e+001
  1.208933e+002 -2.122050e+001
  1.228933e+002 -2.129282e+001
  1.248933e+002 -2.137425e+001
  1.268933e+002 -2.146035e+001
  1.288933e+002 -2.154849e+001
  1.308933e+002 -2.163729e+001
  1.328933e+002 -2.172602e+001
  1.348933e+002 -2.181433e+001
  1.368933e+002 -2.190205e+001
  1.388933e+002 -2.198910e+001
  1.408933e+002 -2.207546e+001
  1.428933e+002 -2.216112e+001
  1.448933e+002 -2.224610e+001
  1.468933e+002 -2.233041e+001
  1.488933e+002 -2.241405e+001
  1.508933e+002 -2.249706e+001
  1.528933e+002 -2.256223e+001
  1.548933e+002 -2.263497e+001
  1.568933e+002 -2.271163e+001
  1.588933e+002 -2.279011e+001
  1.608933e+002 -2.286925e+001
  1.628933e+002 -2.294848e+001
  1.648933e+002 -2.302752e+001
  1.668933e+002 -2.310622e+001
  1.688933e+002 -2.318449e+001
  1.708933e+002 -2.326233e+001
  1.728933e+002 -2.333971e+001
  1.748933e+002 -2.341664e+001
  1.768933e+002 -2.349314e+001
  1.788933e+002 -2.356921e+001
  1.808933e+002 -2.364486e+001
  1.828933e+002 -2.372008e+001
  1.848933e+002 -2.379490e+001
  1.868933e+002 -2.386931e+001
  1.888933e+002 -2.394334e+001
  1.908933e+002 -2.401698e+001
  1.928933e+002 -2.409025e+001
  1.948933e+002 -2.416315e+001
  1.968933e+002 -2.423570e+001
  1.988933e+002 -2.430789e+001
  2.008933e+002 -2.437974e+001
  2.028933e+002 -2.445125e+001
  2.048933e+002 -2.452243e+001
  2.068933e+002 -2.459329e+001
  2.088933e+002 -2.466383e+001
  2.108933e+002 -2.473406e+001
  2.128933e+002 -2.480399e+001
  2.148933e+002 -2.487362e+001
  2.168933e+002 -2.494296e+001
  2.188933e+002 -2.501202e+001
  2.208933e+002 -2.508079e+001
  2.228933e+002 -2.514930e+001
  2.248933e+002 -2.521753e+001
  2.268933e+002 -2.528550e+001
  2.288933e+002 -2.535322e+001
  2.308933e+002 -2.542068e+001
  2.328933e+002 -2.548792e+001
  2.348933e+002 -2.555490e+001
  2.368933e+002 -2.562165e+001
  2.388933e+002 -2.568817e+001
  2.408933e+002 -2.575445e+001
  2.428933e+002 -2.582051e+001
  2.448933e+002 -2.588636e+001
  2.468933e+002 -2.595199e+001
  2.488933e+002 -2.601742e+001
  2.508933e+002 -2.608264e+001
  2.528933e+002 -2.614767e+001
  2.548933e+002 -2.621250e+001
  2.568933e+002 -2.627714e+001
  2.588933e+002 -2.634159e+001
  2.608933e+002 -2.640586e+001
  2.628933e+002 -2.646996e+001
  2.648933e+002 -2.653388e+001
  2.668933e+002 -2.659763e+001
  2.688933e+002 -2.666121e+001
  2.708933e+002 -2.672466e+001
  2.728933e+002 -2.678795e+001
  2.748933e+002 -2.685111e+001
  2.768933e+002 -2.691413e+001
  2.788933e+002 -2.697700e+001
  2.808933e+002 -2.703974e+001
  2.828933e+002 -2.710235e+001
  2.848933e+002 -2.716483e+001
  2.868933e+002 -2.722718e+001
  2.888933e+002 -2.728941e+001
  2.908933e+002 -2.735152e+001
  2.928933e+002 -2.741351e+001
  2.948933e+002 -2.747538e+001
  2.968933e+002 -2.753714e+001
  2.988933e+002 -2.759878e+001
  3.008933e+002 -2.766032e+001
  3.028933e+002 -2.772175e+001
  3.048933e+002 -2.778309e+001
  3.068933e+002 -2.784432e+001
  3.088933e+002 -2.790546e+001
  3.108933e+002 -2.796650e+001
  3.128933e+002 -2.802745e+001
  3.148933e+002 -2.808831e+001
  3.168933e+002 -2.814908e+001
  3.188933e+002 -2.820977e+001
  3.208933e+002 -2.827037e+001
  3.228933e+002 -2.833089e+001
  3.248933e+002 -2.839133e+001
  3.268933e+002 -2.845169e+001
  3.288933e+002 -2.851198e+001
  3.308933e+002 -2.857219e+001
  3.328933e+002 -2.863233e+001
  3.348933e+002 -2.869241e+001
  3.368933e+002 -2.875241e+001
  3.388933e+002 -2.881235e+001
  3.408933e+002 -2.887223e+001
  3.428933e+002 -2.893205e+001
  3.448933e+002 -2.899180e+001
  3.468933e+002 -2.905150e+001
  3.488933e+002 -2.911115e+001
  3.508933e+002 -2.917074e+001
  3.528933e+002 -2.923028e+001
  3.548933e+002 -2.928976e+001
  3.568933e+002 -2.934921e+001
  3.588933e+002 -2.940860e+001
  3.608933e+002 -2.946795e+001
  3.628933e+002 -2.952726e+001
  3.648933e+002 -2.958652e+001
  3.668933e+002 -2.964575e+001
  3.688933e+002 -2.970494e+001
  3.708933e+002 -2.976410e+001
  3.728933e+002 -2.982322e+001
  3.748933e+002 -2.988231e+001
  3.768933e+002 -2.994137e+001
  3.788933e+002 -3.000041e+001
  3.808933e+002 -3.005941e+001
  3.828933e+002 -3.011840e+001
  3.848933e+002 -3.017736e+001
  3.868933e+002 -3.023637e+001
  3.888933e+002 -3.029533e+001
  3.908933e+002 -3.035425e+001
  3.928933e+002 -3.041315e+001
  3.948933e+002 -3.047203e+001
  3.968933e+002 -3.053089e+001
  3.988933e+002 -3.058975e+001
  4.000000e+002 -3.062235e+001

Curve 2
X : Time
Y : Thickness of Element [Node 1]

       X              Y       
------------------------------
  0.000000e+000  9.300000e-001
  4.000000e-002  9.254339e-001
  8.000000e-002  9.233161e-001
  1.200000e-001  9.214180e-001
  1.680000e-001  9.198173e-001
  2.256000e-001  9.183737e-001
  2.947200e-001  9.162398e-001
  3.776640e-001  9.137630e-001
  4.771968e-001  9.117931e-001
  5.767296e-001  9.097983e-001
  6.961690e-001  9.081504e-001
  8.394962e-001  9.060642e-001
  1.011489e+000  9.036892e-001
  1.217880e+000  9.011195e-001
  1.465550e+000  8.983992e-001
  1.762753e+000  8.955412e-001
  2.119397e+000  8.931336e-001
  2.547370e+000  8.907786e-001
  2.975343e+000  8.885916e-001
  3.403315e+000  8.862702e-001
  3.916883e+000  8.835357e-001
  4.533164e+000  8.811510e-001
  5.149445e+000  8.785917e-001
  5.888981e+000  8.755507e-001
  6.776426e+000  8.720900e-001
  7.841359e+000  8.682416e-001
  9.119279e+000  8.640153e-001
  1.065278e+001  8.604396e-001
  1.218629e+001  8.570975e-001
  1.371979e+001  8.535676e-001
  1.556000e+001  8.493831e-001
  1.756000e+001  8.459543e-001
  1.956000e+001  8.422614e-001
  2.156000e+001  8.385398e-001
  2.356000e+001  8.349042e-001
  2.556000e+001  8.313995e-001
  2.756000e+001  8.280364e-001
  2.956000e+001  8.255201e-001
  3.156000e+001  8.230092e-001
  3.356000e+001  8.206750e-001
  3.556000e+001  8.181002e-001
  3.756000e+001  8.158610e-001
  3.956000e+001  8.134069e-001
  4.156000e+001  8.108722e-001
  4.356000e+001  8.083305e-001
  4.556000e+001  8.058180e-001
  4.756000e+001  8.033509e-001
  4.956000e+001  8.009349e-001
  5.156000e+001  7.985711e-001
  5.356000e+001  7.967690e-001
  5.556000e+001  7.947661e-001
  5.756000e+001  7.926732e-001
  5.956000e+001  7.905532e-001
  6.156000e+001  7.884387e-001
  6.356000e+001  7.863452e-001
  6.556000e+001  7.842797e-001
  6.756000e+001  7.822449e-001
  6.956000e+001  7.802410e-001
  7.156000e+001  7.782675e-001
  7.356000e+001  7.767172e-001
  7.556000e+001  7.751750e-001
  7.722666e+001  7.739349e-001
  7.889333e+001  7.725492e-001
  8.089333e+001  7.710341e-001
  8.289333e+001  7.693752e-001
  8.489333e+001  7.676487e-001
  8.689333e+001  7.658971e-001
  8.889333e+001  7.644738e-001
  9.089333e+001  7.629007e-001
  9.289333e+001  7.612547e-001
  9.489333e+001  7.595792e-001
  9.689333e+001  7.578974e-001
  9.889333e+001  7.562209e-001
  1.008933e+002  7.545553e-001
  1.028933e+002  7.529032e-001
  1.048933e+002  7.512656e-001
  1.068933e+002  7.496428e-001
  1.088933e+002  7.480346e-001
  1.108933e+002  7.464408e-001
  1.128933e+002  7.448611e-001
  1.148933e+002  7.432949e-001
  1.168933e+002  7.417419e-001
  1.188933e+002  7.402017e-001
  1.208933e+002  7.386739e-001
  1.228933e+002  7.375032e-001
  1.248933e+002  7.361817e-001
  1.268933e+002  7.347817e-001
  1.288933e+002  7.333450e-001
  1.308933e+002  7.318945e-001
  1.328933e+002  7.304418e-001
  1.348933e+002  7.289930e-001
  1.368933e+002  7.275507e-001
  1.388933e+002  7.261165e-001
  1.408933e+002  7.246907e-001
  1.428933e+002  7.232737e-001
  1.448933e+002  7.218652e-001
  1.468933e+002  7.204651e-001
  1.488933e+002  7.190734e-001
  1.508933e+002  7.176898e-001
  1.528933e+002  7.166024e-001
  1.548933e+002  7.153869e-001
  1.568933e+002  7.141043e-001
  1.588933e+002  7.127895e-001
  1.608933e+002  7.114615e-001
  1.628933e+002  7.101302e-001
  1.648933e+002  7.088003e-001
  1.668933e+002  7.074744e-001
  1.688933e+002  7.061537e-001
  1.708933e+002  7.048386e-001
  1.728933e+002  7.035294e-001
  1.748933e+002  7.022259e-001
  1.768933e+002  7.009283e-001
  1.788933e+002  6.996365e-001
  1.808933e+002  6.983501e-001
  1.828933e+002  6.970693e-001
  1.848933e+002  6.957939e-001
  1.868933e+002  6.945236e-001
  1.888933e+002  6.932585e-001
  1.908933e+002  6.919985e-001
  1.928933e+002  6.907433e-001
  1.948933e+002  6.894929e-001
  1.968933e+002  6.882473e-001
  1.988933e+002  6.870063e-001
  2.008933e+002  6.857698e-001
  2.028933e+002  6.845376e-001
  2.048933e+002  6.833099e-001
  2.068933e+002  6.820863e-001
  2.088933e+002  6.808670e-001
  2.108933e+002  6.796517e-001
  2.128933e+002  6.784403e-001
  2.148933e+002  6.772329e-001
  2.168933e+002  6.760293e-001
  2.188933e+002  6.748294e-001
  2.208933e+002  6.736332e-001
  2.228933e+002  6.724406e-001
  2.248933e+002  6.712515e-001
  2.268933e+002  6.700659e-001
  2.288933e+002  6.688836e-001
  2.308933e+002  6.677047e-001
  2.328933e+002  6.665282e-001
  2.348933e+002  6.653553e-001
  2.368933e+002  6.641857e-001
  2.388933e+002  6.630192e-001
  2.408933e+002  6.618558e-001
  2.428933e+002  6.606953e-001
  2.448933e+002  6.595377e-001
  2.468933e+002  6.583828e-001
  2.488933e+002  6.572307e-001
  2.508933e+002  6.560813e-001
  2.528933e+002  6.549344e-001
  2.548933e+002  6.537901e-001
  2.568933e+002  6.526483e-001
  2.588933e+002  6.515090e-001
  2.608933e+002  6.503720e-001
  2.628933e+002  6.492374e-001
  2.648933e+002  6.481051e-001
  2.668933e+002  6.469750e-001
  2.688933e+002  6.458471e-001
  2.708933e+002  6.447213e-001
  2.728933e+002  6.435977e-001
  2.748933e+002  6.424760e-001
  2.768933e+002  6.413563e-001
  2.788933e+002  6.402386e-001
  2.808933e+002  6.391228e-001
  2.828933e+002  6.380089e-001
  2.848933e+002  6.368968e-001
  2.868933e+002  6.357864e-001
  2.888933e+002  6.346778e-001
  2.908933e+002  6.335708e-001
  2.928933e+002  6.324655e-001
  2.948933e+002  6.313617e-001
  2.968933e+002  6.302596e-001
  2.988933e+002  6.291589e-001
  3.008933e+002  6.280598e-001
  3.028933e+002  6.269621e-001
  3.048933e+002  6.258658e-001
  3.068933e+002  6.247708e-001
  3.088933e+002  6.236772e-001
  3.108933e+002  6.225849e-001
  3.128933e+002  6.214938e-001
  3.148933e+002  6.204040e-001
  3.168933e+002  6.193153e-001
  3.188933e+002  6.182278e-001
  3.208933e+002  6.171415e-001
  3.228933e+002  6.160562e-001
  3.248933e+002  6.149721e-001
  3.268933e+002  6.138889e-001
  3.288933e+002  6.128067e-001
  3.308933e+002  6.117255e-001
  3.328933e+002  6.106453e-001
  3.348933e+002  6.095659e-001
  3.368933e+002  6.084875e-001
  3.388933e+002  6.074099e-001
  3.408933e+002  6.063331e-001
  3.428933e+002  6.052572e-001
  3.448933e+002  6.041819e-001
  3.468933e+002  6.031075e-001
  3.488933e+002  6.020337e-001
  3.508933e+002  6.009607e-001
  3.528933e+002  5.998883e-001
  3.548933e+002  5.988165e-001
  3.568933e+002  5.977454e-001
  3.588933e+002  5.966748e-001
  3.608933e+002  5.956047e-001
  3.628933e+002  5.945352e-001
  3.648933e+002  5.934662e-001
  3.668933e+002  5.923977e-001
  3.688933e+002  5.913296e-001
  3.708933e+002  5.902619e-001
  3.728933e+002  5.891947e-001
  3.748933e+002  5.881278e-001
  3.768933e+002  5.870612e-001
  3.788933e+002  5.859950e-001
  3.808933e+002  5.849291e-001
  3.828933e+002  5.838634e-001
  3.848933e+002  5.827979e-001
  3.868933e+002  5.817312e-001
  3.888933e+002  5.806654e-001
  3.908933e+002  5.796002e-001
  3.928933e+002  5.785353e-001
  3.948933e+002  5.774706e-001
  3.968933e+002  5.764061e-001
  3.988933e+002  5.753416e-001
  4.000000e+002  5.747522e-001
