HISTORY PLOT
job1

Curve 1
X : Time
Y : Displacement Y [Node 1]

       X              Y       
------------------------------
  0.000000e+000  0.000000e+000
  2.600000e-001 -3.051505e+000
  5.200000e-001 -3.604263e+000
  7.800000e-001 -3.933401e+000
  1.092000e+000 -4.286711e+000
  1.466400e+000 -4.567300e+000
  1.840800e+000 -5.087858e+000
  2.290080e+000 -5.631227e+000
  2.829216e+000 -6.082159e+000
  3.476179e+000 -6.400604e+000
  4.123142e+000 -6.718425e+000
  4.899498e+000 -6.989870e+000
  5.675854e+000 -7.261270e+000
  6.607481e+000 -7.559892e+000
  7.725433e+000 -7.874106e+000
  9.066977e+000 -8.197995e+000
  1.067683e+001 -8.529195e+000
  1.260865e+001 -8.867285e+000
  1.492684e+001 -9.114583e+000
  1.724502e+001 -9.345109e+000
  1.956321e+001 -9.546890e+000
  2.188139e+001 -9.763788e+000
  2.466322e+001 -1.001981e+001
  2.800141e+001 -1.024998e+001
  3.200723e+001 -1.053561e+001
  3.681422e+001 -1.086312e+001
  4.258261e+001 -1.122294e+001
  4.950468e+001 -1.160932e+001
  5.781116e+001 -1.201924e+001
  6.777893e+001 -1.235126e+001
  7.774671e+001 -1.265130e+001
  8.970804e+001 -1.302472e+001
  1.027080e+002 -1.341574e+001
  1.157080e+002 -1.369616e+001
  1.287080e+002 -1.399735e+001
  1.417080e+002 -1.429784e+001
  1.547080e+002 -1.458759e+001
  1.677080e+002 -1.486305e+001
  1.807080e+002 -1.512378e+001
  1.937080e+002 -1.532767e+001
  2.067080e+002 -1.550919e+001
  2.197080e+002 -1.569050e+001
  2.327080e+002 -1.588550e+001
  2.457080e+002 -1.605398e+001
  2.587080e+002 -1.623541e+001
  2.717080e+002 -1.642039e+001
  2.847080e+002 -1.660394e+001
  2.977080e+002 -1.678375e+001
  3.107080e+002 -1.695889e+001
  3.237080e+002 -1.712909e+001
  3.367080e+002 -1.729444e+001
  3.497080e+002 -1.742463e+001
  3.627080e+002 -1.756571e+001
  3.757080e+002 -1.771083e+001
  3.887080e+002 -1.785626e+001
  4.017080e+002 -1.800015e+001
  4.147080e+002 -1.814166e+001
  4.277080e+002 -1.828047e+001
  4.407080e+002 -1.841649e+001
  4.537080e+002 -1.854976e+001
  4.667080e+002 -1.868040e+001
  4.797080e+002 -1.880853e+001
  4.927080e+002 -1.893436e+001
  5.057080e+002 -1.905797e+001
  5.187081e+002 -1.915398e+001
  5.317081e+002 -1.926032e+001
  5.447081e+002 -1.937146e+001
  5.577081e+002 -1.948424e+001
  5.707081e+002 -1.957558e+001
  5.837081e+002 -1.967645e+001
  5.967081e+002 -1.978180e+001
  6.097081e+002 -1.988876e+001
  6.227081e+002 -1.999582e+001
  6.357081e+002 -2.010224e+001
  6.487081e+002 -2.020765e+001
  6.617081e+002 -2.031190e+001
  6.747081e+002 -2.041494e+001
  6.877081e+002 -2.051675e+001
  7.007081e+002 -2.061736e+001
  7.137081e+002 -2.071680e+001
  7.267081e+002 -2.081510e+001
  7.397081e+002 -2.091230e+001
  7.527081e+002 -2.100843e+001
  7.657081e+002 -2.110353e+001
  7.787081e+002 -2.119753e+001
  7.917081e+002 -2.129060e+001
  8.047081e+002 -2.138277e+001
  8.177081e+002 -2.147405e+001
  8.307081e+002 -2.156446e+001
  8.437081e+002 -2.165402e+001
  8.567081e+002 -2.174276e+001
  8.697081e+002 -2.183071e+001
  8.827081e+002 -2.191788e+001
  8.957081e+002 -2.200430e+001
  9.087081e+002 -2.208999e+001
  9.217081e+002 -2.217497e+001
  9.347081e+002 -2.225927e+001
  9.477081e+002 -2.234290e+001
  9.607081e+002 -2.242588e+001
  9.737081e+002 -2.250823e+001
  9.867081e+002 -2.257386e+001
  9.997081e+002 -2.264657e+001
  1.012708e+003 -2.272293e+001
  1.025708e+003 -2.280093e+001
  1.038708e+003 -2.287954e+001
  1.051708e+003 -2.295820e+001
  1.064708e+003 -2.303665e+001
  1.077708e+003 -2.311476e+001
  1.090708e+003 -2.319245e+001
  1.103708e+003 -2.326970e+001
  1.116708e+003 -2.334650e+001
  1.129708e+003 -2.342287e+001
  1.142708e+003 -2.349881e+001
  1.155708e+003 -2.357432e+001
  1.168708e+003 -2.364941e+001
  1.181708e+003 -2.372409e+001
  1.194708e+003 -2.379837e+001
  1.207708e+003 -2.387226e+001
  1.220708e+003 -2.394576e+001
  1.233708e+003 -2.401888e+001
  1.246708e+003 -2.409164e+001
  1.259708e+003 -2.416403e+001
  1.272708e+003 -2.423607e+001
  1.285708e+003 -2.430777e+001
  1.298708e+003 -2.437912e+001
  1.311708e+003 -2.445014e+001
  1.324708e+003 -2.452084e+001
  1.337708e+003 -2.459122e+001
  1.350708e+003 -2.466129e+001
  1.363708e+003 -2.473105e+001
  1.376708e+003 -2.480051e+001
  1.389708e+003 -2.486968e+001
  1.402708e+003 -2.493856e+001
  1.415708e+003 -2.500715e+001
  1.428708e+003 -2.507548e+001
  1.441708e+003 -2.514353e+001
  1.454708e+003 -2.521132e+001
  1.467708e+003 -2.527885e+001
  1.480708e+003 -2.534612e+001
  1.493708e+003 -2.541315e+001
  1.506708e+003 -2.547995e+001
  1.519708e+003 -2.554651e+001
  1.532708e+003 -2.561283e+001
  1.545708e+003 -2.567891e+001
  1.558708e+003 -2.574477e+001
  1.571708e+003 -2.581042e+001
  1.584708e+003 -2.587584e+001
  1.597708e+003 -2.594106e+001
  1.610708e+003 -2.600607e+001
  1.623708e+003 -2.607088e+001
  1.636708e+003 -2.613549e+001
  1.649708e+003 -2.619991e+001
  1.662708e+003 -2.626414e+001
  1.675708e+003 -2.632819e+001
  1.688708e+003 -2.639206e+001
  1.701708e+003 -2.645575e+001
  1.714708e+003 -2.651927e+001
  1.727708e+003 -2.658262e+001
  1.740708e+003 -2.664581e+001
  1.753708e+003 -2.670884e+001
  1.766708e+003 -2.677173e+001
  1.779708e+003 -2.683449e+001
  1.792708e+003 -2.689710e+001
  1.805708e+003 -2.695959e+001
  1.818708e+003 -2.702193e+001
  1.831708e+003 -2.708414e+001
  1.844708e+003 -2.714622e+001
  1.857708e+003 -2.720819e+001
  1.870708e+003 -2.727004e+001
  1.883708e+003 -2.733178e+001
  1.896708e+003 -2.739338e+001
  1.909708e+003 -2.745486e+001
  1.922708e+003 -2.751623e+001
  1.935708e+003 -2.757747e+001
  1.948708e+003 -2.763861e+001
  1.961708e+003 -2.769964e+001
  1.974708e+003 -2.776058e+001
  1.987708e+003 -2.782142e+001
  2.000708e+003 -2.788216e+001
  2.013708e+003 -2.794280e+001
  2.026708e+003 -2.800336e+001
  2.039708e+003 -2.806382e+001
  2.052708e+003 -2.812420e+001
  2.065708e+003 -2.818449e+001
  2.078708e+003 -2.824470e+001
  2.091708e+003 -2.830482e+001
  2.104708e+003 -2.836487e+001
  2.117708e+003 -2.842484e+001
  2.130708e+003 -2.848473e+001
  2.143708e+003 -2.854456e+001
  2.156708e+003 -2.860431e+001
  2.169708e+003 -2.866399e+001
  2.182708e+003 -2.872360e+001
  2.195708e+003 -2.878315e+001
  2.208708e+003 -2.884264e+001
  2.221708e+003 -2.890206e+001
  2.234708e+003 -2.896143e+001
  2.247708e+003 -2.902074e+001
  2.260708e+003 -2.907999e+001
  2.273708e+003 -2.913919e+001
  2.286708e+003 -2.919833e+001
  2.299708e+003 -2.925743e+001
  2.312708e+003 -2.931648e+001
  2.325708e+003 -2.937548e+001
  2.338708e+003 -2.943444e+001
  2.351708e+003 -2.949335e+001
  2.364708e+003 -2.955223e+001
  2.377708e+003 -2.961106e+001
  2.390708e+003 -2.966986e+001
  2.403708e+003 -2.972862e+001
  2.416708e+003 -2.978735e+001
  2.429708e+003 -2.984604e+001
  2.442708e+003 -2.990471e+001
  2.455708e+003 -2.996334e+001
  2.468708e+003 -3.002195e+001
  2.481708e+003 -3.008054e+001
  2.494708e+003 -3.013910e+001
  2.507708e+003 -3.019764e+001
  2.520708e+003 -3.025623e+001
  2.533708e+003 -3.031477e+001
  2.546708e+003 -3.037327e+001
  2.559708e+003 -3.043175e+001
  2.572708e+003 -3.049022e+001
  2.585708e+003 -3.054867e+001
  2.598708e+003 -3.060711e+001
  2.600000e+003 -3.061294e+001

Curve 2
X : Time
Y : Thickness of Element [Node 1]

       X              Y       
------------------------------
  0.000000e+000  9.300000e-001
  2.600000e-001  9.263875e-001
  5.200000e-001  9.247605e-001
  7.800000e-001  9.236370e-001
  1.092000e+000  9.223075e-001
  1.466400e+000  9.211599e-001
  1.840800e+000  9.187967e-001
  2.290080e+000  9.161470e-001
  2.829216e+000  9.137567e-001
  3.476179e+000  9.119275e-001
  4.123142e+000  9.100177e-001
  4.899498e+000  9.083036e-001
  5.675854e+000  9.065284e-001
  6.607481e+000  9.045032e-001
  7.725433e+000  9.022892e-001
  9.066977e+000  8.999164e-001
  1.067683e+001  8.973946e-001
  1.260865e+001  8.947207e-001
  1.492684e+001  8.926922e-001
  1.724502e+001  8.907505e-001
  1.956321e+001  8.890141e-001
  2.188139e+001  8.871125e-001
  2.466322e+001  8.848206e-001
  2.800141e+001  8.827081e-001
  3.200723e+001  8.800305e-001
  3.681422e+001  8.768828e-001
  4.258261e+001  8.733281e-001
  4.950468e+001  8.693985e-001
  5.781116e+001  8.651027e-001
  6.777893e+001  8.615090e-001
  7.774671e+001  8.581933e-001
  8.970804e+001  8.539846e-001
  1.027080e+002  8.494758e-001
  1.157080e+002  8.461677e-001
  1.287080e+002  8.425518e-001
  1.417080e+002  8.388799e-001
  1.547080e+002  8.352785e-001
  1.677080e+002  8.317995e-001
  1.807080e+002  8.284574e-001
  1.937080e+002  8.258115e-001
  2.067080e+002  8.234303e-001
  2.197080e+002  8.210286e-001
  2.327080e+002  8.184249e-001
  2.457080e+002  8.161543e-001
  2.587080e+002  8.136914e-001
  2.717080e+002  8.111608e-001
  2.847080e+002  8.086296e-001
  2.977080e+002  8.061306e-001
  3.107080e+002  8.036779e-001
  3.237080e+002  8.012767e-001
  3.367080e+002  7.989274e-001
  3.497080e+002  7.970652e-001
  3.627080e+002  7.950358e-001
  3.757080e+002  7.929364e-001
  3.887080e+002  7.908204e-001
  4.017080e+002  7.887151e-001
  4.147080e+002  7.866333e-001
  4.277080e+002  7.845805e-001
  4.407080e+002  7.825585e-001
  4.537080e+002  7.805675e-001
  4.667080e+002  7.786066e-001
  4.797080e+002  7.766748e-001
  4.927080e+002  7.747709e-001
  5.057080e+002  7.728935e-001
  5.187081e+002  7.714304e-001
  5.317081e+002  7.698049e-001
  5.447081e+002  7.681003e-001
  5.577081e+002  7.663646e-001
  5.707081e+002  7.649546e-001
  5.837081e+002  7.633930e-001
  5.967081e+002  7.617572e-001
  6.097081e+002  7.600912e-001
  6.227081e+002  7.584185e-001
  6.357081e+002  7.567507e-001
  6.487081e+002  7.550937e-001
  6.617081e+002  7.534501e-001
  6.747081e+002  7.518208e-001
  6.877081e+002  7.502063e-001
  7.007081e+002  7.486063e-001
  7.137081e+002  7.470206e-001
  7.267081e+002  7.454489e-001
  7.397081e+002  7.438906e-001
  7.527081e+002  7.423455e-001
  7.657081e+002  7.408131e-001
  7.787081e+002  7.392941e-001
  7.917081e+002  7.377866e-001
  8.047081e+002  7.362904e-001
  8.177081e+002  7.348053e-001
  8.307081e+002  7.333311e-001
  8.437081e+002  7.318674e-001
  8.567081e+002  7.304140e-001
  8.697081e+002  7.289706e-001
  8.827081e+002  7.275369e-001
  8.957081e+002  7.261125e-001
  9.087081e+002  7.246974e-001
  9.217081e+002  7.232911e-001
  9.347081e+002  7.218936e-001
  9.477081e+002  7.205044e-001
  9.607081e+002  7.191234e-001
  9.737081e+002  7.177505e-001
  9.867081e+002  7.166553e-001
  9.997081e+002  7.154401e-001
  1.012708e+003  7.141624e-001
  1.025708e+003  7.128552e-001
  1.038708e+003  7.115361e-001
  1.051708e+003  7.102141e-001
  1.064708e+003  7.088940e-001
  1.077708e+003  7.075779e-001
  1.090708e+003  7.062670e-001
  1.103708e+003  7.049616e-001
  1.116708e+003  7.036620e-001
  1.129708e+003  7.023682e-001
  1.142708e+003  7.010801e-001
  1.155708e+003  6.997976e-001
  1.168708e+003  6.985206e-001
  1.181708e+003  6.972491e-001
  1.194708e+003  6.959828e-001
  1.207708e+003  6.947216e-001
  1.220708e+003  6.934656e-001
  1.233708e+003  6.922144e-001
  1.246708e+003  6.909681e-001
  1.259708e+003  6.897266e-001
  1.272708e+003  6.884897e-001
  1.285708e+003  6.872573e-001
  1.298708e+003  6.860294e-001
  1.311708e+003  6.848059e-001
  1.324708e+003  6.835866e-001
  1.337708e+003  6.823715e-001
  1.350708e+003  6.811605e-001
  1.363708e+003  6.799536e-001
  1.376708e+003  6.787505e-001
  1.389708e+003  6.775513e-001
  1.402708e+003  6.763559e-001
  1.415708e+003  6.751642e-001
  1.428708e+003  6.739761e-001
  1.441708e+003  6.727915e-001
  1.454708e+003  6.716105e-001
  1.467708e+003  6.704328e-001
  1.480708e+003  6.692585e-001
  1.493708e+003  6.680874e-001
  1.506708e+003  6.669188e-001
  1.519708e+003  6.657537e-001
  1.532708e+003  6.645919e-001
  1.545708e+003  6.634332e-001
  1.558708e+003  6.622775e-001
  1.571708e+003  6.611247e-001
  1.584708e+003  6.599747e-001
  1.597708e+003  6.588275e-001
  1.610708e+003  6.576830e-001
  1.623708e+003  6.565411e-001
  1.636708e+003  6.554019e-001
  1.649708e+003  6.542651e-001
  1.662708e+003  6.531308e-001
  1.675708e+003  6.519990e-001
  1.688708e+003  6.508695e-001
  1.701708e+003  6.497424e-001
  1.714708e+003  6.486175e-001
  1.727708e+003  6.474948e-001
  1.740708e+003  6.463743e-001
  1.753708e+003  6.452559e-001
  1.766708e+003  6.441396e-001
  1.779708e+003  6.430253e-001
  1.792708e+003  6.419130e-001
  1.805708e+003  6.408026e-001
  1.818708e+003  6.396941e-001
  1.831708e+003  6.385875e-001
  1.844708e+003  6.374826e-001
  1.857708e+003  6.363785e-001
  1.870708e+003  6.352758e-001
  1.883708e+003  6.341745e-001
  1.896708e+003  6.330757e-001
  1.909708e+003  6.319790e-001
  1.922708e+003  6.308839e-001
  1.935708e+003  6.297905e-001
  1.948708e+003  6.286986e-001
  1.961708e+003  6.276082e-001
  1.974708e+003  6.265192e-001
  1.987708e+003  6.254315e-001
  2.000708e+003  6.243452e-001
  2.013708e+003  6.232602e-001
  2.026708e+003  6.221764e-001
  2.039708e+003  6.210938e-001
  2.052708e+003  6.200125e-001
  2.065708e+003  6.189322e-001
  2.078708e+003  6.178531e-001
  2.091708e+003  6.167751e-001
  2.104708e+003  6.156982e-001
  2.117708e+003  6.146223e-001
  2.130708e+003  6.135474e-001
  2.143708e+003  6.124734e-001
  2.156708e+003  6.114004e-001
  2.169708e+003  6.103284e-001
  2.182708e+003  6.092571e-001
  2.195708e+003  6.081868e-001
  2.208708e+003  6.071173e-001
  2.221708e+003  6.060486e-001
  2.234708e+003  6.049806e-001
  2.247708e+003  6.039134e-001
  2.260708e+003  6.028469e-001
  2.273708e+003  6.017811e-001
  2.286708e+003  6.007160e-001
  2.299708e+003  5.996515e-001
  2.312708e+003  5.985876e-001
  2.325708e+003  5.975243e-001
  2.338708e+003  5.964616e-001
  2.351708e+003  5.953993e-001
  2.364708e+003  5.943376e-001
  2.377708e+003  5.932764e-001
  2.390708e+003  5.922157e-001
  2.403708e+003  5.911553e-001
  2.416708e+003  5.900954e-001
  2.429708e+003  5.890359e-001
  2.442708e+003  5.879767e-001
  2.455708e+003  5.869178e-001
  2.468708e+003  5.858593e-001
  2.481708e+003  5.848010e-001
  2.494708e+003  5.837429e-001
  2.507708e+003  5.826851e-001
  2.520708e+003  5.816260e-001
  2.533708e+003  5.805679e-001
  2.546708e+003  5.795103e-001
  2.559708e+003  5.784530e-001
  2.572708e+003  5.773959e-001
  2.585708e+003  5.763389e-001
  2.598708e+003  5.752821e-001
  2.600000e+003  5.751769e-001
