HISTORY PLOT
job1

Curve 1
X : Time
Y : Displacement Y [Node 1]

       X              Y       
------------------------------
  0.000000e+000  0.000000e+000
  4.000000e-002 -4.212572e+000
  8.000000e-002 -5.305023e+000
  1.200000e-001 -5.875013e+000
  1.600000e-001 -6.217129e+000
  2.080000e-001 -6.448489e+000
  2.560000e-001 -7.041382e+000
  3.040000e-001 -7.589633e+000
  3.616000e-001 -8.133303e+000
  4.307200e-001 -8.649125e+000
  5.136640e-001 -9.015340e+000
  6.131968e-001 -9.341036e+000
  7.127296e-001 -9.610497e+000
  8.122624e-001 -9.895451e+000
  9.317018e-001 -1.022558e+001
  1.075029e+000 -1.058780e+001
  1.247022e+000 -1.097297e+001
  1.453413e+000 -1.137572e+001
  1.701082e+000 -1.179339e+001
  1.998286e+000 -1.209200e+001
  2.354930e+000 -1.240036e+001
  2.711574e+000 -1.268318e+001
  3.139547e+000 -1.304732e+001
  3.653114e+000 -1.347522e+001
  4.269395e+000 -1.384065e+001
  4.885675e+000 -1.422208e+001
  5.625213e+000 -1.466643e+001
  6.512657e+000 -1.516191e+001
  7.577590e+000 -1.555393e+001
  8.642524e+000 -1.591473e+001
  9.529968e+000 -1.619385e+001
  1.026951e+001 -1.644776e+001
  1.115695e+001 -1.675861e+001
  1.222188e+001 -1.712337e+001
  1.349980e+001 -1.743120e+001
  1.477772e+001 -1.776772e+001
  1.631123e+001 -1.817808e+001
  1.815143e+001 -1.865675e+001
  2.015143e+001 -1.903934e+001
  2.215143e+001 -1.938162e+001
  2.415143e+001 -1.972590e+001
  2.615143e+001 -2.009655e+001
  2.815143e+001 -2.047441e+001
  3.015143e+001 -2.084865e+001
  3.215143e+001 -2.121396e+001
  3.415143e+001 -2.156825e+001
  3.615143e+001 -2.191099e+001
  3.815143e+001 -2.224253e+001
  4.015143e+001 -2.249201e+001
  4.215143e+001 -2.273354e+001
  4.415143e+001 -2.297026e+001
  4.615143e+001 -2.322969e+001
  4.815143e+001 -2.344671e+001
  5.015143e+001 -2.368991e+001
  5.215143e+001 -2.394675e+001
  5.415143e+001 -2.420927e+001
  5.615143e+001 -2.447291e+001
  5.815143e+001 -2.473520e+001
  6.015143e+001 -2.499491e+001
  6.215143e+001 -2.525151e+001
  6.415143e+001 -2.550482e+001
  6.615143e+001 -2.575491e+001
  6.815143e+001 -2.600187e+001
  7.015143e+001 -2.624590e+001
  7.215143e+001 -2.648719e+001
  7.415143e+001 -2.667099e+001
  7.615143e+001 -2.685854e+001
  7.815143e+001 -2.706499e+001
  8.015143e+001 -2.724570e+001
  8.215143e+001 -2.744675e+001
  8.415143e+001 -2.765950e+001
  8.615143e+001 -2.784008e+001
  8.815143e+001 -2.803960e+001
  9.015143e+001 -2.825009e+001
  9.215143e+001 -2.846655e+001
  9.415143e+001 -2.868607e+001
  9.615143e+001 -2.890701e+001
  9.815143e+001 -2.912851e+001
  1.001514e+002 -2.935011e+001
  1.021514e+002 -2.957161e+001
  1.041514e+002 -2.979295e+001
  1.061514e+002 -3.001412e+001
  1.081514e+002 -3.023518e+001
  1.101514e+002 -3.040605e+001
  1.121514e+002 -3.059749e+001
  1.141514e+002 -3.080147e+001
  1.161514e+002 -3.101287e+001
  1.181514e+002 -3.122869e+001
  1.201514e+002 -3.140535e+001
  1.221514e+002 -3.160106e+001
  1.241514e+002 -3.180851e+001
  1.261514e+002 -3.197909e+001
  1.281514e+002 -3.217178e+001
  1.301514e+002 -3.237835e+001
  1.321514e+002 -3.259352e+001
  1.341514e+002 -3.277611e+001
  1.361514e+002 -3.297775e+001
  1.381514e+002 -3.319139e+001
  1.401514e+002 -3.341263e+001
  1.421514e+002 -3.363895e+001
  1.441514e+002 -3.386894e+001
  1.461514e+002 -3.410185e+001
  1.481514e+002 -3.433731e+001
  1.501514e+002 -3.457519e+001
  1.521514e+002 -3.481545e+001
  1.541514e+002 -3.505816e+001
  1.561514e+002 -3.530341e+001
  1.581514e+002 -3.555133e+001
  1.601514e+002 -3.580208e+001
  1.621514e+002 -3.601853e+001
  1.641514e+002 -3.621737e+001
  1.661514e+002 -3.644209e+001
  1.681514e+002 -3.668400e+001
  1.701514e+002 -3.693762e+001
  1.721514e+002 -3.715519e+001
  1.741514e+002 -3.736417e+001
  1.761514e+002 -3.760192e+001
  1.781514e+002 -3.782869e+001
  1.801514e+002 -3.808073e+001
  1.821514e+002 -3.835019e+001
  1.841514e+002 -3.863234e+001
  1.861514e+002 -3.886863e+001
  1.878181e+002 -3.909069e+001
  1.898181e+002 -3.937762e+001
  1.918181e+002 -3.967970e+001
  1.938181e+002 -3.999402e+001
  1.958181e+002 -4.031918e+001
  1.978181e+002 -4.065466e+001
  1.998181e+002 -4.100050e+001
  2.018181e+002 -4.135711e+001
  2.038181e+002 -4.172514e+001
  2.058181e+002 -4.210542e+001
  2.078181e+002 -4.249899e+001
  2.098181e+002 -4.290707e+001
  2.118181e+002 -4.333107e+001
  2.138181e+002 -4.369032e+001
  2.158181e+002 -4.408330e+001
  2.174848e+002 -4.440815e+001
  2.194848e+002 -4.482309e+001
  2.214848e+002 -4.528777e+001
  2.234848e+002 -4.574842e+001
  2.254848e+002 -4.626382e+001
  2.274848e+002 -4.682906e+001
  2.294848e+002 -4.737149e+001
  2.314848e+002 -4.798764e+001
  2.334848e+002 -4.867499e+001
  2.354848e+002 -4.943799e+001
  2.374848e+002 -5.028736e+001
  2.394848e+002 -5.124084e+001
  2.414848e+002 -5.232570e+001
  2.434848e+002 -5.369567e+001
  2.454848e+002 -5.542266e+001
  2.474848e+002 -5.794798e+001
  2.484848e+002 -5.967787e+001
  2.494848e+002 -6.223700e+001
  2.500980e+002 -6.490844e+001
  2.504843e+002 -6.814199e+001
  2.506267e+002 -7.013313e+001
  2.507453e+002 -7.323955e+001
  2.507993e+002 -7.623420e+001
  2.508188e+002 -7.829634e+001
  2.508296e+002 -8.066463e+001
  2.508336e+002 -8.235339e+001
  2.508376e+002 -8.536602e+001

Curve 2
X : Time
Y : Thickness of Element [Node 1]

       X              Y       
------------------------------
  0.000000e+000  9.300000e-001
  4.000000e-002  9.253598e-001
  8.000000e-002  9.207609e-001
  1.200000e-001  9.177926e-001
  1.600000e-001  9.158732e-001
  2.080000e-001  9.144957e-001
  2.560000e-001  9.106851e-001
  3.040000e-001  9.069662e-001
  3.616000e-001  9.030443e-001
  4.307200e-001  8.990840e-001
  5.136640e-001  8.961188e-001
  6.131968e-001  8.933444e-001
  7.127296e-001  8.909748e-001
  8.122624e-001  8.884061e-001
  9.317018e-001  8.853509e-001
  1.075029e+000  8.819006e-001
  1.247022e+000  8.781165e-001
  1.453413e+000  8.740318e-001
  1.701082e+000  8.696579e-001
  1.998286e+000  8.664427e-001
  2.354930e+000  8.630283e-001
  2.711574e+000  8.598302e-001
  3.139547e+000  8.556338e-001
  3.653114e+000  8.505894e-001
  4.269395e+000  8.461484e-001
  4.885675e+000  8.414184e-001
  5.625213e+000  8.357893e-001
  6.512657e+000  8.293635e-001
  7.577590e+000  8.241343e-001
  8.642524e+000  8.192258e-001
  9.529968e+000  8.153707e-001
  1.026951e+001  8.118261e-001
  1.115695e+001  8.074381e-001
  1.222188e+001  8.022222e-001
  1.349980e+001  7.977459e-001
  1.477772e+001  7.927945e-001
  1.631123e+001  7.866778e-001
  1.815143e+001  7.794372e-001
  2.015143e+001  7.735381e-001
  2.215143e+001  7.681955e-001
  2.415143e+001  7.627603e-001
  2.615143e+001  7.568598e-001
  2.815143e+001  7.507901e-001
  3.015143e+001  7.447225e-001
  3.215143e+001  7.387448e-001
  3.415143e+001  7.328961e-001
  3.615143e+001  7.271896e-001
  3.815143e+001  7.216248e-001
  4.015143e+001  7.174103e-001
  4.215143e+001  7.132951e-001
  4.415143e+001  7.092413e-001
  4.615143e+001  7.047812e-001
  4.815143e+001  7.010337e-001
  5.015143e+001  6.968185e-001
  5.215143e+001  6.923497e-001
  5.415143e+001  6.877635e-001
  5.615143e+001  6.831391e-001
  5.815143e+001  6.785202e-001
  6.015143e+001  6.739290e-001
  6.215143e+001  6.693761e-001
  6.415143e+001  6.648655e-001
  6.615143e+001  6.603976e-001
  6.815143e+001  6.559713e-001
  7.015143e+001  6.515843e-001
  7.215143e+001  6.472340e-001
  7.415143e+001  6.439098e-001
  7.615143e+001  6.405098e-001
  7.815143e+001  6.367620e-001
  8.015143e+001  6.334734e-001
  8.215143e+001  6.298103e-001
  8.415143e+001  6.259291e-001
  8.615143e+001  6.226270e-001
  8.815143e+001  6.189750e-001
  9.015143e+001  6.151188e-001
  9.215143e+001  6.111494e-001
  9.415143e+001  6.071201e-001
  9.615143e+001  6.030608e-001
  9.815143e+001  5.989877e-001
  1.001514e+002  5.949092e-001
  1.021514e+002  5.908293e-001
  1.041514e+002  5.867495e-001
  1.061514e+002  5.826700e-001
  1.081514e+002  5.785905e-001
  1.101514e+002  5.754322e-001
  1.121514e+002  5.718921e-001
  1.141514e+002  5.681193e-001
  1.161514e+002  5.642084e-001
  1.181514e+002  5.602156e-001
  1.201514e+002  5.569453e-001
  1.221514e+002  5.533240e-001
  1.241514e+002  5.494877e-001
  1.261514e+002  5.463337e-001
  1.281514e+002  5.427722e-001
  1.301514e+002  5.389566e-001
  1.321514e+002  5.349851e-001
  1.341514e+002  5.316145e-001
  1.361514e+002  5.278949e-001
  1.381514e+002  5.239581e-001
  1.401514e+002  5.198855e-001
  1.421514e+002  5.157246e-001
  1.441514e+002  5.115020e-001
  1.461514e+002  5.072317e-001
  1.481514e+002  5.029210e-001
  1.501514e+002  4.985730e-001
  1.521514e+002  4.941885e-001
  1.541514e+002  4.897672e-001
  1.561514e+002  4.853077e-001
  1.581514e+002  4.808084e-001
  1.601514e+002  4.762673e-001
  1.621514e+002  4.723529e-001
  1.641514e+002  4.687621e-001
  1.661514e+002  4.647099e-001
  1.681514e+002  4.603571e-001
  1.701514e+002  4.558051e-001
  1.721514e+002  4.519097e-001
  1.741514e+002  4.481761e-001
  1.761514e+002  4.439381e-001
  1.781514e+002  4.399062e-001
  1.801514e+002  4.354375e-001
  1.821514e+002  4.306767e-001
  1.841514e+002  4.257116e-001
  1.861514e+002  4.215689e-001
  1.878181e+002  4.176878e-001
  1.898181e+002  4.126888e-001
  1.918181e+002  4.074504e-001
  1.938181e+002  4.020278e-001
  1.958181e+002  3.964492e-001
  1.978181e+002  3.907269e-001
  1.998181e+002  3.848641e-001
  2.018181e+002  3.788578e-001
  2.038181e+002  3.727016e-001
  2.058181e+002  3.663861e-001
  2.078181e+002  3.598999e-001
  2.098181e+002  3.532293e-001
  2.118181e+002  3.463585e-001
  2.138181e+002  3.405890e-001
  2.158181e+002  3.343162e-001
  2.174848e+002  3.291686e-001
  2.194848e+002  3.226351e-001
  2.214848e+002  3.153885e-001
  2.234848e+002  3.082890e-001
  2.254848e+002  3.004312e-001
  2.274848e+002  2.919366e-001
  2.294848e+002  2.839151e-001
  2.314848e+002  2.749320e-001
  2.334848e+002  2.650995e-001
  2.354848e+002  2.544306e-001
  2.374848e+002  2.428625e-001
  2.394848e+002  2.302651e-001
  2.414848e+002  2.164326e-001
  2.434848e+002  1.996536e-001
  2.454848e+002  1.795718e-001
  2.474848e+002  1.522149e-001
  2.484848e+002  1.352590e-001
  2.494848e+002  1.118913e-001
  2.500980e+002  9.034192e-002
  2.504843e+002  6.771223e-002
  2.506267e+002  5.610290e-002
  2.507453e+002  4.013923e-002
  2.507993e+002  2.778264e-002
  2.508188e+002  2.110101e-002
  2.508296e+002  1.483239e-002
  2.508336e+002  1.145953e-002
  2.508376e+002  7.010379e-003
