HISTORY PLOT
job1

Curve 1
X : Time
Y : Displacement Y [Node 1]

       X              Y       
------------------------------
  0.000000e+000  0.000000e+000
  4.500000e-001 -3.436130e+000
  9.000000e-001 -4.032496e+000
  1.350000e+000 -4.460115e+000
  1.800000e+000 -4.744277e+000
  2.250000e+000 -4.951094e+000
  2.700000e+000 -5.577382e+000
  3.150000e+000 -6.135984e+000
  3.690000e+000 -6.518858e+000
  4.230000e+000 -6.887143e+000
  4.878000e+000 -7.272544e+000
  5.655600e+000 -7.657617e+000
  6.588720e+000 -8.036464e+000
  7.708464e+000 -8.408942e+000
  9.052156e+000 -8.777227e+000
  1.066459e+001 -9.032975e+000
  1.259951e+001 -9.314578e+000
  1.453442e+001 -9.555863e+000
  1.646934e+001 -9.809430e+000
  1.879124e+001 -1.010356e+001
  2.157752e+001 -1.034381e+001
  2.436381e+001 -1.060102e+001
  2.770734e+001 -1.090344e+001
  3.171959e+001 -1.124127e+001
  3.653428e+001 -1.160787e+001
  4.231192e+001 -1.199929e+001
  4.924508e+001 -1.231254e+001
  5.617823e+001 -1.259827e+001
  6.195587e+001 -1.284848e+001
  6.888903e+001 -1.314418e+001
  7.720882e+001 -1.348020e+001
  8.719257e+001 -1.376512e+001
  9.717632e+001 -1.406753e+001
  1.091568e+002 -1.442558e+001
  1.235334e+002 -1.483185e+001
  1.407853e+002 -1.528161e+001
  1.614876e+002 -1.564857e+001
  1.821899e+002 -1.597656e+001
  2.046899e+002 -1.636520e+001
  2.271899e+002 -1.675681e+001
  2.496899e+002 -1.713677e+001
  2.721899e+002 -1.741098e+001
  2.946899e+002 -1.771111e+001
  3.171899e+002 -1.801798e+001
  3.396899e+002 -1.832115e+001
  3.621899e+002 -1.861583e+001
  3.846899e+002 -1.882950e+001
  4.071899e+002 -1.904946e+001
  4.296899e+002 -1.926362e+001
  4.521899e+002 -1.949471e+001
  4.746899e+002 -1.969648e+001
  4.934399e+002 -1.987867e+001
  5.159399e+002 -2.010352e+001
  5.384399e+002 -2.032865e+001
  5.609399e+002 -2.055104e+001
  5.834399e+002 -2.076934e+001
  6.059399e+002 -2.098301e+001
  6.284399e+002 -2.119196e+001
  6.509399e+002 -2.135335e+001
  6.734399e+002 -2.153044e+001
  6.959399e+002 -2.171470e+001
  7.184399e+002 -2.190116e+001
  7.409399e+002 -2.208713e+001
  7.634399e+002 -2.227131e+001
  7.859399e+002 -2.245308e+001
  8.084399e+002 -2.258830e+001
  8.309399e+002 -2.272388e+001
  8.534399e+002 -2.287591e+001
  8.759399e+002 -2.301435e+001
  8.984399e+002 -2.316631e+001
  9.209399e+002 -2.332495e+001
  9.434399e+002 -2.345103e+001
  9.659399e+002 -2.359342e+001
  9.884399e+002 -2.374446e+001
  1.010940e+003 -2.389942e+001
  1.033440e+003 -2.405568e+001
  1.055940e+003 -2.421185e+001
  1.078440e+003 -2.436722e+001
  1.100940e+003 -2.452143e+001
  1.123440e+003 -2.467434e+001
  1.145940e+003 -2.482590e+001
  1.168440e+003 -2.497613e+001
  1.190940e+003 -2.512504e+001
  1.213440e+003 -2.527268e+001
  1.235940e+003 -2.541910e+001
  1.258440e+003 -2.552976e+001
  1.280940e+003 -2.565478e+001
  1.303440e+003 -2.578766e+001
  1.325940e+003 -2.592446e+001
  1.348440e+003 -2.606293e+001
  1.370940e+003 -2.620188e+001
  1.393440e+003 -2.634067e+001
  1.415940e+003 -2.647900e+001
  1.438440e+003 -2.661673e+001
  1.460940e+003 -2.672365e+001
  1.483440e+003 -2.684342e+001
  1.505940e+003 -2.697032e+001
  1.528440e+003 -2.710088e+001
  1.550940e+003 -2.720756e+001
  1.573440e+003 -2.732627e+001
  1.595940e+003 -2.745165e+001
  1.618440e+003 -2.758047e+001
  1.640940e+003 -2.771092e+001
  1.663440e+003 -2.784206e+001
  1.685940e+003 -2.797335e+001
  1.708440e+003 -2.810455e+001
  1.730940e+003 -2.823552e+001
  1.753440e+003 -2.836620e+001
  1.775940e+003 -2.849658e+001
  1.798440e+003 -2.862665e+001
  1.820940e+003 -2.875643e+001
  1.843440e+003 -2.888592e+001
  1.865940e+003 -2.901516e+001
  1.888440e+003 -2.914414e+001
  1.910940e+003 -2.927290e+001
  1.933440e+003 -2.940145e+001
  1.955940e+003 -2.952982e+001
  1.978440e+003 -2.965801e+001
  2.000940e+003 -2.978605e+001
  2.023440e+003 -2.991396e+001
  2.045940e+003 -3.004176e+001
  2.068440e+003 -3.016946e+001
  2.090940e+003 -3.029708e+001
  2.113440e+003 -3.039859e+001
  2.135940e+003 -3.051161e+001
  2.158440e+003 -3.063122e+001
  2.180940e+003 -3.075446e+001
  2.203440e+003 -3.087968e+001
  2.225940e+003 -3.100598e+001
  2.248440e+003 -3.113288e+001
  2.270940e+003 -3.126016e+001
  2.293440e+003 -3.138769e+001
  2.315940e+003 -3.151546e+001
  2.338440e+003 -3.161402e+001
  2.360940e+003 -3.172565e+001
  2.383440e+003 -3.184493e+001
  2.405940e+003 -3.196856e+001
  2.428440e+003 -3.209467e+001
  2.450940e+003 -3.222221e+001
  2.473440e+003 -3.235064e+001
  2.495940e+003 -3.247969e+001
  2.518440e+003 -3.260920e+001
  2.540940e+003 -3.270860e+001
  2.563440e+003 -3.282165e+001
  2.585940e+003 -3.294280e+001
  2.608440e+003 -3.306861e+001
  2.630940e+003 -3.319714e+001
  2.653440e+003 -3.332733e+001
  2.675940e+003 -3.345860e+001
  2.698440e+003 -3.359066e+001
  2.720940e+003 -3.372338e+001
  2.743440e+003 -3.385668e+001
  2.765940e+003 -3.399054e+001
  2.788440e+003 -3.412494e+001
  2.810940e+003 -3.425991e+001
  2.833440e+003 -3.439546e+001
  2.855940e+003 -3.453159e+001
  2.878440e+003 -3.466835e+001
  2.900940e+003 -3.480574e+001
  2.923440e+003 -3.494379e+001
  2.945940e+003 -3.508252e+001
  2.968440e+003 -3.522197e+001
  2.990940e+003 -3.536215e+001
  3.013440e+003 -3.550310e+001
  3.035940e+003 -3.564484e+001
  3.058440e+003 -3.578740e+001
  3.080940e+003 -3.590653e+001
  3.103440e+003 -3.603722e+001
  3.125940e+003 -3.617486e+001
  3.148440e+003 -3.631673e+001
  3.170940e+003 -3.646136e+001
  3.193440e+003 -3.660794e+001
  3.215940e+003 -3.675608e+001
  3.238440e+003 -3.690557e+001
  3.260940e+003 -3.702245e+001
  3.283440e+003 -3.715519e+001
  3.305940e+003 -3.727641e+001
  3.328440e+003 -3.741256e+001
  3.350940e+003 -3.755785e+001
  3.373440e+003 -3.768342e+001
  3.395940e+003 -3.782362e+001
  3.418440e+003 -3.797281e+001
  3.440940e+003 -3.812764e+001
  3.463440e+003 -3.828625e+001
  3.485940e+003 -3.844766e+001
  3.508440e+003 -3.861136e+001
  3.530940e+003 -3.877711e+001
  3.553440e+003 -3.894480e+001
  3.575940e+003 -3.911442e+001
  3.598440e+003 -3.928600e+001
  3.620940e+003 -3.945956e+001
  3.643440e+003 -3.963519e+001
  3.665940e+003 -3.981295e+001
  3.688440e+003 -3.999291e+001
  3.710940e+003 -4.017517e+001
  3.733440e+003 -4.035983e+001
  3.755940e+003 -4.054696e+001
  3.778440e+003 -4.073669e+001
  3.800940e+003 -4.092911e+001
  3.823440e+003 -4.112434e+001
  3.845940e+003 -4.132251e+001
  3.868440e+003 -4.152375e+001
  3.890940e+003 -4.172821e+001
  3.913440e+003 -4.193602e+001
  3.935940e+003 -4.214735e+001
  3.958440e+003 -4.236237e+001
  3.980940e+003 -4.258126e+001
  4.003440e+003 -4.280423e+001
  4.025940e+003 -4.303439e+001
  4.048440e+003 -4.326760e+001
  4.070940e+003 -4.350483e+001
  4.093440e+003 -4.374670e+001
  4.115940e+003 -4.399371e+001
  4.138440e+003 -4.419587e+001
  4.160940e+003 -4.442477e+001
  4.183440e+003 -4.464522e+001
  4.202190e+003 -4.484895e+001
  4.224690e+003 -4.510963e+001
  4.247190e+003 -4.538912e+001
  4.269690e+003 -4.567631e+001
  4.292190e+003 -4.597194e+001
  4.314690e+003 -4.627671e+001
  4.337190e+003 -4.659135e+001
  4.359690e+003 -4.691668e+001
  4.382190e+003 -4.725352e+001
  4.404690e+003 -4.760286e+001
  4.427190e+003 -4.796581e+001
  4.449690e+003 -4.834364e+001
  4.472190e+003 -4.873780e+001
  4.494690e+003 -4.915000e+001
  4.500000e+003 -4.925218e+001

Curve 2
X : Time
Y : Thickness of Element [Node 1]

       X              Y       
------------------------------
  0.000000e+000  9.300000e-001
  4.500000e-001  9.254886e-001
  9.000000e-001  9.234577e-001
  1.350000e+000  9.217713e-001
  1.800000e+000  9.205510e-001
  2.250000e+000  9.196122e-001
  2.700000e+000  9.164712e-001
  3.150000e+000  9.134637e-001
  3.690000e+000  9.112069e-001
  4.230000e+000  9.089260e-001
  4.878000e+000  9.064189e-001
  5.655600e+000  9.037840e-001
  6.588720e+000  9.010614e-001
  7.708464e+000  8.982572e-001
  9.052156e+000  8.953609e-001
  1.066459e+001  8.932759e-001
  1.259951e+001  8.908967e-001
  1.453442e+001  8.888027e-001
  1.646934e+001  8.865536e-001
  1.879124e+001  8.838817e-001
  2.157752e+001  8.816371e-001
  2.436381e+001  8.791835e-001
  2.770734e+001  8.762326e-001
  3.171959e+001  8.728520e-001
  3.653428e+001  8.690826e-001
  4.231192e+001  8.649429e-001
  4.924508e+001  8.615246e-001
  5.617823e+001  8.583398e-001
  6.195587e+001  8.555059e-001
  6.888903e+001  8.521009e-001
  7.720882e+001  8.481588e-001
  8.719257e+001  8.447392e-001
  9.717632e+001  8.410498e-001
  1.091568e+002  8.366026e-001
  1.235334e+002  8.314545e-001
  1.407853e+002  8.256308e-001
  1.614876e+002  8.207608e-001
  1.821899e+002  8.163456e-001
  2.046899e+002  8.110369e-001
  2.271899e+002  8.056000e-001
  2.496899e+002  8.002387e-001
  2.721899e+002  7.963020e-001
  2.946899e+002  7.919434e-001
  3.171899e+002  7.874354e-001
  3.396899e+002  7.829308e-001
  3.621899e+002  7.785046e-001
  3.846899e+002  7.752624e-001
  4.071899e+002  7.718959e-001
  4.296899e+002  7.685946e-001
  4.521899e+002  7.650111e-001
  4.746899e+002  7.618587e-001
  4.934399e+002  7.589980e-001
  5.159399e+002  7.554481e-001
  5.384399e+002  7.518731e-001
  5.609399e+002  7.483202e-001
  5.834399e+002  7.448123e-001
  6.059399e+002  7.413589e-001
  6.284399e+002  7.379631e-001
  6.509399e+002  7.353242e-001
  6.734399e+002  7.324162e-001
  6.959399e+002  7.293775e-001
  7.184399e+002  7.262894e-001
  7.409399e+002  7.231958e-001
  7.634399e+002  7.201192e-001
  7.859399e+002  7.170705e-001
  8.084399e+002  7.147943e-001
  8.309399e+002  7.125053e-001
  8.534399e+002  7.099321e-001
  8.759399e+002  7.075816e-001
  8.984399e+002  7.049958e-001
  9.209399e+002  7.022892e-001
  9.434399e+002  7.001327e-001
  9.659399e+002  6.976916e-001
  9.884399e+002  6.950966e-001
  1.010940e+003  6.924273e-001
  1.033440e+003  6.897291e-001
  1.055940e+003  6.870258e-001
  1.078440e+003  6.843299e-001
  1.100940e+003  6.816476e-001
  1.123440e+003  6.789817e-001
  1.145940e+003  6.763333e-001
  1.168440e+003  6.737025e-001
  1.190940e+003  6.710890e-001
  1.213440e+003  6.684923e-001
  1.235940e+003  6.659119e-001
  1.258440e+003  6.639580e-001
  1.280940e+003  6.617468e-001
  1.303440e+003  6.593924e-001
  1.325940e+003  6.569645e-001
  1.348440e+003  6.545028e-001
  1.370940e+003  6.520287e-001
  1.393440e+003  6.495533e-001
  1.415940e+003  6.470822e-001
  1.438440e+003  6.446184e-001
  1.460940e+003  6.427035e-001
  1.483440e+003  6.405564e-001
  1.505940e+003  6.382794e-001
  1.528440e+003  6.359347e-001
  1.550940e+003  6.340166e-001
  1.573440e+003  6.318803e-001
  1.595940e+003  6.296222e-001
  1.618440e+003  6.273003e-001
  1.640940e+003  6.249468e-001
  1.663440e+003  6.225794e-001
  1.685940e+003  6.202073e-001
  1.708440e+003  6.178351e-001
  1.730940e+003  6.154653e-001
  1.753440e+003  6.130989e-001
  1.775940e+003  6.107363e-001
  1.798440e+003  6.083777e-001
  1.820940e+003  6.060228e-001
  1.843440e+003  6.036715e-001
  1.865940e+003  6.013236e-001
  1.888440e+003  5.989788e-001
  1.910940e+003  5.966368e-001
  1.933440e+003  5.942973e-001
  1.955940e+003  5.919602e-001
  1.978440e+003  5.896250e-001
  2.000940e+003  5.872915e-001
  2.023440e+003  5.849595e-001
  2.045940e+003  5.826286e-001
  2.068440e+003  5.802987e-001
  2.090940e+003  5.779693e-001
  2.113440e+003  5.761162e-001
  2.135940e+003  5.740520e-001
  2.158440e+003  5.718669e-001
  2.180940e+003  5.696149e-001
  2.203440e+003  5.673264e-001
  2.225940e+003  5.650179e-001
  2.248440e+003  5.626980e-001
  2.270940e+003  5.603713e-001
  2.293440e+003  5.580400e-001
  2.315940e+003  5.557051e-001
  2.338440e+003  5.539048e-001
  2.360940e+003  5.518657e-001
  2.383440e+003  5.496872e-001
  2.405940e+003  5.474298e-001
  2.428440e+003  5.451282e-001
  2.450940e+003  5.428012e-001
  2.473440e+003  5.404586e-001
  2.495940e+003  5.381058e-001
  2.518440e+003  5.357453e-001
  2.540940e+003  5.339348e-001
  2.563440e+003  5.318758e-001
  2.585940e+003  5.296700e-001
  2.608440e+003  5.273804e-001
  2.630940e+003  5.250425e-001
  2.653440e+003  5.226759e-001
  2.675940e+003  5.202910e-001
  2.698440e+003  5.178931e-001
  2.720940e+003  5.154851e-001
  2.743440e+003  5.130680e-001
  2.765940e+003  5.106427e-001
  2.788440e+003  5.082091e-001
  2.810940e+003  5.057672e-001
  2.833440e+003  5.033169e-001
  2.855940e+003  5.008579e-001
  2.878440e+003  4.983898e-001
  2.900940e+003  4.959125e-001
  2.923440e+003  4.934255e-001
  2.945940e+003  4.909285e-001
  2.968440e+003  4.884212e-001
  2.990940e+003  4.859033e-001
  3.013440e+003  4.833742e-001
  3.035940e+003  4.808338e-001
  3.058440e+003  4.782815e-001
  3.080940e+003  4.761509e-001
  3.103440e+003  4.738155e-001
  3.125940e+003  4.713586e-001
  3.148440e+003  4.688291e-001
  3.170940e+003  4.662540e-001
  3.193440e+003  4.636475e-001
  3.215940e+003  4.610172e-001
  3.238440e+003  4.583668e-001
  3.260940e+003  4.562982e-001
  3.283440e+003  4.539518e-001
  3.305940e+003  4.518121e-001
  3.328440e+003  4.494118e-001
  3.350940e+003  4.468541e-001
  3.373440e+003  4.446476e-001
  3.395940e+003  4.421875e-001
  3.418440e+003  4.395741e-001
  3.440940e+003  4.368670e-001
  3.463440e+003  4.340996e-001
  3.485940e+003  4.312895e-001
  3.508440e+003  4.284460e-001
  3.530940e+003  4.255735e-001
  3.553440e+003  4.226742e-001
  3.575940e+003  4.197487e-001
  3.598440e+003  4.167968e-001
  3.620940e+003  4.138183e-001
  3.643440e+003  4.108123e-001
  3.665940e+003  4.077780e-001
  3.688440e+003  4.047145e-001
  3.710940e+003  4.016207e-001
  3.733440e+003  3.984956e-001
  3.755940e+003  3.953380e-001
  3.778440e+003  3.921466e-001
  3.800940e+003  3.889202e-001
  3.823440e+003  3.856574e-001
  3.845940e+003  3.823568e-001
  3.868440e+003  3.790168e-001
  3.890940e+003  3.756358e-001
  3.913440e+003  3.722121e-001
  3.935940e+003  3.687438e-001
  3.958440e+003  3.652292e-001
  3.980940e+003  3.616659e-001
  4.003440e+003  3.580519e-001
  4.025940e+003  3.543379e-001
  4.048440e+003  3.505909e-001
  4.070940e+003  3.467976e-001
  4.093440e+003  3.429492e-001
  4.115940e+003  3.390395e-001
  4.138440e+003  3.358582e-001
  4.160940e+003  3.322697e-001
  4.183440e+003  3.288314e-001
  4.202190e+003  3.256675e-001
  4.224690e+003  3.216371e-001
  4.247190e+003  3.173429e-001
  4.269690e+003  3.129594e-001
  4.292190e+003  3.084797e-001
  4.314690e+003  3.038967e-001
  4.337190e+003  2.992033e-001
  4.359690e+003  2.943918e-001
  4.382190e+003  2.894538e-001
  4.404690e+003  2.843799e-001
  4.427190e+003  2.791599e-001
  4.449690e+003  2.737819e-001
  4.472190e+003  2.682327e-001
  4.494690e+003  2.624970e-001
  4.500000e+003  2.610932e-001
