HISTORY PLOT
job1

Curve 1
X : Time
Y : Displacement Y [Node 1]

       X              Y       
------------------------------
  0.000000e+000  0.000000e+000
  2.600000e-001 -3.629241e+000
  5.200000e-001 -4.278089e+000
  8.320000e-001 -4.830784e+000
  1.206400e+000 -5.209147e+000
  1.580800e+000 -5.472023e+000
  1.955200e+000 -6.175042e+000
  2.329600e+000 -6.650918e+000
  2.704000e+000 -7.017395e+000
  3.153280e+000 -7.451485e+000
  3.692416e+000 -7.905929e+000
  4.339379e+000 -8.357282e+000
  5.115735e+000 -8.798455e+000
  6.047362e+000 -9.107150e+000
  6.978989e+000 -9.367652e+000
  7.910616e+000 -9.610975e+000
  8.686972e+000 -9.824143e+000
  9.618599e+000 -1.007380e+001
  1.073655e+001 -1.028413e+001
  1.185450e+001 -1.051037e+001
  1.319605e+001 -1.077837e+001
  1.480590e+001 -1.108055e+001
  1.673772e+001 -1.141180e+001
  1.905591e+001 -1.176899e+001
  2.183773e+001 -1.208311e+001
  2.517592e+001 -1.239553e+001
  2.851410e+001 -1.267477e+001
  3.251993e+001 -1.302761e+001
  3.732692e+001 -1.343798e+001
  4.309531e+001 -1.379248e+001
  4.886370e+001 -1.416419e+001
  5.578577e+001 -1.459761e+001
  6.409225e+001 -1.508170e+001
  7.406002e+001 -1.549555e+001
  8.402780e+001 -1.585415e+001
  9.399557e+001 -1.620869e+001
  1.039633e+002 -1.658099e+001
  1.159247e+002 -1.702088e+001
  1.289247e+002 -1.738372e+001
  1.419247e+002 -1.776932e+001
  1.549247e+002 -1.815509e+001
  1.679247e+002 -1.853008e+001
  1.809247e+002 -1.880877e+001
  1.939247e+002 -1.907045e+001
  2.069247e+002 -1.933977e+001
  2.177580e+002 -1.955715e+001
  2.307580e+002 -1.983763e+001
  2.437580e+002 -2.012361e+001
  2.567580e+002 -2.040764e+001
  2.697580e+002 -2.068620e+001
  2.827580e+002 -2.095787e+001
  2.957580e+002 -2.117492e+001
  3.087580e+002 -2.137792e+001
  3.217580e+002 -2.160085e+001
  3.347580e+002 -2.183214e+001
  3.477580e+002 -2.206526e+001
  3.607580e+002 -2.229685e+001
  3.737580e+002 -2.252536e+001
  3.867580e+002 -2.270885e+001
  3.997580e+002 -2.290833e+001
  4.127580e+002 -2.307906e+001
  4.235913e+002 -2.323720e+001
  4.365913e+002 -2.343606e+001
  4.495913e+002 -2.363833e+001
  4.625913e+002 -2.384093e+001
  4.755913e+002 -2.404234e+001
  4.885913e+002 -2.424183e+001
  5.015913e+002 -2.443912e+001
  5.145914e+002 -2.463410e+001
  5.275914e+002 -2.482681e+001
  5.405914e+002 -2.501731e+001
  5.535914e+002 -2.520570e+001
  5.665914e+002 -2.539208e+001
  5.795914e+002 -2.553782e+001
  5.925914e+002 -2.569967e+001
  6.055914e+002 -2.586984e+001
  6.185914e+002 -2.604379e+001
  6.315914e+002 -2.621906e+001
  6.445914e+002 -2.639436e+001
  6.575914e+002 -2.656907e+001
  6.705914e+002 -2.670470e+001
  6.835914e+002 -2.685690e+001
  6.965914e+002 -2.701803e+001
  7.095914e+002 -2.715840e+001
  7.225914e+002 -2.731217e+001
  7.355914e+002 -2.747302e+001
  7.485914e+002 -2.763729e+001
  7.615914e+002 -2.776793e+001
  7.745914e+002 -2.791487e+001
  7.875914e+002 -2.807077e+001
  8.005914e+002 -2.823125e+001
  8.135914e+002 -2.839389e+001
  8.265914e+002 -2.855742e+001
  8.395914e+002 -2.872118e+001
  8.525914e+002 -2.888485e+001
  8.655914e+002 -2.904828e+001
  8.785914e+002 -2.921141e+001
  8.915914e+002 -2.937424e+001
  9.045914e+002 -2.953678e+001
  9.175914e+002 -2.969903e+001
  9.305914e+002 -2.986105e+001
  9.435914e+002 -3.002286e+001
  9.565914e+002 -3.018504e+001
  9.695914e+002 -3.034678e+001
  9.825914e+002 -3.050829e+001
  9.955914e+002 -3.066965e+001
  1.008591e+003 -3.083095e+001
  1.021591e+003 -3.099225e+001
  1.034591e+003 -3.115358e+001
  1.047591e+003 -3.131500e+001
  1.060591e+003 -3.144563e+001
  1.073591e+003 -3.159044e+001
  1.086591e+003 -3.174334e+001
  1.099591e+003 -3.190073e+001
  1.112591e+003 -3.206068e+001
  1.125591e+003 -3.222214e+001
  1.138591e+003 -3.238458e+001
  1.151591e+003 -3.254775e+001
  1.164591e+003 -3.268070e+001
  1.177591e+003 -3.282809e+001
  1.190591e+003 -3.298381e+001
  1.203591e+003 -3.314429e+001
  1.216591e+003 -3.330760e+001
  1.229591e+003 -3.347270e+001
  1.242591e+003 -3.363908e+001
  1.255591e+003 -3.380648e+001
  1.268591e+003 -3.397480e+001
  1.281591e+003 -3.414398e+001
  1.294591e+003 -3.431403e+001
  1.307591e+003 -3.448497e+001
  1.320591e+003 -3.465682e+001
  1.333591e+003 -3.482964e+001
  1.346591e+003 -3.500345e+001
  1.359591e+003 -3.517831e+001
  1.372591e+003 -3.535427e+001
  1.385591e+003 -3.553137e+001
  1.398591e+003 -3.570967e+001
  1.411591e+003 -3.585861e+001
  1.424591e+003 -3.600619e+001
  1.435425e+003 -3.614258e+001
  1.448425e+003 -3.631570e+001
  1.461425e+003 -3.649462e+001
  1.474425e+003 -3.667738e+001
  1.487425e+003 -3.686295e+001
  1.500425e+003 -3.701289e+001
  1.513425e+003 -3.718161e+001
  1.526425e+003 -3.736179e+001
  1.539425e+003 -3.754911e+001
  1.552425e+003 -3.770203e+001
  1.565425e+003 -3.787548e+001
  1.578425e+003 -3.806160e+001
  1.591425e+003 -3.825567e+001
  1.604425e+003 -3.845515e+001
  1.617425e+003 -3.861776e+001
  1.628258e+003 -3.877096e+001
  1.641258e+003 -3.896775e+001
  1.654258e+003 -3.917289e+001
  1.667258e+003 -3.938390e+001
  1.680258e+003 -3.959949e+001
  1.693258e+003 -3.981907e+001
  1.706258e+003 -4.004240e+001
  1.719258e+003 -4.026942e+001
  1.732258e+003 -4.050021e+001
  1.745258e+003 -4.073488e+001
  1.758258e+003 -4.097359e+001
  1.771258e+003 -4.121655e+001
  1.784258e+003 -4.146396e+001
  1.797258e+003 -4.171606e+001
  1.810258e+003 -4.197312e+001
  1.823258e+003 -4.223541e+001
  1.836258e+003 -4.250325e+001
  1.849258e+003 -4.277696e+001
  1.862258e+003 -4.305693e+001
  1.875258e+003 -4.334356e+001
  1.888258e+003 -4.363727e+001
  1.901258e+003 -4.393856e+001
  1.914258e+003 -4.420345e+001
  1.927258e+003 -4.447057e+001
  1.940258e+003 -4.476731e+001
  1.953258e+003 -4.505452e+001
  1.966258e+003 -4.537094e+001
  1.979258e+003 -4.570905e+001
  1.992258e+003 -4.606506e+001
  2.005258e+003 -4.637758e+001
  2.018258e+003 -4.673038e+001
  2.031258e+003 -4.711329e+001
  2.044258e+003 -4.752123e+001
  2.057258e+003 -4.795234e+001
  2.070258e+003 -4.840674e+001
  2.083258e+003 -4.888583e+001
  2.096258e+003 -4.939194e+001
  2.109258e+003 -4.992827e+001
  2.122258e+003 -5.049886e+001
  2.135258e+003 -5.110884e+001
  2.148258e+003 -5.176465e+001
  2.161258e+003 -5.247453e+001
  2.174258e+003 -5.324921e+001
  2.187258e+003 -5.410295e+001
  2.200258e+003 -5.498486e+001
  2.213258e+003 -5.603235e+001
  2.226258e+003 -5.720907e+001
  2.239258e+003 -5.871951e+001
  2.252258e+003 -6.070077e+001
  2.265258e+003 -6.417503e+001
  2.272928e+003 -6.805196e+001
  2.275408e+003 -7.008336e+001
  2.277888e+003 -7.485011e+001
  2.278365e+003 -7.638431e+001
  2.278843e+003 -8.003291e+001
  2.278936e+003 -8.124728e+001
  2.279029e+003 -8.379340e+001
  2.279060e+003 -8.546900e+001
  2.279090e+003 -8.870031e+001

Curve 2
X : Time
Y : Thickness of Element [Node 1]

       X              Y       
------------------------------
  0.000000e+000  9.300000e-001
  2.600000e-001  9.248202e-001
  5.200000e-001  9.225125e-001
  8.320000e-001  9.202087e-001
  1.206400e+000  9.184486e-001
  1.580800e+000  9.171403e-001
  1.955200e+000  9.132582e-001
  2.329600e+000  9.104148e-001
  2.704000e+000  9.080929e-001
  3.153280e+000  9.052133e-001
  3.692416e+000  9.020334e-001
  4.339379e+000  8.986982e-001
  5.115735e+000  8.952636e-001
  6.047362e+000  8.927367e-001
  6.978989e+000  8.905342e-001
  7.910616e+000  8.884218e-001
  8.686972e+000  8.865329e-001
  9.618599e+000  8.842748e-001
  1.073655e+001  8.823270e-001
  1.185450e+001  8.801930e-001
  1.319605e+001  8.776130e-001
  1.480590e+001  8.746363e-001
  1.673772e+001  8.712912e-001
  1.905591e+001  8.675881e-001
  2.183773e+001  8.642493e-001
  2.517592e+001  8.608377e-001
  2.851410e+001  8.577265e-001
  3.251993e+001  8.537231e-001
  3.732692e+001  8.489632e-001
  4.309531e+001  8.447339e-001
  4.886370e+001  8.402099e-001
  5.578577e+001  8.348211e-001
  6.409225e+001  8.286590e-001
  7.406002e+001  8.232413e-001
  8.402780e+001  8.184556e-001
  9.399557e+001  8.136395e-001
  1.039633e+002  8.085126e-001
  1.159247e+002  8.023615e-001
  1.289247e+002  7.971899e-001
  1.419247e+002  7.916179e-001
  1.549247e+002  7.859651e-001
  1.679247e+002  7.803947e-001
  1.809247e+002  7.762018e-001
  1.939247e+002  7.722221e-001
  2.069247e+002  7.680873e-001
  2.177580e+002  7.647267e-001
  2.307580e+002  7.603627e-001
  2.437580e+002  7.558802e-001
  2.567580e+002  7.513941e-001
  2.697580e+002  7.469610e-001
  2.827580e+002  7.426056e-001
  2.957580e+002  7.391041e-001
  3.087580e+002  7.358034e-001
  3.217580e+002  7.321600e-001
  3.347580e+002  7.283598e-001
  3.477580e+002  7.245091e-001
  3.607580e+002  7.206636e-001
  3.737580e+002  7.168504e-001
  3.867580e+002  7.137745e-001
  3.997580e+002  7.104192e-001
  4.127580e+002  7.075358e-001
  4.235913e+002  7.048576e-001
  4.365913e+002  7.014795e-001
  4.495913e+002  6.980335e-001
  4.625913e+002  6.945707e-001
  4.755913e+002  6.911172e-001
  4.885913e+002  6.876855e-001
  5.015913e+002  6.842813e-001
  5.145914e+002  6.809066e-001
  5.275914e+002  6.775615e-001
  5.405914e+002  6.742453e-001
  5.535914e+002  6.709570e-001
  5.665914e+002  6.676951e-001
  5.795914e+002  6.651367e-001
  5.925914e+002  6.622897e-001
  6.055914e+002  6.592900e-001
  6.185914e+002  6.562174e-001
  6.315914e+002  6.531154e-001
  6.445914e+002  6.500065e-001
  6.575914e+002  6.469022e-001
  6.705914e+002  6.444877e-001
  6.835914e+002  6.417756e-001
  6.965914e+002  6.389013e-001
  7.095914e+002  6.363935e-001
  7.225914e+002  6.336435e-001
  7.355914e+002  6.307642e-001
  7.485914e+002  6.278205e-001
  7.615914e+002  6.254764e-001
  7.745914e+002  6.228376e-001
  7.875914e+002  6.200356e-001
  8.005914e+002  6.171488e-001
  8.135914e+002  6.142206e-001
  8.265914e+002  6.112740e-001
  8.395914e+002  6.083208e-001
  8.525914e+002  6.053669e-001
  8.655914e+002  6.024151e-001
  8.785914e+002  5.994665e-001
  8.915914e+002  5.965216e-001
  9.045914e+002  5.935802e-001
  9.175914e+002  5.906419e-001
  9.305914e+002  5.877065e-001
  9.435914e+002  5.847734e-001
  9.565914e+002  5.818307e-001
  9.695914e+002  5.788952e-001
  9.825914e+002  5.759634e-001
  9.955914e+002  5.730335e-001
  1.008591e+003  5.701041e-001
  1.021591e+003  5.671743e-001
  1.034591e+003  5.642433e-001
  1.047591e+003  5.613106e-001
  1.060591e+003  5.589372e-001
  1.073591e+003  5.563064e-001
  1.086591e+003  5.535300e-001
  1.099591e+003  5.506729e-001
  1.112591e+003  5.477709e-001
  1.125591e+003  5.448427e-001
  1.138591e+003  5.418980e-001
  1.151591e+003  5.389415e-001
  1.164591e+003  5.365330e-001
  1.177591e+003  5.338639e-001
  1.190591e+003  5.310458e-001
  1.203591e+003  5.281432e-001
  1.216591e+003  5.251918e-001
  1.229591e+003  5.222101e-001
  1.242591e+003  5.192078e-001
  1.255591e+003  5.161895e-001
  1.268591e+003  5.131575e-001
  1.281591e+003  5.101127e-001
  1.294591e+003  5.070552e-001
  1.307591e+003  5.039848e-001
  1.320591e+003  5.009012e-001
  1.333591e+003  4.978038e-001
  1.346591e+003  4.946921e-001
  1.359591e+003  4.915653e-001
  1.372591e+003  4.884230e-001
  1.385591e+003  4.852643e-001
  1.398591e+003  4.820886e-001
  1.411591e+003  4.794386e-001
  1.424591e+003  4.768152e-001
  1.435425e+003  4.743936e-001
  1.448425e+003  4.713230e-001
  1.461425e+003  4.681547e-001
  1.474425e+003  4.649241e-001
  1.487425e+003  4.616498e-001
  1.500425e+003  4.590094e-001
  1.513425e+003  4.560427e-001
  1.526425e+003  4.528808e-001
  1.539425e+003  4.496007e-001
  1.552425e+003  4.469286e-001
  1.565425e+003  4.439027e-001
  1.578425e+003  4.406631e-001
  1.591425e+003  4.372931e-001
  1.604425e+003  4.338384e-001
  1.617425e+003  4.310291e-001
  1.628258e+003  4.283878e-001
  1.641258e+003  4.250018e-001
  1.654258e+003  4.214821e-001
  1.667258e+003  4.178730e-001
  1.680258e+003  4.141973e-001
  1.693258e+003  4.104662e-001
  1.706258e+003  4.066847e-001
  1.719258e+003  4.028543e-001
  1.732258e+003  3.989749e-001
  1.745258e+003  3.950454e-001
  1.758258e+003  3.910640e-001
  1.771258e+003  3.870286e-001
  1.784258e+003  3.829367e-001
  1.797258e+003  3.787856e-001
  1.810258e+003  3.745724e-001
  1.823258e+003  3.702939e-001
  1.836258e+003  3.659467e-001
  1.849258e+003  3.615271e-001
  1.862258e+003  3.570311e-001
  1.875258e+003  3.524543e-001
  1.888258e+003  3.477919e-001
  1.901258e+003  3.430389e-001
  1.914258e+003  3.388874e-001
  1.927258e+003  3.347214e-001
  1.940258e+003  3.301176e-001
  1.953258e+003  3.256910e-001
  1.966258e+003  3.208443e-001
  1.979258e+003  3.157051e-001
  1.992258e+003  3.103399e-001
  2.005258e+003  3.056730e-001
  2.018258e+003  3.004435e-001
  2.031258e+003  2.948200e-001
  2.044258e+003  2.888917e-001
  2.057258e+003  2.826984e-001
  2.070258e+003  2.762514e-001
  2.083258e+003  2.695444e-001
  2.096258e+003  2.625604e-001
  2.109258e+003  2.552739e-001
  2.122258e+003  2.476515e-001
  2.135258e+003  2.396518e-001
  2.148258e+003  2.312237e-001
  2.161258e+003  2.223034e-001
  2.174258e+003  2.128105e-001
  2.187258e+003  2.026420e-001
  2.200258e+003  1.924523e-001
  2.213258e+003  1.806808e-001
  2.226258e+003  1.679242e-001
  2.239258e+003  1.523228e-001
  2.252258e+003  1.332517e-001
  2.265258e+003  1.028325e-001
  2.272928e+003  7.386940e-002
  2.275408e+003  6.147671e-002
  2.277888e+003  3.503961e-002
  2.278365e+003  2.898049e-002
  2.278843e+003  1.623589e-002
  2.278936e+003  1.349597e-002
  2.279029e+003  8.988705e-003
  2.279060e+003  7.041797e-003
  2.279090e+003  4.514700e-003
