HISTORY PLOT
job1

Curve 1
X : Time
Y : Displacement Y [Node 1]

       X              Y       
------------------------------
  0.000000e+000  0.000000e+000
  4.000000e-002 -3.825238e+000
  8.000000e-002 -4.868601e+000
  1.280000e-001 -5.506660e+000
  1.856000e-001 -5.939349e+000
  2.432000e-001 -6.205923e+000
  3.123200e-001 -6.787150e+000
  3.814400e-001 -7.212085e+000
  4.505600e-001 -7.630130e+000
  5.335040e-001 -8.071532e+000
  6.330368e-001 -8.514136e+000
  7.524762e-001 -8.950356e+000
  8.958034e-001 -9.253439e+000
  1.039131e+000 -9.522738e+000
  1.182458e+000 -9.802878e+000
  1.354451e+000 -1.012415e+001
  1.560842e+000 -1.038588e+001
  1.767233e+000 -1.066354e+001
  2.014902e+000 -1.098713e+001
  2.312106e+000 -1.134590e+001
  2.668750e+000 -1.173293e+001
  3.096723e+000 -1.208260e+001
  3.610290e+000 -1.241543e+001
  4.123857e+000 -1.271950e+001
  4.637425e+000 -1.303662e+001
  5.253706e+000 -1.340605e+001
  5.993243e+000 -1.372851e+001
  6.880687e+000 -1.413255e+001
  7.945621e+000 -1.460016e+001
  9.223540e+000 -1.511839e+001
  1.075704e+001 -1.553689e+001
  1.229055e+001 -1.592327e+001
  1.382405e+001 -1.628338e+001
  1.510197e+001 -1.660605e+001
  1.663548e+001 -1.699403e+001
  1.847568e+001 -1.734611e+001
  2.047568e+001 -1.775638e+001
  2.247568e+001 -1.816766e+001
  2.447568e+001 -1.856712e+001
  2.647568e+001 -1.886526e+001
  2.847568e+001 -1.916024e+001
  3.047568e+001 -1.947623e+001
  3.247568e+001 -1.974300e+001
  3.447568e+001 -2.003245e+001
  3.647568e+001 -2.032900e+001
  3.847568e+001 -2.062420e+001
  4.047568e+001 -2.091400e+001
  4.247568e+001 -2.119673e+001
  4.447568e+001 -2.140945e+001
  4.647568e+001 -2.164482e+001
  4.847568e+001 -2.188983e+001
  5.047568e+001 -2.213706e+001
  5.247568e+001 -2.238268e+001
  5.447568e+001 -2.257852e+001
  5.647568e+001 -2.276854e+001
  5.847568e+001 -2.297769e+001
  6.047568e+001 -2.319564e+001
  6.247568e+001 -2.341642e+001
  6.447568e+001 -2.363698e+001
  6.647568e+001 -2.385573e+001
  6.847568e+001 -2.407197e+001
  7.047568e+001 -2.428545e+001
  7.247568e+001 -2.449610e+001
  7.447568e+001 -2.470399e+001
  7.647568e+001 -2.490924e+001
  7.847568e+001 -2.511195e+001
  8.047568e+001 -2.531227e+001
  8.247568e+001 -2.546700e+001
  8.447568e+001 -2.562668e+001
  8.647568e+001 -2.580144e+001
  8.847568e+001 -2.598375e+001
  9.047568e+001 -2.616933e+001
  9.247568e+001 -2.635587e+001
  9.447568e+001 -2.654221e+001
  9.647568e+001 -2.669208e+001
  9.847568e+001 -2.683912e+001
  1.001423e+002 -2.696297e+001
  1.015312e+002 -2.707704e+001
  1.031979e+002 -2.720155e+001
  1.048646e+002 -2.733817e+001
  1.068646e+002 -2.750966e+001
  1.088646e+002 -2.768475e+001
  1.108646e+002 -2.782477e+001
  1.128646e+002 -2.798180e+001
  1.148646e+002 -2.814814e+001
  1.168646e+002 -2.831921e+001
  1.188646e+002 -2.849250e+001
  1.208646e+002 -2.866669e+001
  1.228646e+002 -2.884111e+001
  1.248646e+002 -2.901542e+001
  1.268646e+002 -2.918949e+001
  1.288646e+002 -2.936324e+001
  1.308646e+002 -2.953667e+001
  1.328646e+002 -2.970980e+001
  1.348646e+002 -2.988267e+001
  1.368646e+002 -3.005530e+001
  1.388646e+002 -3.022836e+001
  1.408646e+002 -3.037061e+001
  1.428646e+002 -3.052645e+001
  1.448646e+002 -3.068982e+001
  1.468646e+002 -3.085724e+001
  1.488646e+002 -3.102684e+001
  1.508646e+002 -3.119763e+001
  1.528646e+002 -3.136911e+001
  1.548646e+002 -3.150694e+001
  1.568646e+002 -3.164906e+001
  1.588646e+002 -3.180523e+001
  1.608646e+002 -3.196939e+001
  1.628646e+002 -3.213803e+001
  1.648646e+002 -3.230925e+001
  1.668646e+002 -3.248205e+001
  1.688646e+002 -3.265595e+001
  1.708646e+002 -3.283071e+001
  1.728646e+002 -3.300621e+001
  1.748646e+002 -3.318242e+001
  1.768646e+002 -3.335934e+001
  1.788646e+002 -3.353700e+001
  1.808646e+002 -3.371543e+001
  1.828646e+002 -3.389467e+001
  1.848646e+002 -3.407476e+001
  1.868646e+002 -3.425575e+001
  1.888646e+002 -3.443769e+001
  1.908646e+002 -3.462064e+001
  1.928646e+002 -3.480463e+001
  1.948646e+002 -3.498973e+001
  1.968646e+002 -3.517599e+001
  1.988646e+002 -3.536348e+001
  2.008646e+002 -3.555225e+001
  2.028646e+002 -3.574236e+001
  2.048646e+002 -3.589291e+001
  2.068646e+002 -3.606294e+001
  2.088646e+002 -3.624475e+001
  2.108646e+002 -3.643372e+001
  2.128646e+002 -3.662733e+001
  2.148646e+002 -3.682428e+001
  2.168646e+002 -3.698989e+001
  2.188646e+002 -3.717298e+001
  2.208646e+002 -3.733379e+001
  2.225312e+002 -3.748535e+001
  2.245312e+002 -3.767993e+001
  2.265312e+002 -3.788253e+001
  2.285312e+002 -3.809058e+001
  2.305312e+002 -3.830278e+001
  2.325312e+002 -3.851849e+001
  2.345312e+002 -3.873745e+001
  2.365312e+002 -3.895957e+001
  2.385312e+002 -3.918489e+001
  2.405312e+002 -3.941349e+001
  2.425312e+002 -3.964550e+001
  2.445312e+002 -3.988109e+001
  2.465312e+002 -4.012041e+001
  2.485312e+002 -4.036367e+001
  2.505312e+002 -4.061106e+001
  2.525312e+002 -4.086280e+001
  2.545312e+002 -4.111914e+001
  2.565313e+002 -4.138034e+001
  2.585313e+002 -4.164666e+001
  2.605313e+002 -4.191843e+001
  2.625313e+002 -4.219597e+001
  2.645313e+002 -4.247964e+001
  2.665313e+002 -4.276983e+001
  2.685313e+002 -4.302489e+001
  2.701979e+002 -4.325848e+001
  2.721979e+002 -4.355570e+001
  2.741979e+002 -4.386615e+001
  2.761979e+002 -4.413065e+001
  2.781979e+002 -4.442994e+001
  2.801979e+002 -4.475362e+001
  2.821979e+002 -4.505790e+001
  2.841979e+002 -4.539373e+001
  2.861979e+002 -4.575317e+001
  2.881979e+002 -4.613234e+001
  2.901979e+002 -4.645942e+001
  2.921979e+002 -4.683252e+001
  2.941979e+002 -4.724010e+001
  2.961979e+002 -4.767643e+001
  2.981979e+002 -4.813947e+001
  3.001979e+002 -4.862952e+001
  3.021979e+002 -4.914845e+001
  3.041979e+002 -4.969926e+001
  3.061979e+002 -5.028608e+001
  3.081979e+002 -5.091427e+001
  3.101979e+002 -5.159065e+001
  3.121979e+002 -5.232404e+001
  3.141979e+002 -5.312598e+001
  3.161979e+002 -5.401198e+001
  3.181979e+002 -5.495578e+001
  3.201979e+002 -5.607068e+001
  3.221979e+002 -5.736746e+001
  3.241979e+002 -5.893764e+001
  3.261979e+002 -6.124986e+001
  3.281979e+002 -6.586748e+001
  3.289010e+002 -6.892314e+001
  3.293406e+002 -7.284758e+001
  3.295313e+002 -7.707512e+001
  3.295772e+002 -7.867705e+001
  3.296155e+002 -8.147619e+001
  3.296276e+002 -8.279220e+001
  3.296377e+002 -8.484871e+001
  3.296425e+002 -8.674376e+001
  3.296465e+002 -8.947005e+001

Curve 2
X : Time
Y : Thickness of Element [Node 1]

       X              Y       
------------------------------
  0.000000e+000  9.300000e-001
  4.000000e-002  9.262397e-001
  8.000000e-002  9.224069e-001
  1.280000e-001  9.194166e-001
  1.856000e-001  9.171304e-001
  2.432000e-001  9.156453e-001
  3.123200e-001  9.121112e-001
  3.814400e-001  9.093504e-001
  4.505600e-001  9.065072e-001
  5.335040e-001  9.033534e-001
  6.330368e-001  9.000242e-001
  7.524762e-001  8.965750e-001
  8.958034e-001  8.940568e-001
  1.039131e+000  8.917497e-001
  1.182458e+000  8.892906e-001
  1.354451e+000  8.863952e-001
  1.560842e+000  8.839615e-001
  1.767233e+000  8.813213e-001
  2.014902e+000  8.781690e-001
  2.312106e+000  8.745795e-001
  2.668750e+000  8.705958e-001
  3.096723e+000  8.668965e-001
  3.610290e+000  8.632697e-001
  4.123857e+000  8.598809e-001
  4.637425e+000  8.562824e-001
  5.253706e+000  8.520055e-001
  5.993243e+000  8.481807e-001
  6.880687e+000  8.432923e-001
  7.945621e+000  8.375031e-001
  9.223540e+000  8.309231e-001
  1.075704e+001  8.254529e-001
  1.229055e+001  8.202955e-001
  1.382405e+001  8.154020e-001
  1.510197e+001  8.109588e-001
  1.663548e+001  8.055420e-001
  1.847568e+001  8.005470e-001
  2.047568e+001  7.946436e-001
  2.247568e+001  7.886368e-001
  2.447568e+001  7.827167e-001
  2.647568e+001  7.782321e-001
  2.847568e+001  7.737430e-001
  3.047568e+001  7.688958e-001
  3.247568e+001  7.647607e-001
  3.447568e+001  7.602422e-001
  3.647568e+001  7.555778e-001
  3.847568e+001  7.508985e-001
  4.047568e+001  7.462693e-001
  4.247568e+001  7.417194e-001
  4.447568e+001  7.382668e-001
  4.647568e+001  7.344256e-001
  4.847568e+001  7.304048e-001
  5.047568e+001  7.263249e-001
  5.247568e+001  7.222492e-001
  5.447568e+001  7.189809e-001
  5.647568e+001  7.157961e-001
  5.847568e+001  7.122802e-001
  6.047568e+001  7.086043e-001
  6.247568e+001  7.048671e-001
  6.447568e+001  7.011209e-001
  6.647568e+001  6.973921e-001
  6.847568e+001  6.936929e-001
  7.047568e+001  6.900284e-001
  7.247568e+001  6.864002e-001
  7.447568e+001  6.828079e-001
  7.647568e+001  6.792502e-001
  7.847568e+001  6.757258e-001
  8.047568e+001  6.722327e-001
  8.247568e+001  6.695274e-001
  8.447568e+001  6.667262e-001
  8.647568e+001  6.636545e-001
  8.847568e+001  6.604434e-001
  9.047568e+001  6.571678e-001
  9.247568e+001  6.538683e-001
  9.447568e+001  6.505656e-001
  9.647568e+001  6.479042e-001
  9.847568e+001  6.452882e-001
  1.001423e+002  6.430825e-001
  1.015312e+002  6.410490e-001
  1.031979e+002  6.388266e-001
  1.048646e+002  6.363863e-001
  1.068646e+002  6.333205e-001
  1.088646e+002  6.301873e-001
  1.108646e+002  6.276778e-001
  1.128646e+002  6.248614e-001
  1.148646e+002  6.218758e-001
  1.168646e+002  6.188025e-001
  1.188646e+002  6.156868e-001
  1.208646e+002  6.125523e-001
  1.228646e+002  6.094112e-001
  1.248646e+002  6.062696e-001
  1.268646e+002  6.031302e-001
  1.288646e+002  5.999942e-001
  1.308646e+002  5.968619e-001
  1.328646e+002  5.937331e-001
  1.348646e+002  5.906074e-001
  1.368646e+002  5.874843e-001
  1.388646e+002  5.843502e-001
  1.408646e+002  5.817726e-001
  1.428646e+002  5.789480e-001
  1.448646e+002  5.759863e-001
  1.468646e+002  5.729506e-001
  1.488646e+002  5.698751e-001
  1.508646e+002  5.667778e-001
  1.528646e+002  5.636677e-001
  1.548646e+002  5.611677e-001
  1.568646e+002  5.585896e-001
  1.588646e+002  5.557579e-001
  1.608646e+002  5.527831e-001
  1.628646e+002  5.497288e-001
  1.648646e+002  5.466294e-001
  1.668646e+002  5.435030e-001
  1.688646e+002  5.403588e-001
  1.708646e+002  5.372013e-001
  1.728646e+002  5.340325e-001
  1.748646e+002  5.308533e-001
  1.768646e+002  5.276636e-001
  1.788646e+002  5.244632e-001
  1.808646e+002  5.212517e-001
  1.828646e+002  5.180285e-001
  1.848646e+002  5.147929e-001
  1.868646e+002  5.115444e-001
  1.888646e+002  5.082823e-001
  1.908646e+002  5.050058e-001
  1.928646e+002  5.017143e-001
  1.948646e+002  4.984069e-001
  1.968646e+002  4.950830e-001
  1.988646e+002  4.917416e-001
  2.008646e+002  4.883821e-001
  2.028646e+002  4.850034e-001
  2.048646e+002  4.823310e-001
  2.068646e+002  4.793154e-001
  2.088646e+002  4.760959e-001
  2.108646e+002  4.727550e-001
  2.128646e+002  4.693381e-001
  2.148646e+002  4.658691e-001
  2.168646e+002  4.629568e-001
  2.188646e+002  4.597431e-001
  2.208646e+002  4.569259e-001
  2.225312e+002  4.542755e-001
  2.245312e+002  4.508786e-001
  2.265312e+002  4.473508e-001
  2.285312e+002  4.437374e-001
  2.305312e+002  4.400622e-001
  2.325312e+002  4.363371e-001
  2.345312e+002  4.325673e-001
  2.365312e+002  4.287548e-001
  2.385312e+002  4.248998e-001
  2.405312e+002  4.210014e-001
  2.425312e+002  4.170583e-001
  2.445312e+002  4.130686e-001
  2.465312e+002  4.090304e-001
  2.485312e+002  4.049414e-001
  2.505312e+002  4.007993e-001
  2.525312e+002  3.966014e-001
  2.545312e+002  3.923450e-001
  2.565313e+002  3.880272e-001
  2.585313e+002  3.836447e-001
  2.605313e+002  3.791940e-001
  2.625313e+002  3.746716e-001
  2.645313e+002  3.700733e-001
  2.665313e+002  3.653949e-001
  2.685313e+002  3.613050e-001
  2.701979e+002  3.575755e-001
  2.721979e+002  3.528506e-001
  2.741979e+002  3.479461e-001
  2.761979e+002  3.437951e-001
  2.781979e+002  3.391233e-001
  2.801979e+002  3.341049e-001
  2.821979e+002  3.294220e-001
  2.841979e+002  3.242886e-001
  2.861979e+002  3.188389e-001
  2.881979e+002  3.131423e-001
  2.901979e+002  3.082752e-001
  2.921979e+002  3.027651e-001
  2.941979e+002  2.968040e-001
  2.961979e+002  2.904940e-001
  2.981979e+002  2.838805e-001
  3.001979e+002  2.769751e-001
  3.021979e+002  2.697693e-001
  3.041979e+002  2.622408e-001
  3.061979e+002  2.543569e-001
  3.081979e+002  2.460749e-001
  3.101979e+002  2.373406e-001
  3.121979e+002  2.280859e-001
  3.141979e+002  2.182244e-001
  3.161979e+002  2.076443e-001
  3.181979e+002  1.967231e-001
  3.201979e+002  1.841986e-001
  3.221979e+002  1.701948e-001
  3.241979e+002  1.540801e-001
  3.261979e+002  1.320036e-001
  3.281979e+002  9.273207e-002
  3.289010e+002  7.209341e-002
  3.293406e+002  4.970084e-002
  3.295313e+002  3.071746e-002
  3.295772e+002  2.540958e-002
  3.296155e+002  1.736280e-002
  3.296276e+002  1.445317e-002
  3.296377e+002  1.066224e-002
  3.296425e+002  8.067534e-003
  3.296465e+002  5.416385e-003
