HISTORY PLOT
job1

Curve 1
X : Time
Y : Displacement Y [Node 1]

       X              Y       
------------------------------
  0.000000e+000  0.000000e+000
  1.700000e-001 -3.662485e+000
  3.400000e-001 -4.317948e+000
  5.440000e-001 -4.898478e+000
  7.888000e-001 -5.301351e+000
  1.033600e+000 -5.581171e+000
  1.278400e+000 -6.186558e+000
  1.523200e+000 -6.644814e+000
  1.768000e+000 -6.996798e+000
  2.061760e+000 -7.408618e+000
  2.414272e+000 -7.839674e+000
  2.837286e+000 -8.269320e+000
  3.344904e+000 -8.690864e+000
  3.954044e+000 -9.018318e+000
  4.685013e+000 -9.308754e+000
  5.415982e+000 -9.567058e+000
  6.146951e+000 -9.839152e+000
  7.024114e+000 -1.015389e+001
  8.076709e+000 -1.041345e+001
  9.129304e+000 -1.068783e+001
  1.039242e+001 -1.100753e+001
  1.190816e+001 -1.136225e+001
  1.372704e+001 -1.174517e+001
  1.590970e+001 -1.208402e+001
  1.852889e+001 -1.240901e+001
  2.114809e+001 -1.269017e+001
  2.429112e+001 -1.305191e+001
  2.806276e+001 -1.347607e+001
  3.258873e+001 -1.384894e+001
  3.711469e+001 -1.423555e+001
  4.254585e+001 -1.468345e+001
  4.906324e+001 -1.518158e+001
  5.688412e+001 -1.558500e+001
  6.470499e+001 -1.597319e+001
  7.122238e+001 -1.631336e+001
  7.904325e+001 -1.671693e+001
  8.754325e+001 -1.713648e+001
  9.604325e+001 -1.743020e+001
  1.045433e+002 -1.775297e+001
  1.130433e+002 -1.808313e+001
  1.215433e+002 -1.840892e+001
  1.300432e+002 -1.872499e+001
  1.385432e+002 -1.896372e+001
  1.470432e+002 -1.918544e+001
  1.555432e+002 -1.943164e+001
  1.640432e+002 -1.965052e+001
  1.725432e+002 -1.988791e+001
  1.810432e+002 -2.013196e+001
  1.895432e+002 -2.037603e+001
  1.980432e+002 -2.061676e+001
  2.065432e+002 -2.085266e+001
  2.150432e+002 -2.108315e+001
  2.235432e+002 -2.125725e+001
  2.320432e+002 -2.144997e+001
  2.405432e+002 -2.165119e+001
  2.490432e+002 -2.185497e+001
  2.575432e+002 -2.205814e+001
  2.660432e+002 -2.225913e+001
  2.745432e+002 -2.245724e+001
  2.830432e+002 -2.261094e+001
  2.915432e+002 -2.276639e+001
  3.000432e+002 -2.293607e+001
  3.085432e+002 -2.311256e+001
  3.170432e+002 -2.329151e+001
  3.255432e+002 -2.342979e+001
  3.340432e+002 -2.358551e+001
  3.425432e+002 -2.375033e+001
  3.510432e+002 -2.391917e+001
  3.595432e+002 -2.408920e+001
  3.680432e+002 -2.425893e+001
  3.765432e+002 -2.442761e+001
  3.850432e+002 -2.459490e+001
  3.935432e+002 -2.476064e+001
  4.020432e+002 -2.492481e+001
  4.105432e+002 -2.508741e+001
  4.190432e+002 -2.524849e+001
  4.275432e+002 -2.540812e+001
  4.360432e+002 -2.552980e+001
  4.445432e+002 -2.566658e+001
  4.530432e+002 -2.581153e+001
  4.615432e+002 -2.596047e+001
  4.700432e+002 -2.611105e+001
  4.785432e+002 -2.626201e+001
  4.870432e+002 -2.641271e+001
  4.955432e+002 -2.656283e+001
  5.040432e+002 -2.668388e+001
  5.125433e+002 -2.681704e+001
  5.210433e+002 -2.693421e+001
  5.281266e+002 -2.704293e+001
  5.366266e+002 -2.715648e+001
  5.451266e+002 -2.728425e+001
  5.536266e+002 -2.741995e+001
  5.621266e+002 -2.755976e+001
  5.706266e+002 -2.770152e+001
  5.791266e+002 -2.784411e+001
  5.876266e+002 -2.798689e+001
  5.961266e+002 -2.812956e+001
  6.046266e+002 -2.827197e+001
  6.131266e+002 -2.841405e+001
  6.216266e+002 -2.855578e+001
  6.301266e+002 -2.869716e+001
  6.386266e+002 -2.883820e+001
  6.471266e+002 -2.897892e+001
  6.556266e+002 -2.911935e+001
  6.641266e+002 -2.925950e+001
  6.726266e+002 -2.939940e+001
  6.811266e+002 -2.953907e+001
  6.896266e+002 -2.967855e+001
  6.981266e+002 -2.981784e+001
  7.066266e+002 -2.995699e+001
  7.151266e+002 -3.009600e+001
  7.236266e+002 -3.023533e+001
  7.321266e+002 -3.037436e+001
  7.406266e+002 -3.051323e+001
  7.491266e+002 -3.065200e+001
  7.576266e+002 -3.079074e+001
  7.661266e+002 -3.092948e+001
  7.746266e+002 -3.106825e+001
  7.831266e+002 -3.120709e+001
  7.916266e+002 -3.134603e+001
  8.001266e+002 -3.145859e+001
  8.086266e+002 -3.158310e+001
  8.171266e+002 -3.171450e+001
  8.256266e+002 -3.184979e+001
  8.341266e+002 -3.196480e+001
  8.426266e+002 -3.209108e+001
  8.511266e+002 -3.222387e+001
  8.596266e+002 -3.236036e+001
  8.681266e+002 -3.249900e+001
  8.766266e+002 -3.263898e+001
  8.851266e+002 -3.277987e+001
  8.936266e+002 -3.292144e+001
  9.021266e+002 -3.306358e+001
  9.106266e+002 -3.320624e+001
  9.191266e+002 -3.334943e+001
  9.276266e+002 -3.349313e+001
  9.361266e+002 -3.363737e+001
  9.446266e+002 -3.378217e+001
  9.531266e+002 -3.392754e+001
  9.616266e+002 -3.407352e+001
  9.701266e+002 -3.422014e+001
  9.786266e+002 -3.436741e+001
  9.871266e+002 -3.451537e+001
  9.956266e+002 -3.466404e+001
  1.004127e+003 -3.481345e+001
  1.012627e+003 -3.496365e+001
  1.021127e+003 -3.511465e+001
  1.029627e+003 -3.526649e+001
  1.038127e+003 -3.541922e+001
  1.046627e+003 -3.557285e+001
  1.055127e+003 -3.572742e+001
  1.063627e+003 -3.588393e+001
  1.072127e+003 -3.600811e+001
  1.080627e+003 -3.614740e+001
  1.089127e+003 -3.629586e+001
  1.097627e+003 -3.644991e+001
  1.106127e+003 -3.660755e+001
  1.114627e+003 -3.676771e+001
  1.123127e+003 -3.692985e+001
  1.131627e+003 -3.709373e+001
  1.140127e+003 -3.722914e+001
  1.148627e+003 -3.737920e+001
  1.157127e+003 -3.753824e+001
  1.165627e+003 -3.767454e+001
  1.174127e+003 -3.782684e+001
  1.182627e+003 -3.798905e+001
  1.191127e+003 -3.815752e+001
  1.199627e+003 -3.833024e+001
  1.208127e+003 -3.850615e+001
  1.216627e+003 -3.868473e+001
  1.225127e+003 -3.886572e+001
  1.233627e+003 -3.904902e+001
  1.242127e+003 -3.923462e+001
  1.250627e+003 -3.942257e+001
  1.259127e+003 -3.961292e+001
  1.267627e+003 -3.980578e+001
  1.276127e+003 -4.000124e+001
  1.284627e+003 -4.019940e+001
  1.293127e+003 -4.040038e+001
  1.301627e+003 -4.060431e+001
  1.310127e+003 -4.081131e+001
  1.318627e+003 -4.102153e+001
  1.327127e+003 -4.123513e+001
  1.335627e+003 -4.145226e+001
  1.344127e+003 -4.167310e+001
  1.352627e+003 -4.189783e+001
  1.361127e+003 -4.212666e+001
  1.369627e+003 -4.235979e+001
  1.378127e+003 -4.259747e+001
  1.386627e+003 -4.283994e+001
  1.395127e+003 -4.305119e+001
  1.403627e+003 -4.328301e+001
  1.412127e+003 -4.352897e+001
  1.420627e+003 -4.378554e+001
  1.429127e+003 -4.405095e+001
  1.437627e+003 -4.427341e+001
  1.446127e+003 -4.450781e+001
  1.454627e+003 -4.476869e+001
  1.463127e+003 -4.504829e+001
  1.471627e+003 -4.534962e+001
  1.480127e+003 -4.565992e+001
  1.488627e+003 -4.598005e+001
  1.497127e+003 -4.631091e+001
  1.505627e+003 -4.658712e+001
  1.514127e+003 -4.690206e+001
  1.522627e+003 -4.724540e+001
  1.531127e+003 -4.761162e+001
  1.539627e+003 -4.799831e+001
  1.548127e+003 -4.840499e+001
  1.556627e+003 -4.883240e+001
  1.565127e+003 -4.928211e+001
  1.573627e+003 -4.975636e+001
  1.582127e+003 -5.025804e+001
  1.590627e+003 -5.079076e+001
  1.599127e+003 -5.135899e+001
  1.607627e+003 -5.196832e+001
  1.616127e+003 -5.262579e+001
  1.624627e+003 -5.334045e+001
  1.633127e+003 -5.412421e+001
  1.641627e+003 -5.499311e+001
  1.650127e+003 -5.596949e+001
  1.658627e+003 -5.709917e+001
  1.667127e+003 -5.849696e+001
  1.675627e+003 -6.024009e+001
  1.684127e+003 -6.283348e+001
  1.691210e+003 -6.737124e+001
  1.693764e+003 -7.099099e+001
  1.694825e+003 -7.378574e+001
  1.695247e+003 -7.555708e+001
  1.695599e+003 -7.849081e+001
  1.695710e+003 -7.989882e+001
  1.695803e+003 -8.248529e+001
  1.695839e+003 -8.492629e+001
  1.695856e+003 -8.689039e+001

Curve 2
X : Time
Y : Thickness of Element [Node 1]

       X              Y       
------------------------------
  0.000000e+000  9.300000e-001
  1.700000e-001  9.250534e-001
  3.400000e-001  9.227146e-001
  5.440000e-001  9.202581e-001
  7.888000e-001  9.183470e-001
  1.033600e+000  9.169231e-001
  1.278400e+000  9.135339e-001
  1.523200e+000  9.107798e-001
  1.768000e+000  9.085435e-001
  2.061760e+000  9.058102e-001
  2.414272e+000  9.028006e-001
  2.837286e+000  8.996404e-001
  3.344904e+000  8.963802e-001
  3.954044e+000  8.937346e-001
  4.685013e+000  8.912903e-001
  5.415982e+000  8.890519e-001
  6.146951e+000  8.866379e-001
  7.024114e+000  8.837733e-001
  8.076709e+000  8.813373e-001
  9.129304e+000  8.787046e-001
  1.039242e+001  8.755636e-001
  1.190816e+001  8.719861e-001
  1.372704e+001  8.680149e-001
  1.590970e+001  8.644051e-001
  1.852889e+001  8.608418e-001
  2.114809e+001  8.576948e-001
  2.429112e+001  8.535699e-001
  2.806276e+001  8.486228e-001
  3.258873e+001  8.441405e-001
  3.711469e+001  8.393971e-001
  4.254585e+001  8.337810e-001
  4.906324e+001  8.273850e-001
  5.688412e+001  8.220586e-001
  6.470499e+001  8.168272e-001
  7.122238e+001  8.121778e-001
  7.904325e+001  8.065807e-001
  8.754325e+001  8.006671e-001
  9.604325e+001  7.964510e-001
  1.045433e+002  7.917625e-001
  1.130433e+002  7.869082e-001
  1.215433e+002  7.820605e-001
  1.300432e+002  7.773031e-001
  1.385432e+002  7.736672e-001
  1.470432e+002  7.702648e-001
  1.555432e+002  7.664625e-001
  1.640432e+002  7.630533e-001
  1.725432e+002  7.593341e-001
  1.810432e+002  7.554861e-001
  1.895432e+002  7.516126e-001
  1.980432e+002  7.477668e-001
  2.065432e+002  7.439742e-001
  2.150432e+002  7.402452e-001
  2.235432e+002  7.374098e-001
  2.320432e+002  7.342567e-001
  2.405432e+002  7.309488e-001
  2.490432e+002  7.275826e-001
  2.575432e+002  7.242102e-001
  2.660432e+002  7.208586e-001
  2.745432e+002  7.175401e-001
  2.830432e+002  7.149541e-001
  2.915432e+002  7.123295e-001
  3.000432e+002  7.094573e-001
  3.085432e+002  7.064619e-001
  3.170432e+002  7.034157e-001
  3.255432e+002  7.010551e-001
  3.340432e+002  6.983901e-001
  3.425432e+002  6.955620e-001
  3.510432e+002  6.926571e-001
  3.595432e+002  6.897237e-001
  3.680432e+002  6.867874e-001
  3.765432e+002  6.838615e-001
  3.850432e+002  6.809522e-001
  3.935432e+002  6.780625e-001
  4.020432e+002  6.751933e-001
  4.105432e+002  6.723445e-001
  4.190432e+002  6.695158e-001
  4.275432e+002  6.667064e-001
  4.360432e+002  6.645597e-001
  4.445432e+002  6.621424e-001
  4.530432e+002  6.595760e-001
  4.615432e+002  6.569341e-001
  4.700432e+002  6.542585e-001
  4.785432e+002  6.515712e-001
  4.870432e+002  6.488841e-001
  4.955432e+002  6.462029e-001
  5.040432e+002  6.440370e-001
  5.125433e+002  6.416523e-001
  5.210433e+002  6.395517e-001
  5.281266e+002  6.376011e-001
  5.366266e+002  6.355613e-001
  5.451266e+002  6.332646e-001
  5.536266e+002  6.308233e-001
  5.621266e+002  6.283058e-001
  5.706266e+002  6.257507e-001
  5.791266e+002  6.231789e-001
  5.876266e+002  6.206014e-001
  5.961266e+002  6.180238e-001
  6.046266e+002  6.154488e-001
  6.131266e+002  6.128778e-001
  6.216266e+002  6.103111e-001
  6.301266e+002  6.077490e-001
  6.386266e+002  6.051911e-001
  6.471266e+002  6.026373e-001
  6.556266e+002  6.000872e-001
  6.641266e+002  5.975406e-001
  6.726266e+002  5.949970e-001
  6.811266e+002  5.924562e-001
  6.896266e+002  5.899177e-001
  6.981266e+002  5.873812e-001
  7.066266e+002  5.848464e-001
  7.151266e+002  5.823129e-001
  7.236266e+002  5.797716e-001
  7.321266e+002  5.772352e-001
  7.406266e+002  5.747014e-001
  7.491266e+002  5.721687e-001
  7.576266e+002  5.696362e-001
  7.661266e+002  5.671032e-001
  7.746266e+002  5.645692e-001
  7.831266e+002  5.620338e-001
  7.916266e+002  5.594966e-001
  8.001266e+002  5.574410e-001
  8.086266e+002  5.551678e-001
  8.171266e+002  5.527694e-001
  8.256266e+002  5.503007e-001
  8.341266e+002  5.482019e-001
  8.426266e+002  5.458983e-001
  8.511266e+002  5.434769e-001
  8.596266e+002  5.409889e-001
  8.681266e+002  5.384626e-001
  8.766266e+002  5.359134e-001
  8.851266e+002  5.333492e-001
  8.936266e+002  5.307740e-001
  9.021266e+002  5.281899e-001
  9.106266e+002  5.255978e-001
  9.191266e+002  5.229978e-001
  9.276266e+002  5.203901e-001
  9.361266e+002  5.177745e-001
  9.446266e+002  5.151506e-001
  9.531266e+002  5.125181e-001
  9.616266e+002  5.098768e-001
  9.701266e+002  5.072262e-001
  9.786266e+002  5.045660e-001
  9.871266e+002  5.018957e-001
  9.956266e+002  4.992149e-001
  1.004127e+003  4.965233e-001
  1.012627e+003  4.938204e-001
  1.021127e+003  4.911057e-001
  1.029627e+003  4.883788e-001
  1.038127e+003  4.856393e-001
  1.046627e+003  4.828866e-001
  1.055127e+003  4.801203e-001
  1.063627e+003  4.773222e-001
  1.072127e+003  4.751049e-001
  1.080627e+003  4.726199e-001
  1.089127e+003  4.699745e-001
  1.097627e+003  4.672332e-001
  1.106127e+003  4.644321e-001
  1.114627e+003  4.615907e-001
  1.123127e+003  4.587189e-001
  1.131627e+003  4.558220e-001
  1.140127e+003  4.534326e-001
  1.148627e+003  4.507885e-001
  1.157127e+003  4.479907e-001
  1.165627e+003  4.455974e-001
  1.174127e+003  4.429271e-001
  1.182627e+003  4.400885e-001
  1.191127e+003  4.371466e-001
  1.199627e+003  4.341370e-001
  1.208127e+003  4.310792e-001
  1.216627e+003  4.279827e-001
  1.225127e+003  4.248525e-001
  1.233627e+003  4.216905e-001
  1.242127e+003  4.184973e-001
  1.250627e+003  4.152727e-001
  1.259127e+003  4.120158e-001
  1.267627e+003  4.087258e-001
  1.276127e+003  4.054015e-001
  1.284627e+003  4.020416e-001
  1.293127e+003  3.986448e-001
  1.301627e+003  3.952095e-001
  1.310127e+003  3.917342e-001
  1.318627e+003  3.882172e-001
  1.327127e+003  3.846568e-001
  1.335627e+003  3.810511e-001
  1.344127e+003  3.773979e-001
  1.352627e+003  3.736954e-001
  1.361127e+003  3.699410e-001
  1.369627e+003  3.661325e-001
  1.378127e+003  3.622671e-001
  1.386627e+003  3.583422e-001
  1.395127e+003  3.549392e-001
  1.403627e+003  3.512181e-001
  1.412127e+003  3.472878e-001
  1.420627e+003  3.432091e-001
  1.429127e+003  3.390134e-001
  1.437627e+003  3.355183e-001
  1.446127e+003  3.318515e-001
  1.454627e+003  3.277894e-001
  1.463127e+003  3.234616e-001
  1.471627e+003  3.188286e-001
  1.480127e+003  3.140920e-001
  1.488627e+003  3.092432e-001
  1.497127e+003  3.042737e-001
  1.505627e+003  3.001619e-001
  1.514127e+003  2.955029e-001
  1.522627e+003  2.904647e-001
  1.531127e+003  2.851415e-001
  1.539627e+003  2.795792e-001
  1.548127e+003  2.737947e-001
  1.556627e+003  2.677884e-001
  1.565127e+003  2.615500e-001
  1.573627e+003  2.550618e-001
  1.582127e+003  2.483001e-001
  1.590627e+003  2.412351e-001
  1.599127e+003  2.338305e-001
  1.607627e+003  2.260418e-001
  1.616127e+003  2.178143e-001
  1.624627e+003  2.090798e-001
  1.633127e+003  1.997517e-001
  1.641627e+003  1.897179e-001
  1.650127e+003  1.788289e-001
  1.658627e+003  1.666933e-001
  1.667127e+003  1.522698e-001
  1.675627e+003  1.352832e-001
  1.684127e+003  1.119572e-001
  1.691210e+003  7.597334e-002
  1.693764e+003  5.323714e-002
  1.694825e+003  3.898275e-002
  1.695247e+003  3.149114e-002
  1.695599e+003  2.060160e-002
  1.695710e+003  1.669333e-002
  1.695803e+003  1.097663e-002
  1.695839e+003  7.546670e-003
  1.695856e+003  5.698716e-003
