HISTORY PLOT
job1

Curve 1
X : Time
Y : Displacement Y [Node 1]

       X              Y       
------------------------------
  0.000000e+000  0.000000e+000
  4.500000e-001 -3.238539e+000
  9.000000e-001 -3.806244e+000
  1.350000e+000 -4.138093e+000
  1.800000e+000 -4.445610e+000
  2.340000e+000 -4.693418e+000
  2.880000e+000 -5.333455e+000
  3.420000e+000 -5.884300e+000
  4.068000e+000 -6.259268e+000
  4.716000e+000 -6.550682e+000
  5.364000e+000 -6.843165e+000
  6.141600e+000 -7.092939e+000
  6.789600e+000 -7.306396e+000
  7.567200e+000 -7.548718e+000
  8.500320e+000 -7.811279e+000
  9.620064e+000 -8.088767e+000
  1.096376e+001 -8.378311e+000
  1.257619e+001 -8.678605e+000
  1.451111e+001 -8.989290e+000
  1.683301e+001 -9.224537e+000
  1.915491e+001 -9.440594e+000
  2.194119e+001 -9.709097e+000
  2.528473e+001 -1.001663e+001
  2.929697e+001 -1.026808e+001
  3.411167e+001 -1.058562e+001
  3.988930e+001 -1.095069e+001
  4.682246e+001 -1.134963e+001
  5.514225e+001 -1.177418e+001
  6.512600e+001 -1.210740e+001
  7.710650e+001 -1.245414e+001
  8.908700e+001 -1.276244e+001
  1.010675e+002 -1.309427e+001
  1.154441e+002 -1.348600e+001
  1.326960e+002 -1.381718e+001
  1.499479e+002 -1.417298e+001
  1.706502e+002 -1.459364e+001
  1.931502e+002 -1.502492e+001
  2.156502e+002 -1.533670e+001
  2.381502e+002 -1.561626e+001
  2.606502e+002 -1.592152e+001
  2.831502e+002 -1.618055e+001
  3.019002e+002 -1.641348e+001
  3.244002e+002 -1.669648e+001
  3.469002e+002 -1.697406e+001
  3.694002e+002 -1.724245e+001
  3.919002e+002 -1.744421e+001
  4.144002e+002 -1.766384e+001
  4.369002e+002 -1.788906e+001
  4.594002e+002 -1.811315e+001
  4.819002e+002 -1.833287e+001
  5.044002e+002 -1.854690e+001
  5.269003e+002 -1.875484e+001
  5.494003e+002 -1.890815e+001
  5.719003e+002 -1.907935e+001
  5.944003e+002 -1.923286e+001
  6.169003e+002 -1.940046e+001
  6.394003e+002 -1.957388e+001
  6.619003e+002 -1.974844e+001
  6.844003e+002 -1.992170e+001
  7.069003e+002 -2.009249e+001
  7.294003e+002 -2.026032e+001
  7.519003e+002 -2.042503e+001
  7.744003e+002 -2.058664e+001
  7.969003e+002 -2.074524e+001
  8.194003e+002 -2.090093e+001
  8.419003e+002 -2.105386e+001
  8.644003e+002 -2.120416e+001
  8.869003e+002 -2.131646e+001
  9.094003e+002 -2.144296e+001
  9.319003e+002 -2.157659e+001
  9.544003e+002 -2.171310e+001
  9.769003e+002 -2.185020e+001
  9.994003e+002 -2.198671e+001
  1.021900e+003 -2.212205e+001
  1.044400e+003 -2.225595e+001
  1.066900e+003 -2.238832e+001
  1.089400e+003 -2.251916e+001
  1.111900e+003 -2.262421e+001
  1.134400e+003 -2.272190e+001
  1.156900e+003 -2.283227e+001
  1.179400e+003 -2.294929e+001
  1.201900e+003 -2.306935e+001
  1.224400e+003 -2.319044e+001
  1.246900e+003 -2.331151e+001
  1.269400e+003 -2.343203e+001
  1.291900e+003 -2.355177e+001
  1.314400e+003 -2.367059e+001
  1.336900e+003 -2.378846e+001
  1.359400e+003 -2.390536e+001
  1.381900e+003 -2.402131e+001
  1.404400e+003 -2.413634e+001
  1.426900e+003 -2.425046e+001
  1.449400e+003 -2.436371e+001
  1.471900e+003 -2.447611e+001
  1.494400e+003 -2.458770e+001
  1.516900e+003 -2.469849e+001
  1.539400e+003 -2.480851e+001
  1.561900e+003 -2.491779e+001
  1.584400e+003 -2.502635e+001
  1.606900e+003 -2.513421e+001
  1.629400e+003 -2.524140e+001
  1.651900e+003 -2.534794e+001
  1.674400e+003 -2.545390e+001
  1.696900e+003 -2.555923e+001
  1.719400e+003 -2.566395e+001
  1.741900e+003 -2.576809e+001
  1.764400e+003 -2.587168e+001
  1.786900e+003 -2.597473e+001
  1.809400e+003 -2.607728e+001
  1.831900e+003 -2.617932e+001
  1.854400e+003 -2.628089e+001
  1.876900e+003 -2.638200e+001
  1.899400e+003 -2.648266e+001
  1.921900e+003 -2.658289e+001
  1.944400e+003 -2.668271e+001
  1.966900e+003 -2.676086e+001
  1.989400e+003 -2.684836e+001
  2.011900e+003 -2.694100e+001
  2.034400e+003 -2.703626e+001
  2.056900e+003 -2.713276e+001
  2.079400e+003 -2.721016e+001
  2.098150e+003 -2.728222e+001
  2.120650e+003 -2.737367e+001
  2.143150e+003 -2.746767e+001
  2.165650e+003 -2.756290e+001
  2.188150e+003 -2.765864e+001
  2.210650e+003 -2.775454e+001
  2.233150e+003 -2.785042e+001
  2.255650e+003 -2.794617e+001
  2.278150e+003 -2.804175e+001
  2.300650e+003 -2.813714e+001
  2.323150e+003 -2.823234e+001
  2.345650e+003 -2.832734e+001
  2.368150e+003 -2.842216e+001
  2.390650e+003 -2.851680e+001
  2.413150e+003 -2.861126e+001
  2.435650e+003 -2.870555e+001
  2.458150e+003 -2.879969e+001
  2.480650e+003 -2.889367e+001
  2.503150e+003 -2.898751e+001
  2.525650e+003 -2.908121e+001
  2.548150e+003 -2.917478e+001
  2.570650e+003 -2.926823e+001
  2.593150e+003 -2.936157e+001
  2.615650e+003 -2.945479e+001
  2.638150e+003 -2.954792e+001
  2.660650e+003 -2.964095e+001
  2.683150e+003 -2.973390e+001
  2.705650e+003 -2.982677e+001
  2.728150e+003 -2.991957e+001
  2.750650e+003 -3.001230e+001
  2.773150e+003 -3.010498e+001
  2.795650e+003 -3.019760e+001
  2.818150e+003 -3.029037e+001
  2.840650e+003 -3.038301e+001
  2.863150e+003 -3.047558e+001
  2.885650e+003 -3.056809e+001
  2.908150e+003 -3.066058e+001
  2.930650e+003 -3.075306e+001
  2.953150e+003 -3.084553e+001
  2.975650e+003 -3.093801e+001
  2.998150e+003 -3.103050e+001
  3.020650e+003 -3.112301e+001
  3.043150e+003 -3.121555e+001
  3.065650e+003 -3.130813e+001
  3.088150e+003 -3.140075e+001
  3.110650e+003 -3.149365e+001
  3.133150e+003 -3.158669e+001
  3.155650e+003 -3.167984e+001
  3.178150e+003 -3.177308e+001
  3.200650e+003 -3.186625e+001
  3.223150e+003 -3.195944e+001
  3.245650e+003 -3.205270e+001
  3.268150e+003 -3.214605e+001
  3.290650e+003 -3.223951e+001
  3.313150e+003 -3.233308e+001
  3.335650e+003 -3.242679e+001
  3.358150e+003 -3.252064e+001
  3.380650e+003 -3.261463e+001
  3.403150e+003 -3.268850e+001
  3.425650e+003 -3.277162e+001
  3.448150e+003 -3.286008e+001
  3.470650e+003 -3.295151e+001
  3.493150e+003 -3.304460e+001
  3.515650e+003 -3.313867e+001
  3.538150e+003 -3.323333e+001
  3.560650e+003 -3.332842e+001
  3.583150e+003 -3.342382e+001
  3.605650e+003 -3.351950e+001
  3.628150e+003 -3.361543e+001
  3.650650e+003 -3.371161e+001
  3.673150e+003 -3.380803e+001
  3.695650e+003 -3.390470e+001
  3.718150e+003 -3.400163e+001
  3.740650e+003 -3.409883e+001
  3.763150e+003 -3.419629e+001
  3.785650e+003 -3.429403e+001
  3.808150e+003 -3.439206e+001
  3.830650e+003 -3.449038e+001
  3.853150e+003 -3.458900e+001
  3.875650e+003 -3.468793e+001
  3.898150e+003 -3.478718e+001
  3.920650e+003 -3.488676e+001
  3.943150e+003 -3.498668e+001
  3.965650e+003 -3.508694e+001
  3.988150e+003 -3.518756e+001
  4.010650e+003 -3.528854e+001
  4.033150e+003 -3.538990e+001
  4.055650e+003 -3.549164e+001
  4.078150e+003 -3.559378e+001
  4.100650e+003 -3.569632e+001
  4.123150e+003 -3.579928e+001
  4.145650e+003 -3.590267e+001
  4.168150e+003 -3.600650e+001
  4.190650e+003 -3.611078e+001
  4.213150e+003 -3.621552e+001
  4.235650e+003 -3.632074e+001
  4.258150e+003 -3.642645e+001
  4.280650e+003 -3.653265e+001
  4.303150e+003 -3.663937e+001
  4.325650e+003 -3.674660e+001
  4.348150e+003 -3.685439e+001
  4.370650e+003 -3.696273e+001
  4.393150e+003 -3.705021e+001
  4.415650e+003 -3.714787e+001
  4.438150e+003 -3.725153e+001
  4.460650e+003 -3.735873e+001
  4.483150e+003 -3.746812e+001
  4.500000e+003 -3.755117e+001

Curve 2
X : Time
Y : Thickness of Element [Node 1]

       X              Y       
------------------------------
  0.000000e+000  9.300000e-001
  4.500000e-001  9.259411e-001
  9.000000e-001  9.241222e-001
  1.350000e+000  9.228961e-001
  1.800000e+000  9.216741e-001
  2.340000e+000  9.206204e-001
  2.880000e+000  9.175818e-001
  3.420000e+000  9.147535e-001
  4.068000e+000  9.126418e-001
  4.716000e+000  9.109081e-001
  5.364000e+000  9.090998e-001
  6.141600e+000  9.074848e-001
  6.789600e+000  9.060629e-001
  7.567200e+000  9.044017e-001
  8.500320e+000  9.025449e-001
  9.620064e+000  9.005171e-001
  1.096376e+001  8.983291e-001
  1.257619e+001  8.959821e-001
  1.451111e+001  8.934706e-001
  1.683301e+001  8.915038e-001
  1.915491e+001  8.896568e-001
  2.194119e+001  8.873122e-001
  2.528473e+001  8.845577e-001
  2.929697e+001  8.822390e-001
  3.411167e+001  8.792405e-001
  3.988930e+001  8.756965e-001
  4.682246e+001  8.717048e-001
  5.514225e+001  8.673201e-001
  6.512600e+001  8.637791e-001
  7.710650e+001  8.599833e-001
  8.908700e+001  8.565300e-001
  1.010675e+002  8.527419e-001
  1.154441e+002  8.481747e-001
  1.326960e+002  8.442121e-001
  1.499479e+002  8.398731e-001
  1.706502e+002  8.346361e-001
  1.931502e+002  8.291464e-001
  2.156502e+002  8.251010e-001
  2.381502e+002  8.214067e-001
  2.606502e+002  8.173217e-001
  2.831502e+002  8.138025e-001
  3.019002e+002  8.106049e-001
  3.244002e+002  8.066779e-001
  3.469002e+002  8.027818e-001
  3.694002e+002  7.989718e-001
  3.919002e+002  7.960739e-001
  4.144002e+002  7.928928e-001
  4.369002e+002  7.896029e-001
  4.594002e+002  7.863017e-001
  4.819002e+002  7.830380e-001
  5.044002e+002  7.798336e-001
  5.269003e+002  7.766967e-001
  5.494003e+002  7.743696e-001
  5.719003e+002  7.717574e-001
  5.944003e+002  7.694016e-001
  6.169003e+002  7.668177e-001
  6.394003e+002  7.641314e-001
  6.619003e+002  7.614145e-001
  6.844003e+002  7.587045e-001
  7.069003e+002  7.560199e-001
  7.294003e+002  7.533691e-001
  7.519003e+002  7.507553e-001
  7.744003e+002  7.481790e-001
  7.969003e+002  7.456396e-001
  8.194003e+002  7.431359e-001
  8.419003e+002  7.406663e-001
  8.644003e+002  7.382295e-001
  8.869003e+002  7.364023e-001
  9.094003e+002  7.343372e-001
  9.319003e+002  7.321487e-001
  9.544003e+002  7.299054e-001
  9.769003e+002  7.276448e-001
  9.994003e+002  7.253867e-001
  1.021900e+003  7.231409e-001
  1.044400e+003  7.209120e-001
  1.066900e+003  7.187018e-001
  1.089400e+003  7.165111e-001
  1.111900e+003  7.147478e-001
  1.134400e+003  7.131053e-001
  1.156900e+003  7.112459e-001
  1.179400e+003  7.092705e-001
  1.201900e+003  7.072397e-001
  1.224400e+003  7.051873e-001
  1.246900e+003  7.031308e-001
  1.269400e+003  7.010793e-001
  1.291900e+003  6.990373e-001
  1.314400e+003  6.970068e-001
  1.336900e+003  6.949887e-001
  1.359400e+003  6.929832e-001
  1.381900e+003  6.909901e-001
  1.404400e+003  6.890093e-001
  1.426900e+003  6.870404e-001
  1.449400e+003  6.850830e-001
  1.471900e+003  6.831367e-001
  1.494400e+003  6.812014e-001
  1.516900e+003  6.792765e-001
  1.539400e+003  6.773617e-001
  1.561900e+003  6.754568e-001
  1.584400e+003  6.735614e-001
  1.606900e+003  6.716752e-001
  1.629400e+003  6.697978e-001
  1.651900e+003  6.679291e-001
  1.674400e+003  6.660670e-001
  1.696900e+003  6.642139e-001
  1.719400e+003  6.623690e-001
  1.741900e+003  6.605319e-001
  1.764400e+003  6.587023e-001
  1.786900e+003  6.568797e-001
  1.809400e+003  6.550639e-001
  1.831900e+003  6.532547e-001
  1.854400e+003  6.514518e-001
  1.876900e+003  6.496551e-001
  1.899400e+003  6.478642e-001
  1.921900e+003  6.460790e-001
  1.944400e+003  6.442993e-001
  1.966900e+003  6.429057e-001
  1.989400e+003  6.413439e-001
  2.011900e+003  6.396893e-001
  2.034400e+003  6.379864e-001
  2.056900e+003  6.362602e-001
  2.079400e+003  6.348753e-001
  2.098150e+003  6.335847e-001
  2.120650e+003  6.319459e-001
  2.143150e+003  6.302601e-001
  2.165650e+003  6.285512e-001
  2.188150e+003  6.268319e-001
  2.210650e+003  6.251088e-001
  2.233150e+003  6.233853e-001
  2.255650e+003  6.216630e-001
  2.278150e+003  6.199427e-001
  2.300650e+003  6.182249e-001
  2.323150e+003  6.165096e-001
  2.345650e+003  6.147969e-001
  2.368150e+003  6.130866e-001
  2.390650e+003  6.113788e-001
  2.413150e+003  6.096733e-001
  2.435650e+003  6.079699e-001
  2.458150e+003  6.062687e-001
  2.480650e+003  6.045694e-001
  2.503150e+003  6.028719e-001
  2.525650e+003  6.011762e-001
  2.548150e+003  5.994822e-001
  2.570650e+003  5.977897e-001
  2.593150e+003  5.960986e-001
  2.615650e+003  5.944089e-001
  2.638150e+003  5.927203e-001
  2.660650e+003  5.910329e-001
  2.683150e+003  5.893465e-001
  2.705650e+003  5.876610e-001
  2.728150e+003  5.859763e-001
  2.750650e+003  5.842922e-001
  2.773150e+003  5.826088e-001
  2.795650e+003  5.809259e-001
  2.818150e+003  5.792395e-001
  2.840650e+003  5.775553e-001
  2.863150e+003  5.758722e-001
  2.885650e+003  5.741898e-001
  2.908150e+003  5.725077e-001
  2.930650e+003  5.708255e-001
  2.953150e+003  5.691432e-001
  2.975650e+003  5.674607e-001
  2.998150e+003  5.657777e-001
  3.020650e+003  5.640942e-001
  3.043150e+003  5.624100e-001
  3.065650e+003  5.607252e-001
  3.088150e+003  5.590395e-001
  3.110650e+003  5.573484e-001
  3.133150e+003  5.556547e-001
  3.155650e+003  5.539592e-001
  3.178150e+003  5.522623e-001
  3.200650e+003  5.505677e-001
  3.223150e+003  5.488733e-001
  3.245650e+003  5.471785e-001
  3.268150e+003  5.454824e-001
  3.290650e+003  5.437848e-001
  3.313150e+003  5.420856e-001
  3.335650e+003  5.403844e-001
  3.358150e+003  5.386811e-001
  3.380650e+003  5.369758e-001
  3.403150e+003  5.356364e-001
  3.425650e+003  5.341290e-001
  3.448150e+003  5.325256e-001
  3.470650e+003  5.308686e-001
  3.493150e+003  5.291820e-001
  3.515650e+003  5.274786e-001
  3.538150e+003  5.257648e-001
  3.560650e+003  5.240443e-001
  3.583150e+003  5.223187e-001
  3.605650e+003  5.205890e-001
  3.628150e+003  5.188554e-001
  3.650650e+003  5.171181e-001
  3.673150e+003  5.153773e-001
  3.695650e+003  5.136328e-001
  3.718150e+003  5.118845e-001
  3.740650e+003  5.101324e-001
  3.763150e+003  5.083764e-001
  3.785650e+003  5.066164e-001
  3.808150e+003  5.048523e-001
  3.830650e+003  5.030838e-001
  3.853150e+003  5.013111e-001
  3.875650e+003  4.995338e-001
  3.898150e+003  4.977520e-001
  3.920650e+003  4.959654e-001
  3.943150e+003  4.941739e-001
  3.965650e+003  4.923775e-001
  3.988150e+003  4.905760e-001
  4.010650e+003  4.887692e-001
  4.033150e+003  4.869571e-001
  4.055650e+003  4.851395e-001
  4.078150e+003  4.833162e-001
  4.100650e+003  4.814872e-001
  4.123150e+003  4.796522e-001
  4.145650e+003  4.778111e-001
  4.168150e+003  4.759639e-001
  4.190650e+003  4.741102e-001
  4.213150e+003  4.722500e-001
  4.235650e+003  4.703831e-001
  4.258150e+003  4.685093e-001
  4.280650e+003  4.666286e-001
  4.303150e+003  4.647406e-001
  4.325650e+003  4.628452e-001
  4.348150e+003  4.609423e-001
  4.370650e+003  4.590316e-001
  4.393150e+003  4.574912e-001
  4.415650e+003  4.557729e-001
  4.438150e+003  4.539508e-001
  4.460650e+003  4.520687e-001
  4.483150e+003  4.501507e-001
  4.500000e+003  4.486964e-001
