HISTORY PLOT
job1

Curve 1
X : Time
Y : Displacement Y [Node 1]

       X              Y       
------------------------------
  0.000000e+000  0.000000e+000
  4.000000e-002 -3.518894e+000
  8.000000e-002 -4.221828e+000
  1.280000e-001 -4.850069e+000
  1.856000e-001 -5.299177e+000
  2.547200e-001 -5.663383e+000
  3.376640e-001 -6.173657e+000
  4.371968e-001 -6.641586e+000
  5.367296e-001 -6.998218e+000
  6.561689e-001 -7.415222e+000
  7.994962e-001 -7.851089e+000
  9.714889e-001 -8.285782e+000
  1.177880e+000 -8.713307e+000
  1.425550e+000 -9.028927e+000
  1.722753e+000 -9.331653e+000
  2.019956e+000 -9.613742e+000
  2.317160e+000 -9.903798e+000
  2.673804e+000 -1.018469e+001
  3.101776e+000 -1.052153e+001
  3.615344e+000 -1.089758e+001
  4.231625e+000 -1.130203e+001
  4.971162e+000 -1.172898e+001
  5.858606e+000 -1.209162e+001
  6.923540e+000 -1.245195e+001
  7.988473e+000 -1.278366e+001
  9.053406e+000 -1.312575e+001
  1.033133e+001 -1.352065e+001
  1.186483e+001 -1.385918e+001
  1.339833e+001 -1.421723e+001
  1.523854e+001 -1.463708e+001
  1.723854e+001 -1.506600e+001
  1.923854e+001 -1.537378e+001
  2.123854e+001 -1.566060e+001
  2.323854e+001 -1.596966e+001
  2.523854e+001 -1.628086e+001
  2.723854e+001 -1.658418e+001
  2.923854e+001 -1.687563e+001
  3.123854e+001 -1.715423e+001
  3.323854e+001 -1.736793e+001
  3.523854e+001 -1.759712e+001
  3.723854e+001 -1.782993e+001
  3.923854e+001 -1.806021e+001
  4.123854e+001 -1.828519e+001
  4.323854e+001 -1.850384e+001
  4.523854e+001 -1.871597e+001
  4.723854e+001 -1.887569e+001
  4.923854e+001 -1.903159e+001
  5.123854e+001 -1.918972e+001
  5.323854e+001 -1.936189e+001
  5.523854e+001 -1.953952e+001
  5.723854e+001 -1.971794e+001
  5.923854e+001 -1.989475e+001
  6.123854e+001 -2.006887e+001
  6.323854e+001 -2.023986e+001
  6.523854e+001 -2.040760e+001
  6.723854e+001 -2.057213e+001
  6.923854e+001 -2.073354e+001
  7.123854e+001 -2.089198e+001
  7.323854e+001 -2.104758e+001
  7.523854e+001 -2.120049e+001
  7.723854e+001 -2.131566e+001
  7.923854e+001 -2.144523e+001
  8.123854e+001 -2.158180e+001
  8.323854e+001 -2.172108e+001
  8.523854e+001 -2.186076e+001
  8.723854e+001 -2.199972e+001
  8.923854e+001 -2.213740e+001
  9.123854e+001 -2.227357e+001
  9.323854e+001 -2.240816e+001
  9.523854e+001 -2.254116e+001
  9.723854e+001 -2.267270e+001
  9.923854e+001 -2.280281e+001
  1.012385e+002 -2.293152e+001
  1.032385e+002 -2.305889e+001
  1.052385e+002 -2.318495e+001
  1.072385e+002 -2.330975e+001
  1.092385e+002 -2.343334e+001
  1.112385e+002 -2.355579e+001
  1.132385e+002 -2.367711e+001
  1.152385e+002 -2.379736e+001
  1.172385e+002 -2.391657e+001
  1.192385e+002 -2.403477e+001
  1.212385e+002 -2.415200e+001
  1.232385e+002 -2.426829e+001
  1.252385e+002 -2.438367e+001
  1.272385e+002 -2.449818e+001
  1.292385e+002 -2.461185e+001
  1.312385e+002 -2.472469e+001
  1.332385e+002 -2.483674e+001
  1.352385e+002 -2.494803e+001
  1.372385e+002 -2.505857e+001
  1.392385e+002 -2.516840e+001
  1.412385e+002 -2.527754e+001
  1.432385e+002 -2.538601e+001
  1.452385e+002 -2.549383e+001
  1.472385e+002 -2.557911e+001
  1.492385e+002 -2.567409e+001
  1.512385e+002 -2.577415e+001
  1.532385e+002 -2.587664e+001
  1.552385e+002 -2.598012e+001
  1.572385e+002 -2.608387e+001
  1.592385e+002 -2.618751e+001
  1.612385e+002 -2.629085e+001
  1.632385e+002 -2.639382e+001
  1.652385e+002 -2.649638e+001
  1.672385e+002 -2.659853e+001
  1.692385e+002 -2.670026e+001
  1.712385e+002 -2.680164e+001
  1.732385e+002 -2.688414e+001
  1.752385e+002 -2.697499e+001
  1.772385e+002 -2.707025e+001
  1.792385e+002 -2.716768e+001
  1.812385e+002 -2.726608e+001
  1.832385e+002 -2.736483e+001
  1.852385e+002 -2.746360e+001
  1.872385e+002 -2.756226e+001
  1.892385e+002 -2.766071e+001
  1.912385e+002 -2.775894e+001
  1.932385e+002 -2.785694e+001
  1.952385e+002 -2.795470e+001
  1.972385e+002 -2.805223e+001
  1.992385e+002 -2.814952e+001
  2.012385e+002 -2.824660e+001
  2.032385e+002 -2.834346e+001
  2.052385e+002 -2.844011e+001
  2.072385e+002 -2.853657e+001
  2.092385e+002 -2.863284e+001
  2.112385e+002 -2.872894e+001
  2.132385e+002 -2.882486e+001
  2.152385e+002 -2.892061e+001
  2.172385e+002 -2.901621e+001
  2.192385e+002 -2.911167e+001
  2.212385e+002 -2.920698e+001
  2.232385e+002 -2.930216e+001
  2.252385e+002 -2.939722e+001
  2.272385e+002 -2.949216e+001
  2.292385e+002 -2.958699e+001
  2.312385e+002 -2.968172e+001
  2.332385e+002 -2.977635e+001
  2.352385e+002 -2.987090e+001
  2.372385e+002 -2.996537e+001
  2.392385e+002 -3.005977e+001
  2.412385e+002 -3.015410e+001
  2.432385e+002 -3.024856e+001
  2.452385e+002 -3.034287e+001
  2.472385e+002 -3.043710e+001
  2.492385e+002 -3.053126e+001
  2.512385e+002 -3.062539e+001
  2.532385e+002 -3.071949e+001
  2.552385e+002 -3.081357e+001
  2.572385e+002 -3.090765e+001
  2.592385e+002 -3.100173e+001
  2.612385e+002 -3.109581e+001
  2.632385e+002 -3.118992e+001
  2.652385e+002 -3.128405e+001
  2.672385e+002 -3.137821e+001
  2.692385e+002 -3.145573e+001
  2.712385e+002 -3.154109e+001
  2.732385e+002 -3.161506e+001
  2.752385e+002 -3.169847e+001
  2.772385e+002 -3.178717e+001
  2.792385e+002 -3.187872e+001
  2.812385e+002 -3.197180e+001
  2.832385e+002 -3.206573e+001
  2.852385e+002 -3.216015e+001
  2.872385e+002 -3.225488e+001
  2.892385e+002 -3.234981e+001
  2.912385e+002 -3.244493e+001
  2.932385e+002 -3.254020e+001
  2.952385e+002 -3.263563e+001
  2.972385e+002 -3.273122e+001
  2.992385e+002 -3.282697e+001
  3.012385e+002 -3.292287e+001
  3.032385e+002 -3.301896e+001
  3.052385e+002 -3.311522e+001
  3.072385e+002 -3.321165e+001
  3.092385e+002 -3.330828e+001
  3.112385e+002 -3.340511e+001
  3.132385e+002 -3.350214e+001
  3.152385e+002 -3.359939e+001
  3.172385e+002 -3.369685e+001
  3.192385e+002 -3.379454e+001
  3.212385e+002 -3.389246e+001
  3.232385e+002 -3.399062e+001
  3.252385e+002 -3.408904e+001
  3.272385e+002 -3.418771e+001
  3.292385e+002 -3.428664e+001
  3.312385e+002 -3.438585e+001
  3.332385e+002 -3.448533e+001
  3.352385e+002 -3.458511e+001
  3.372385e+002 -3.468518e+001
  3.392385e+002 -3.478556e+001
  3.412385e+002 -3.488625e+001
  3.432385e+002 -3.498727e+001
  3.452385e+002 -3.508862e+001
  3.472385e+002 -3.519031e+001
  3.492385e+002 -3.529235e+001
  3.512385e+002 -3.539475e+001
  3.532385e+002 -3.549753e+001
  3.552385e+002 -3.560068e+001
  3.572385e+002 -3.570423e+001
  3.592385e+002 -3.580857e+001
  3.612385e+002 -3.591312e+001
  3.632385e+002 -3.601800e+001
  3.652385e+002 -3.612326e+001
  3.672385e+002 -3.622895e+001
  3.692385e+002 -3.633508e+001
  3.712385e+002 -3.644167e+001
  3.732385e+002 -3.654874e+001
  3.752385e+002 -3.665631e+001
  3.772385e+002 -3.676439e+001
  3.792385e+002 -3.687299e+001
  3.812385e+002 -3.696331e+001
  3.832385e+002 -3.706288e+001
  3.852385e+002 -3.716777e+001
  3.872385e+002 -3.727575e+001
  3.892385e+002 -3.738564e+001
  3.912385e+002 -3.749680e+001
  3.932385e+002 -3.760894e+001
  3.952385e+002 -3.772192e+001
  3.972385e+002 -3.783565e+001
  3.992385e+002 -3.795012e+001
  4.000000e+002 -3.799403e+001

Curve 2
X : Time
Y : Thickness of Element [Node 1]

       X              Y       
------------------------------
  0.000000e+000  9.300000e-001
  4.000000e-002  9.256807e-001
  8.000000e-002  9.232763e-001
  1.280000e-001  9.207137e-001
  1.856000e-001  9.186311e-001
  2.547200e-001  9.167939e-001
  3.376640e-001  9.139805e-001
  4.371968e-001  9.112045e-001
  5.367296e-001  9.089626e-001
  6.561689e-001  9.062200e-001
  7.994962e-001  9.032013e-001
  9.714889e-001  9.000276e-001
  1.177880e+000  8.967436e-001
  1.425550e+000  8.942124e-001
  1.722753e+000  8.916856e-001
  2.019956e+000  8.892560e-001
  2.317160e+000  8.866945e-001
  2.673804e+000  8.841509e-001
  3.101776e+000  8.810196e-001
  3.615344e+000  8.774179e-001
  4.231625e+000  8.734190e-001
  4.971162e+000  8.690577e-001
  5.858606e+000  8.652399e-001
  6.923540e+000  8.613237e-001
  7.988473e+000  8.576278e-001
  9.053406e+000  8.537413e-001
  1.033133e+001  8.491580e-001
  1.186483e+001  8.451230e-001
  1.339833e+001  8.407733e-001
  1.523854e+001  8.355674e-001
  1.723854e+001  8.301308e-001
  1.923854e+001  8.261477e-001
  2.123854e+001  8.223720e-001
  2.323854e+001  8.182534e-001
  2.523854e+001  8.140525e-001
  2.723854e+001  8.099036e-001
  2.923854e+001  8.058653e-001
  3.123854e+001  8.019575e-001
  3.323854e+001  7.989213e-001
  3.523854e+001  7.956365e-001
  3.723854e+001  7.922696e-001
  3.923854e+001  7.889096e-001
  4.123854e+001  7.855984e-001
  4.323854e+001  7.823537e-001
  4.523854e+001  7.791810e-001
  4.723854e+001  7.767751e-001
  4.923854e+001  7.744143e-001
  5.123854e+001  7.720069e-001
  5.323854e+001  7.693741e-001
  5.523854e+001  7.666445e-001
  5.723854e+001  7.638894e-001
  5.923854e+001  7.611450e-001
  6.123854e+001  7.584288e-001
  6.323854e+001  7.557483e-001
  6.523854e+001  7.531060e-001
  6.723854e+001  7.505022e-001
  6.923854e+001  7.479361e-001
  7.123854e+001  7.454062e-001
  7.323854e+001  7.429109e-001
  7.523854e+001  7.404487e-001
  7.723854e+001  7.385874e-001
  7.923854e+001  7.364864e-001
  8.123854e+001  7.342644e-001
  8.323854e+001  7.319907e-001
  8.523854e+001  7.297024e-001
  8.723854e+001  7.274186e-001
  8.923854e+001  7.251484e-001
  9.123854e+001  7.228959e-001
  9.323854e+001  7.206628e-001
  9.523854e+001  7.184495e-001
  9.723854e+001  7.162557e-001
  9.923854e+001  7.140810e-001
  1.012385e+002  7.119249e-001
  1.032385e+002  7.097864e-001
  1.052385e+002  7.076651e-001
  1.072385e+002  7.055602e-001
  1.092385e+002  7.034712e-001
  1.112385e+002  7.013974e-001
  1.132385e+002  6.993383e-001
  1.152385e+002  6.972933e-001
  1.172385e+002  6.952620e-001
  1.192385e+002  6.932439e-001
  1.212385e+002  6.912384e-001
  1.232385e+002  6.892452e-001
  1.252385e+002  6.872639e-001
  1.272385e+002  6.852940e-001
  1.292385e+002  6.833353e-001
  1.312385e+002  6.813872e-001
  1.332385e+002  6.794496e-001
  1.352385e+002  6.775219e-001
  1.372385e+002  6.756040e-001
  1.392385e+002  6.736955e-001
  1.412385e+002  6.717960e-001
  1.432385e+002  6.699053e-001
  1.452385e+002  6.680231e-001
  1.472385e+002  6.665326e-001
  1.492385e+002  6.648704e-001
  1.512385e+002  6.631170e-001
  1.532385e+002  6.613187e-001
  1.552385e+002  6.595005e-001
  1.572385e+002  6.576754e-001
  1.592385e+002  6.558500e-001
  1.612385e+002  6.540275e-001
  1.632385e+002  6.522095e-001
  1.652385e+002  6.503966e-001
  1.672385e+002  6.485892e-001
  1.692385e+002  6.467871e-001
  1.712385e+002  6.449904e-001
  1.732385e+002  6.435272e-001
  1.752385e+002  6.419147e-001
  1.772385e+002  6.402228e-001
  1.792385e+002  6.384913e-001
  1.812385e+002  6.367414e-001
  1.832385e+002  6.349841e-001
  1.852385e+002  6.332250e-001
  1.872385e+002  6.314670e-001
  1.892385e+002  6.297112e-001
  1.912385e+002  6.279585e-001
  1.932385e+002  6.262088e-001
  1.952385e+002  6.244624e-001
  1.972385e+002  6.227192e-001
  1.992385e+002  6.209791e-001
  2.012385e+002  6.192420e-001
  2.032385e+002  6.175076e-001
  2.052385e+002  6.157761e-001
  2.072385e+002  6.140471e-001
  2.092385e+002  6.123207e-001
  2.112385e+002  6.105966e-001
  2.132385e+002  6.088747e-001
  2.152385e+002  6.071550e-001
  2.172385e+002  6.054373e-001
  2.192385e+002  6.037215e-001
  2.212385e+002  6.020075e-001
  2.232385e+002  6.002952e-001
  2.252385e+002  5.985844e-001
  2.272385e+002  5.968752e-001
  2.292385e+002  5.951672e-001
  2.312385e+002  5.934605e-001
  2.332385e+002  5.917550e-001
  2.352385e+002  5.900505e-001
  2.372385e+002  5.883469e-001
  2.392385e+002  5.866441e-001
  2.412385e+002  5.849420e-001
  2.432385e+002  5.832368e-001
  2.452385e+002  5.815339e-001
  2.472385e+002  5.798325e-001
  2.492385e+002  5.781319e-001
  2.512385e+002  5.764317e-001
  2.532385e+002  5.747318e-001
  2.552385e+002  5.730319e-001
  2.572385e+002  5.713319e-001
  2.592385e+002  5.696317e-001
  2.612385e+002  5.679312e-001
  2.632385e+002  5.662303e-001
  2.652385e+002  5.645289e-001
  2.672385e+002  5.628268e-001
  2.692385e+002  5.614259e-001
  2.712385e+002  5.598834e-001
  2.732385e+002  5.585472e-001
  2.752385e+002  5.570406e-001
  2.772385e+002  5.554387e-001
  2.792385e+002  5.537856e-001
  2.812385e+002  5.521051e-001
  2.832385e+002  5.504098e-001
  2.852385e+002  5.487062e-001
  2.872385e+002  5.469976e-001
  2.892385e+002  5.452854e-001
  2.912385e+002  5.435706e-001
  2.932385e+002  5.418534e-001
  2.952385e+002  5.401339e-001
  2.972385e+002  5.384123e-001
  2.992385e+002  5.366883e-001
  3.012385e+002  5.349621e-001
  3.032385e+002  5.332334e-001
  3.052385e+002  5.315022e-001
  3.072385e+002  5.297684e-001
  3.092385e+002  5.280318e-001
  3.112385e+002  5.262925e-001
  3.132385e+002  5.245502e-001
  3.152385e+002  5.228049e-001
  3.172385e+002  5.210564e-001
  3.192385e+002  5.193048e-001
  3.212385e+002  5.175498e-001
  3.232385e+002  5.157914e-001
  3.252385e+002  5.140294e-001
  3.272385e+002  5.122638e-001
  3.292385e+002  5.104944e-001
  3.312385e+002  5.087211e-001
  3.332385e+002  5.069439e-001
  3.352385e+002  5.051625e-001
  3.372385e+002  5.033769e-001
  3.392385e+002  5.015870e-001
  3.412385e+002  4.997926e-001
  3.432385e+002  4.979937e-001
  3.452385e+002  4.961901e-001
  3.472385e+002  4.943816e-001
  3.492385e+002  4.925682e-001
  3.512385e+002  4.907497e-001
  3.532385e+002  4.889260e-001
  3.552385e+002  4.870969e-001
  3.572385e+002  4.852624e-001
  3.592385e+002  4.834148e-001
  3.612385e+002  4.815652e-001
  3.632385e+002  4.797116e-001
  3.652385e+002  4.778529e-001
  3.672385e+002  4.759884e-001
  3.692385e+002  4.741178e-001
  3.712385e+002  4.722408e-001
  3.732385e+002  4.703571e-001
  3.752385e+002  4.684667e-001
  3.772385e+002  4.665692e-001
  3.792385e+002  4.646645e-001
  3.812385e+002  4.630823e-001
  3.832385e+002  4.613397e-001
  3.852385e+002  4.595062e-001
  3.872385e+002  4.576209e-001
  3.892385e+002  4.557048e-001
  3.912385e+002  4.537688e-001
  3.932385e+002  4.518184e-001
  3.952385e+002  4.498563e-001
  3.972385e+002  4.478837e-001
  3.992385e+002  4.459013e-001
  4.000000e+002  4.451421e-001
