HISTORY PLOT
job1

Curve 1
X : Time
Y : Displacement Y [Node 1]

       X              Y       
------------------------------
  0.000000e+000  0.000000e+000
  2.600000e-001 -3.359598e+000
  5.200000e-001 -3.956390e+000
  7.800000e-001 -4.410555e+000
  1.092000e+000 -4.740060e+000
  1.404000e+000 -4.974563e+000
  1.716000e+000 -5.486694e+000
  2.090400e+000 -6.048784e+000
  2.539680e+000 -6.423840e+000
  2.988960e+000 -6.794162e+000
  3.528096e+000 -7.099617e+000
  4.067232e+000 -7.402036e+000
  4.714195e+000 -7.731142e+000
  5.490551e+000 -8.073460e+000
  6.422178e+000 -8.422474e+000
  7.540131e+000 -8.775902e+000
  8.881674e+000 -9.035371e+000
  1.049152e+001 -9.300020e+000
  1.210138e+001 -9.550559e+000
  1.371123e+001 -9.809197e+000
  1.564305e+001 -1.010616e+001
  1.796124e+001 -1.034857e+001
  2.027942e+001 -1.060767e+001
  2.306124e+001 -1.091173e+001
  2.639943e+001 -1.125101e+001
  3.040526e+001 -1.161914e+001
  3.521225e+001 -1.201239e+001
  4.098064e+001 -1.232845e+001
  4.674903e+001 -1.261391e+001
  5.367109e+001 -1.297192e+001
  6.197757e+001 -1.338613e+001
  7.194535e+001 -1.374342e+001
  8.390668e+001 -1.418776e+001
  9.690668e+001 -1.465209e+001
  1.099067e+002 -1.508508e+001
  1.229067e+002 -1.540033e+001
  1.359067e+002 -1.568500e+001
  1.489067e+002 -1.599162e+001
  1.619067e+002 -1.630065e+001
  1.749067e+002 -1.660214e+001
  1.879067e+002 -1.689201e+001
  2.009067e+002 -1.716915e+001
  2.139067e+002 -1.737497e+001
  2.269067e+002 -1.759884e+001
  2.399067e+002 -1.782816e+001
  2.529067e+002 -1.805606e+001
  2.659067e+002 -1.827929e+001
  2.789067e+002 -1.849650e+001
  2.919067e+002 -1.870737e+001
  3.049067e+002 -1.886411e+001
  3.179067e+002 -1.901875e+001
  3.309067e+002 -1.917727e+001
  3.439067e+002 -1.934873e+001
  3.569067e+002 -1.952520e+001
  3.699067e+002 -1.970232e+001
  3.829067e+002 -1.987781e+001
  3.959067e+002 -2.005062e+001
  4.089067e+002 -2.022032e+001
  4.219067e+002 -2.038678e+001
  4.349067e+002 -2.055004e+001
  4.479067e+002 -2.071019e+001
  4.609067e+002 -2.086736e+001
  4.739067e+002 -2.102171e+001
  4.869067e+002 -2.117305e+001
  4.999067e+002 -2.128979e+001
  5.129067e+002 -2.141933e+001
  5.259067e+002 -2.155509e+001
  5.389067e+002 -2.169320e+001
  5.519067e+002 -2.183160e+001
  5.649067e+002 -2.196923e+001
  5.779067e+002 -2.210558e+001
  5.909067e+002 -2.224043e+001
  6.039067e+002 -2.237371e+001
  6.169067e+002 -2.250541e+001
  6.299067e+002 -2.260594e+001
  6.429067e+002 -2.270862e+001
  6.559067e+002 -2.282221e+001
  6.689067e+002 -2.294133e+001
  6.819067e+002 -2.306284e+001
  6.949067e+002 -2.318501e+001
  7.079067e+002 -2.330697e+001
  7.209067e+002 -2.342828e+001
  7.339067e+002 -2.354873e+001
  7.469067e+002 -2.366823e+001
  7.599067e+002 -2.378675e+001
  7.729067e+002 -2.390429e+001
  7.859067e+002 -2.402087e+001
  7.989067e+002 -2.413650e+001
  8.119067e+002 -2.425123e+001
  8.249067e+002 -2.436507e+001
  8.379067e+002 -2.447805e+001
  8.509067e+002 -2.459021e+001
  8.639067e+002 -2.470156e+001
  8.769067e+002 -2.481214e+001
  8.899067e+002 -2.492196e+001
  9.029067e+002 -2.503106e+001
  9.159067e+002 -2.513946e+001
  9.289067e+002 -2.524718e+001
  9.419067e+002 -2.535425e+001
  9.549067e+002 -2.546073e+001
  9.679067e+002 -2.556656e+001
  9.809067e+002 -2.567179e+001
  9.939067e+002 -2.577644e+001
  1.006907e+003 -2.588053e+001
  1.019907e+003 -2.598408e+001
  1.032907e+003 -2.608711e+001
  1.045907e+003 -2.618964e+001
  1.058907e+003 -2.629169e+001
  1.071907e+003 -2.639328e+001
  1.084907e+003 -2.649442e+001
  1.097907e+003 -2.659513e+001
  1.110907e+003 -2.667731e+001
  1.123907e+003 -2.675555e+001
  1.134740e+003 -2.682875e+001
  1.147740e+003 -2.692359e+001
  1.160740e+003 -2.702100e+001
  1.173740e+003 -2.711886e+001
  1.186740e+003 -2.719524e+001
  1.199740e+003 -2.728131e+001
  1.212740e+003 -2.737274e+001
  1.225740e+003 -2.746696e+001
  1.238740e+003 -2.756254e+001
  1.251740e+003 -2.765869e+001
  1.264740e+003 -2.775505e+001
  1.277740e+003 -2.785139e+001
  1.290740e+003 -2.794761e+001
  1.303740e+003 -2.804367e+001
  1.316740e+003 -2.813955e+001
  1.329740e+003 -2.823523e+001
  1.342740e+003 -2.833071e+001
  1.355740e+003 -2.842601e+001
  1.368740e+003 -2.852113e+001
  1.381740e+003 -2.861607e+001
  1.394740e+003 -2.871084e+001
  1.407740e+003 -2.880545e+001
  1.420740e+003 -2.889991e+001
  1.433740e+003 -2.899423e+001
  1.446740e+003 -2.908841e+001
  1.459740e+003 -2.918245e+001
  1.472740e+003 -2.927638e+001
  1.485740e+003 -2.937019e+001
  1.498740e+003 -2.946389e+001
  1.511740e+003 -2.955750e+001
  1.524740e+003 -2.965101e+001
  1.537740e+003 -2.974443e+001
  1.550740e+003 -2.983778e+001
  1.563740e+003 -2.993105e+001
  1.576740e+003 -3.002427e+001
  1.589740e+003 -3.011742e+001
  1.602740e+003 -3.021071e+001
  1.615740e+003 -3.030387e+001
  1.628740e+003 -3.039694e+001
  1.641740e+003 -3.048996e+001
  1.654740e+003 -3.058295e+001
  1.667740e+003 -3.067592e+001
  1.680740e+003 -3.076888e+001
  1.693740e+003 -3.086184e+001
  1.706740e+003 -3.095480e+001
  1.719740e+003 -3.104779e+001
  1.732740e+003 -3.114079e+001
  1.745740e+003 -3.123383e+001
  1.758740e+003 -3.132691e+001
  1.771740e+003 -3.140009e+001
  1.784740e+003 -3.148232e+001
  1.797740e+003 -3.156972e+001
  1.810740e+003 -3.165996e+001
  1.823740e+003 -3.175176e+001
  1.836740e+003 -3.184441e+001
  1.849740e+003 -3.193756e+001
  1.862740e+003 -3.203104e+001
  1.875740e+003 -3.212473e+001
  1.888740e+003 -3.221861e+001
  1.901740e+003 -3.231263e+001
  1.914740e+003 -3.240680e+001
  1.927740e+003 -3.250113e+001
  1.940740e+003 -3.259559e+001
  1.953740e+003 -3.267197e+001
  1.966740e+003 -3.275676e+001
  1.979740e+003 -3.284634e+001
  1.992740e+003 -3.293861e+001
  2.005740e+003 -3.303238e+001
  2.018740e+003 -3.312703e+001
  2.031740e+003 -3.322223e+001
  2.044740e+003 -3.331783e+001
  2.057740e+003 -3.341375e+001
  2.070740e+003 -3.350992e+001
  2.083740e+003 -3.360635e+001
  2.096740e+003 -3.370303e+001
  2.109740e+003 -3.379996e+001
  2.122740e+003 -3.389714e+001
  2.135740e+003 -3.399457e+001
  2.148740e+003 -3.409227e+001
  2.161740e+003 -3.419024e+001
  2.174740e+003 -3.428850e+001
  2.187740e+003 -3.438704e+001
  2.200740e+003 -3.448587e+001
  2.213740e+003 -3.458501e+001
  2.226740e+003 -3.468447e+001
  2.239740e+003 -3.478424e+001
  2.252740e+003 -3.488435e+001
  2.265740e+003 -3.498480e+001
  2.278740e+003 -3.508559e+001
  2.291740e+003 -3.518675e+001
  2.304740e+003 -3.528827e+001
  2.317740e+003 -3.539017e+001
  2.330740e+003 -3.549247e+001
  2.343740e+003 -3.559516e+001
  2.356740e+003 -3.569826e+001
  2.369740e+003 -3.580219e+001
  2.382740e+003 -3.590635e+001
  2.395740e+003 -3.601084e+001
  2.408740e+003 -3.611574e+001
  2.421740e+003 -3.622108e+001
  2.434740e+003 -3.632688e+001
  2.447740e+003 -3.643317e+001
  2.460740e+003 -3.653997e+001
  2.473740e+003 -3.664728e+001
  2.486740e+003 -3.675512e+001
  2.499740e+003 -3.686352e+001
  2.512740e+003 -3.695360e+001
  2.525740e+003 -3.705278e+001
  2.538740e+003 -3.715729e+001
  2.551740e+003 -3.726498e+001
  2.564740e+003 -3.737464e+001
  2.577740e+003 -3.748565e+001
  2.590740e+003 -3.759770e+001
  2.600000e+003 -3.767818e+001

Curve 2
X : Time
Y : Thickness of Element [Node 1]

       X              Y       
------------------------------
  0.000000e+000  9.300000e-001
  2.600000e-001  9.252605e-001
  5.200000e-001  9.232565e-001
  7.800000e-001  9.215090e-001
  1.092000e+000  9.201101e-001
  1.404000e+000  9.190481e-001
  1.716000e+000  9.165053e-001
  2.090400e+000  9.135358e-001
  2.539680e+000  9.113671e-001
  2.988960e+000  9.091171e-001
  3.528096e+000  9.071499e-001
  4.067232e+000  9.051267e-001
  4.714195e+000  9.028382e-001
  5.490551e+000  9.003593e-001
  6.422178e+000  8.977264e-001
  7.540131e+000  8.949508e-001
  8.881674e+000  8.928415e-001
  1.049152e+001  8.906181e-001
  1.210138e+001  8.884546e-001
  1.371123e+001  8.861710e-001
  1.564305e+001  8.834849e-001
  1.796124e+001  8.812294e-001
  2.027942e+001  8.787675e-001
  2.306124e+001  8.758116e-001
  2.639943e+001  8.724283e-001
  3.040526e+001  8.686561e-001
  3.521225e+001  8.645103e-001
  4.098064e+001  8.610736e-001
  4.674903e+001  8.579127e-001
  5.367109e+001  8.538715e-001
  6.197757e+001  8.490867e-001
  7.194535e+001  8.448417e-001
  8.390668e+001  8.394444e-001
  9.690668e+001  8.336649e-001
  1.099067e+002  8.281448e-001
  1.229067e+002  8.240305e-001
  1.359067e+002  8.202545e-001
  1.489067e+002  8.161367e-001
  1.619067e+002  8.119329e-001
  1.749067e+002  8.077778e-001
  1.879067e+002  8.037315e-001
  2.009067e+002  7.998157e-001
  2.139067e+002  7.968709e-001
  2.269067e+002  7.936402e-001
  2.399067e+002  7.903016e-001
  2.529067e+002  7.869542e-001
  2.659067e+002  7.836474e-001
  2.789067e+002  7.804031e-001
  2.919067e+002  7.772291e-001
  3.049067e+002  7.748533e-001
  3.179067e+002  7.724967e-001
  3.309067e+002  7.700676e-001
  3.439067e+002  7.674287e-001
  3.569067e+002  7.646995e-001
  3.699067e+002  7.619470e-001
  3.829067e+002  7.592059e-001
  3.959067e+002  7.564933e-001
  4.089067e+002  7.538164e-001
  4.219067e+002  7.511781e-001
  4.349067e+002  7.485786e-001
  4.479067e+002  7.460170e-001
  4.609067e+002  7.434919e-001
  4.739067e+002  7.410019e-001
  4.869067e+002  7.385485e-001
  4.999067e+002  7.366496e-001
  5.129067e+002  7.345358e-001
  5.259067e+002  7.323133e-001
  5.389067e+002  7.300446e-001
  5.519067e+002  7.277637e-001
  5.649067e+002  7.254879e-001
  5.779067e+002  7.232261e-001
  5.909067e+002  7.209820e-001
  6.039067e+002  7.187575e-001
  6.169067e+002  7.165527e-001
  6.299067e+002  7.148663e-001
  6.429067e+002  7.131398e-001
  6.559067e+002  7.112262e-001
  6.689067e+002  7.092157e-001
  6.819067e+002  7.071608e-001
  6.949067e+002  7.050901e-001
  7.079067e+002  7.030186e-001
  7.209067e+002  7.009540e-001
  7.339067e+002  6.988999e-001
  7.469067e+002  6.968578e-001
  7.599067e+002  6.948286e-001
  7.729067e+002  6.928121e-001
  7.859067e+002  6.908084e-001
  7.989067e+002  6.888170e-001
  8.119067e+002  6.868376e-001
  8.249067e+002  6.848699e-001
  8.379067e+002  6.829136e-001
  8.509067e+002  6.809681e-001
  8.639067e+002  6.790333e-001
  8.769067e+002  6.771087e-001
  8.899067e+002  6.751940e-001
  9.029067e+002  6.732890e-001
  9.159067e+002  6.713932e-001
  9.289067e+002  6.695064e-001
  9.419067e+002  6.676283e-001
  9.549067e+002  6.657568e-001
  9.679067e+002  6.638943e-001
  9.809067e+002  6.620402e-001
  9.939067e+002  6.601940e-001
  1.006907e+003  6.583552e-001
  1.019907e+003  6.565236e-001
  1.032907e+003  6.546988e-001
  1.045907e+003  6.528807e-001
  1.058907e+003  6.510689e-001
  1.071907e+003  6.492632e-001
  1.084907e+003  6.474635e-001
  1.097907e+003  6.456696e-001
  1.110907e+003  6.442042e-001
  1.123907e+003  6.428086e-001
  1.134740e+003  6.415021e-001
  1.147740e+003  6.398063e-001
  1.160740e+003  6.380630e-001
  1.173740e+003  6.363110e-001
  1.186740e+003  6.349439e-001
  1.199740e+003  6.334023e-001
  1.212740e+003  6.317634e-001
  1.225740e+003  6.300735e-001
  1.238740e+003  6.283581e-001
  1.251740e+003  6.266311e-001
  1.264740e+003  6.248997e-001
  1.277740e+003  6.231676e-001
  1.290740e+003  6.214365e-001
  1.303740e+003  6.197074e-001
  1.316740e+003  6.179807e-001
  1.329740e+003  6.162565e-001
  1.342740e+003  6.145349e-001
  1.355740e+003  6.128158e-001
  1.368740e+003  6.110991e-001
  1.381740e+003  6.093846e-001
  1.394740e+003  6.076724e-001
  1.407740e+003  6.059623e-001
  1.420740e+003  6.042542e-001
  1.433740e+003  6.025479e-001
  1.446740e+003  6.008433e-001
  1.459740e+003  5.991405e-001
  1.472740e+003  5.974391e-001
  1.485740e+003  5.957392e-001
  1.498740e+003  5.940406e-001
  1.511740e+003  5.923432e-001
  1.524740e+003  5.906469e-001
  1.537740e+003  5.889516e-001
  1.550740e+003  5.872572e-001
  1.563740e+003  5.855636e-001
  1.576740e+003  5.838707e-001
  1.589740e+003  5.821784e-001
  1.602740e+003  5.804826e-001
  1.615740e+003  5.787892e-001
  1.628740e+003  5.770970e-001
  1.641740e+003  5.754056e-001
  1.654740e+003  5.737145e-001
  1.667740e+003  5.720234e-001
  1.680740e+003  5.703323e-001
  1.693740e+003  5.686410e-001
  1.706740e+003  5.669493e-001
  1.719740e+003  5.652572e-001
  1.732740e+003  5.635646e-001
  1.745740e+003  5.618713e-001
  1.758740e+003  5.601772e-001
  1.771740e+003  5.588459e-001
  1.784740e+003  5.573498e-001
  1.797740e+003  5.557598e-001
  1.810740e+003  5.541185e-001
  1.823740e+003  5.524493e-001
  1.836740e+003  5.507647e-001
  1.849740e+003  5.490714e-001
  1.862740e+003  5.473727e-001
  1.875740e+003  5.456704e-001
  1.888740e+003  5.439654e-001
  1.901740e+003  5.422579e-001
  1.914740e+003  5.405482e-001
  1.927740e+003  5.388363e-001
  1.940740e+003  5.371222e-001
  1.953740e+003  5.357371e-001
  1.966740e+003  5.341995e-001
  1.979740e+003  5.325753e-001
  1.992740e+003  5.309032e-001
  2.005740e+003  5.292043e-001
  2.018740e+003  5.274902e-001
  2.031740e+003  5.257665e-001
  2.044740e+003  5.240365e-001
  2.057740e+003  5.223017e-001
  2.070740e+003  5.205627e-001
  2.083740e+003  5.188200e-001
  2.096740e+003  5.170736e-001
  2.109740e+003  5.153235e-001
  2.122740e+003  5.135699e-001
  2.135740e+003  5.118124e-001
  2.148740e+003  5.100511e-001
  2.161740e+003  5.082858e-001
  2.174740e+003  5.065165e-001
  2.187740e+003  5.047430e-001
  2.200740e+003  5.029652e-001
  2.213740e+003  5.011831e-001
  2.226740e+003  4.993963e-001
  2.239740e+003  4.976050e-001
  2.252740e+003  4.958089e-001
  2.265740e+003  4.940078e-001
  2.278740e+003  4.922018e-001
  2.291740e+003  4.903905e-001
  2.304740e+003  4.885740e-001
  2.317740e+003  4.867521e-001
  2.330740e+003  4.849246e-001
  2.343740e+003  4.830914e-001
  2.356740e+003  4.812524e-001
  2.369740e+003  4.793997e-001
  2.382740e+003  4.775446e-001
  2.395740e+003  4.756852e-001
  2.408740e+003  4.738204e-001
  2.421740e+003  4.719494e-001
  2.434740e+003  4.700719e-001
  2.447740e+003  4.681876e-001
  2.460740e+003  4.662963e-001
  2.473740e+003  4.643976e-001
  2.486740e+003  4.624916e-001
  2.499740e+003  4.605778e-001
  2.512740e+003  4.589894e-001
  2.525740e+003  4.572421e-001
  2.538740e+003  4.554028e-001
  2.551740e+003  4.535101e-001
  2.564740e+003  4.515850e-001
  2.577740e+003  4.496387e-001
  2.590740e+003  4.476769e-001
  2.600000e+003  4.462698e-001
