HISTORY PLOT
job1

Curve 1
X : Time
Y : Displacement Y [Node 1]

       X              Y       
------------------------------
  0.000000e+000  0.000000e+000
  1.700000e-001 -3.733810e+000
  3.400000e-001 -4.438618e+000
  5.100000e-001 -4.962488e+000
  7.140000e-001 -5.340039e+000
  9.180000e-001 -5.608033e+000
  1.122000e+000 -6.191538e+000
  1.326000e+000 -6.644427e+000
  1.530000e+000 -6.993433e+000
  1.774800e+000 -7.401964e+000
  2.068560e+000 -7.830004e+000
  2.421072e+000 -8.257327e+000
  2.844086e+000 -8.677392e+000
  3.351704e+000 -9.014187e+000
  3.960845e+000 -9.309262e+000
  4.569985e+000 -9.568231e+000
  5.179126e+000 -9.841047e+000
  5.910095e+000 -1.015648e+001
  6.787257e+000 -1.041436e+001
  7.664420e+000 -1.068878e+001
  8.717015e+000 -1.100943e+001
  9.980129e+000 -1.136564e+001
  1.149587e+001 -1.175045e+001
  1.331475e+001 -1.208659e+001
  1.549741e+001 -1.241538e+001
  1.768007e+001 -1.271871e+001
  1.986274e+001 -1.303522e+001
  2.248193e+001 -1.340414e+001
  2.562496e+001 -1.372717e+001
  2.939660e+001 -1.413105e+001
  3.392257e+001 -1.459807e+001
  3.935373e+001 -1.511546e+001
  4.587112e+001 -1.553103e+001
  5.238851e+001 -1.591582e+001
  5.890590e+001 -1.627636e+001
  6.433706e+001 -1.659857e+001
  7.085445e+001 -1.698562e+001
  7.867532e+001 -1.733977e+001
  8.717532e+001 -1.775024e+001
  9.567532e+001 -1.816071e+001
  1.041753e+002 -1.855894e+001
  1.126753e+002 -1.885415e+001
  1.211753e+002 -1.914701e+001
  1.296753e+002 -1.946108e+001
  1.381753e+002 -1.972879e+001
  1.466753e+002 -2.001799e+001
  1.551753e+002 -2.031371e+001
  1.636753e+002 -2.060783e+001
  1.721753e+002 -2.089646e+001
  1.806753e+002 -2.117800e+001
  1.891753e+002 -2.139482e+001
  1.976753e+002 -2.163177e+001
  2.061753e+002 -2.187693e+001
  2.146753e+002 -2.212356e+001
  2.231753e+002 -2.236823e+001
  2.316753e+002 -2.256123e+001
  2.401753e+002 -2.274985e+001
  2.486753e+002 -2.295757e+001
  2.571753e+002 -2.317415e+001
  2.656753e+002 -2.339365e+001
  2.741753e+002 -2.356610e+001
  2.812587e+002 -2.372670e+001
  2.897587e+002 -2.392936e+001
  2.982587e+002 -2.413595e+001
  3.067587e+002 -2.434324e+001
  3.152587e+002 -2.454957e+001
  3.237587e+002 -2.475417e+001
  3.322587e+002 -2.495670e+001
  3.407587e+002 -2.515705e+001
  3.492587e+002 -2.535523e+001
  3.577587e+002 -2.550574e+001
  3.662587e+002 -2.567510e+001
  3.747587e+002 -2.585439e+001
  3.832587e+002 -2.603830e+001
  3.917587e+002 -2.622391e+001
  4.002587e+002 -2.640968e+001
  4.087587e+002 -2.659486e+001
  4.172587e+002 -2.673729e+001
  4.257587e+002 -2.687810e+001
  4.342587e+002 -2.703718e+001
  4.427587e+002 -2.717595e+001
  4.512587e+002 -2.733307e+001
  4.597587e+002 -2.750031e+001
  4.682587e+002 -2.767266e+001
  4.767587e+002 -2.781681e+001
  4.852587e+002 -2.797570e+001
  4.937587e+002 -2.814255e+001
  5.022587e+002 -2.831341e+001
  5.107587e+002 -2.848611e+001
  5.192587e+002 -2.865952e+001
  5.277587e+002 -2.883306e+001
  5.362587e+002 -2.900647e+001
  5.447587e+002 -2.917960e+001
  5.532587e+002 -2.935242e+001
  5.617587e+002 -2.952493e+001
  5.702587e+002 -2.969715e+001
  5.787587e+002 -2.986911e+001
  5.872587e+002 -3.004085e+001
  5.957587e+002 -3.021301e+001
  6.042587e+002 -3.034459e+001
  6.127587e+002 -3.049380e+001
  6.212587e+002 -3.065310e+001
  6.297587e+002 -3.081794e+001
  6.382587e+002 -3.098576e+001
  6.467587e+002 -3.115521e+001
  6.552587e+002 -3.132560e+001
  6.637587e+002 -3.146199e+001
  6.722587e+002 -3.161433e+001
  6.807587e+002 -3.177584e+001
  6.892587e+002 -3.194250e+001
  6.977587e+002 -3.211212e+001
  7.062587e+002 -3.228350e+001
  7.147587e+002 -3.245604e+001
  7.232587e+002 -3.262946e+001
  7.317587e+002 -3.280362e+001
  7.402587e+002 -3.297847e+001
  7.487587e+002 -3.315400e+001
  7.572587e+002 -3.333023e+001
  7.657587e+002 -3.350719e+001
  7.742587e+002 -3.368493e+001
  7.827587e+002 -3.386346e+001
  7.912587e+002 -3.404287e+001
  7.997587e+002 -3.422317e+001
  8.082587e+002 -3.440443e+001
  8.167587e+002 -3.458669e+001
  8.252587e+002 -3.477001e+001
  8.337587e+002 -3.495444e+001
  8.422587e+002 -3.514004e+001
  8.507587e+002 -3.532687e+001
  8.592587e+002 -3.551500e+001
  8.677587e+002 -3.570448e+001
  8.762587e+002 -3.585707e+001
  8.847587e+002 -3.600993e+001
  8.932587e+002 -3.618147e+001
  9.017587e+002 -3.636434e+001
  9.102587e+002 -3.655419e+001
  9.187587e+002 -3.674864e+001
  9.272587e+002 -3.691240e+001
  9.357587e+002 -3.707108e+001
  9.442587e+002 -3.723328e+001
  9.527587e+002 -3.741523e+001
  9.612587e+002 -3.760938e+001
  9.697587e+002 -3.781131e+001
  9.782587e+002 -3.801858e+001
  9.867587e+002 -3.822994e+001
  9.952587e+002 -3.844478e+001
  1.003759e+003 -3.861798e+001
  1.012259e+003 -3.881364e+001
  1.020759e+003 -3.902345e+001
  1.029259e+003 -3.924250e+001
  1.037759e+003 -3.946813e+001
  1.046259e+003 -3.969898e+001
  1.054759e+003 -3.993441e+001
  1.063259e+003 -4.017419e+001
  1.071759e+003 -4.041829e+001
  1.080259e+003 -4.066681e+001
  1.088759e+003 -4.091990e+001
  1.097259e+003 -4.117780e+001
  1.105759e+003 -4.144075e+001
  1.114259e+003 -4.170903e+001
  1.122759e+003 -4.198296e+001
  1.131259e+003 -4.226288e+001
  1.139759e+003 -4.254918e+001
  1.148259e+003 -4.284685e+001
  1.156759e+003 -4.314942e+001
  1.165259e+003 -4.345856e+001
  1.173759e+003 -4.377542e+001
  1.182259e+003 -4.404422e+001
  1.190759e+003 -4.435963e+001
  1.199259e+003 -4.469241e+001
  1.207759e+003 -4.504013e+001
  1.216259e+003 -4.540199e+001
  1.224759e+003 -4.577808e+001
  1.233259e+003 -4.616912e+001
  1.241759e+003 -4.650256e+001
  1.250259e+003 -4.688208e+001
  1.258759e+003 -4.729652e+001
  1.267259e+003 -4.774045e+001
  1.275759e+003 -4.821208e+001
  1.284259e+003 -4.871195e+001
  1.292759e+003 -4.924219e+001
  1.301259e+003 -4.980615e+001
  1.309759e+003 -5.040841e+001
  1.318259e+003 -5.105490e+001
  1.326759e+003 -5.175326e+001
  1.335259e+003 -5.251342e+001
  1.343759e+003 -5.334857e+001
  1.352259e+003 -5.427666e+001
  1.360759e+003 -5.529820e+001
  1.369259e+003 -5.652030e+001
  1.377759e+003 -5.791659e+001
  1.384842e+003 -5.938247e+001
  1.391925e+003 -6.148773e+001
  1.399009e+003 -6.509631e+001
  1.401563e+003 -6.695161e+001
  1.404116e+003 -7.072002e+001
  1.405177e+003 -7.363655e+001
  1.405600e+003 -7.547990e+001
  1.405952e+003 -7.823580e+001
  1.406123e+003 -8.125342e+001
  1.406167e+003 -8.250652e+001
  1.406204e+003 -8.447857e+001
  1.406225e+003 -8.779408e+001
  1.406242e+003 -1.004629e+002

Curve 2
X : Time
Y : Thickness of Element [Node 1]

       X              Y       
------------------------------
  0.000000e+000  9.300000e-001
  1.700000e-001  9.249865e-001
  3.400000e-001  9.223782e-001
  5.100000e-001  9.201140e-001
  7.140000e-001  9.183081e-001
  9.180000e-001  9.169397e-001
  1.122000e+000  9.136718e-001
  1.326000e+000  9.109569e-001
  1.530000e+000  9.087469e-001
  1.774800e+000  9.060455e-001
  2.068560e+000  9.030689e-001
  2.421072e+000  8.999391e-001
  2.844086e+000  8.967044e-001
  3.351704e+000  8.939942e-001
  3.960845e+000  8.915190e-001
  4.569985e+000  8.892820e-001
  5.179126e+000  8.868692e-001
  5.910095e+000  8.840070e-001
  6.787257e+000  8.815948e-001
  7.664420e+000  8.789705e-001
  8.717015e+000  8.758302e-001
  9.980129e+000  8.722485e-001
  1.149587e+001  8.682691e-001
  1.331475e+001  8.646986e-001
  1.549741e+001  8.611042e-001
  1.768007e+001  8.577131e-001
  1.986274e+001  8.541103e-001
  2.248193e+001  8.498265e-001
  2.562496e+001  8.459831e-001
  2.939660e+001  8.410816e-001
  3.392257e+001  8.352823e-001
  3.935373e+001  8.286935e-001
  4.587112e+001  8.232460e-001
  5.238851e+001  8.180952e-001
  5.890590e+001  8.131819e-001
  6.433706e+001  8.087322e-001
  7.085445e+001  8.033131e-001
  7.867532e+001  7.982743e-001
  8.717532e+001  7.923509e-001
  9.567532e+001  7.863387e-001
  1.041753e+002  7.804201e-001
  1.126753e+002  7.759675e-001
  1.211753e+002  7.714987e-001
  1.296753e+002  7.666680e-001
  1.381753e+002  7.625069e-001
  1.466753e+002  7.579799e-001
  1.551753e+002  7.533159e-001
  1.636753e+002  7.486411e-001
  1.721753e+002  7.440184e-001
  1.806753e+002  7.394754e-001
  1.891753e+002  7.359462e-001
  1.976753e+002  7.320681e-001
  2.061753e+002  7.280335e-001
  2.146753e+002  7.239520e-001
  2.231753e+002  7.198807e-001
  2.316753e+002  7.166512e-001
  2.401753e+002  7.134813e-001
  2.486753e+002  7.099799e-001
  2.571753e+002  7.063172e-001
  2.656753e+002  7.025916e-001
  2.741753e+002  6.996514e-001
  2.812587e+002  6.969060e-001
  2.897587e+002  6.934314e-001
  2.982587e+002  6.898788e-001
  3.067587e+002  6.863032e-001
  3.152587e+002  6.827329e-001
  3.237587e+002  6.791817e-001
  3.322587e+002  6.756561e-001
  3.407587e+002  6.721583e-001
  3.492587e+002  6.686886e-001
  3.577587e+002  6.660455e-001
  3.662587e+002  6.630652e-001
  3.747587e+002  6.599030e-001
  3.832587e+002  6.566523e-001
  3.917587e+002  6.533646e-001
  4.002587e+002  6.500670e-001
  4.087587e+002  6.467733e-001
  4.172587e+002  6.442350e-001
  4.257587e+002  6.417220e-001
  4.342587e+002  6.388802e-001
  4.427587e+002  6.363981e-001
  4.512587e+002  6.335849e-001
  4.597587e+002  6.305877e-001
  4.682587e+002  6.274954e-001
  4.767587e+002  6.249045e-001
  4.852587e+002  6.220464e-001
  4.937587e+002  6.190429e-001
  5.022587e+002  6.159647e-001
  5.107587e+002  6.128506e-001
  5.192587e+002  6.097211e-001
  5.277587e+002  6.065866e-001
  5.362587e+002  6.034523e-001
  5.447587e+002  6.003205e-001
  5.532587e+002  5.971921e-001
  5.617587e+002  5.940674e-001
  5.702587e+002  5.909460e-001
  5.787587e+002  5.878276e-001
  5.872587e+002  5.847117e-001
  5.957587e+002  5.815846e-001
  6.042587e+002  5.791944e-001
  6.127587e+002  5.764827e-001
  6.212587e+002  5.735867e-001
  6.297587e+002  5.705896e-001
  6.382587e+002  5.675376e-001
  6.467587e+002  5.644556e-001
  6.552587e+002  5.613564e-001
  6.637587e+002  5.588753e-001
  6.722587e+002  5.561048e-001
  6.807587e+002  5.531688e-001
  6.892587e+002  5.501403e-001
  6.977587e+002  5.470599e-001
  7.062587e+002  5.439490e-001
  7.147587e+002  5.408186e-001
  7.232587e+002  5.376742e-001
  7.317587e+002  5.345185e-001
  7.402587e+002  5.313524e-001
  7.487587e+002  5.281763e-001
  7.572587e+002  5.249898e-001
  7.657587e+002  5.217927e-001
  7.742587e+002  5.185843e-001
  7.827587e+002  5.153641e-001
  7.912587e+002  5.121314e-001
  7.997587e+002  5.088856e-001
  8.082587e+002  5.056260e-001
  8.167587e+002  5.023519e-001
  8.252587e+002  4.990625e-001
  8.337587e+002  4.957571e-001
  8.422587e+002  4.924348e-001
  8.507587e+002  4.890950e-001
  8.592587e+002  4.857367e-001
  8.677587e+002  4.823591e-001
  8.762587e+002  4.796421e-001
  8.847587e+002  4.769229e-001
  8.932587e+002  4.738746e-001
  9.017587e+002  4.706299e-001
  9.102587e+002  4.672671e-001
  9.187587e+002  4.638293e-001
  9.272587e+002  4.609396e-001
  9.357587e+002  4.581439e-001
  9.442587e+002  4.552903e-001
  9.527587e+002  4.520952e-001
  9.612587e+002  4.486935e-001
  9.697587e+002  4.451645e-001
  9.782587e+002  4.415517e-001
  9.867587e+002  4.378778e-001
  9.952587e+002  4.341539e-001
  1.003759e+003  4.311596e-001
  1.012259e+003  4.277840e-001
  1.020759e+003  4.241742e-001
  1.029259e+003  4.204168e-001
  1.037759e+003  4.165594e-001
  1.046259e+003  4.126264e-001
  1.054759e+003  4.086299e-001
  1.063259e+003  4.045748e-001
  1.071759e+003  4.004628e-001
  1.080259e+003  3.962934e-001
  1.088759e+003  3.920648e-001
  1.097259e+003  3.877749e-001
  1.105759e+003  3.834207e-001
  1.114259e+003  3.789990e-001
  1.122759e+003  3.745064e-001
  1.131259e+003  3.699389e-001
  1.139759e+003  3.652924e-001
  1.148259e+003  3.604871e-001
  1.156759e+003  3.556303e-001
  1.165259e+003  3.506984e-001
  1.173759e+003  3.456761e-001
  1.182259e+003  3.414439e-001
  1.190759e+003  3.365035e-001
  1.199259e+003  3.313268e-001
  1.207759e+003  3.259598e-001
  1.216259e+003  3.204218e-001
  1.224759e+003  3.147175e-001
  1.233259e+003  3.088429e-001
  1.241759e+003  3.038831e-001
  1.250259e+003  2.982788e-001
  1.258759e+003  2.922180e-001
  1.267259e+003  2.857996e-001
  1.275759e+003  2.790667e-001
  1.284259e+003  2.720287e-001
  1.292759e+003  2.646744e-001
  1.301259e+003  2.569788e-001
  1.309759e+003  2.489055e-001
  1.318259e+003  2.404067e-001
  1.326759e+003  2.314220e-001
  1.335259e+003  2.218748e-001
  1.343759e+003  2.116668e-001
  1.352259e+003  2.006695e-001
  1.360759e+003  1.889569e-001
  1.369259e+003  1.753894e-001
  1.377759e+003  1.605480e-001
  1.384842e+003  1.457963e-001
  1.391925e+003  1.259671e-001
  1.399009e+003  9.531052e-002
  1.401563e+003  8.208317e-002
  1.404116e+003  5.775282e-002
  1.405177e+003  4.251771e-002
  1.405600e+003  3.451623e-002
  1.405952e+003  2.400502e-002
  1.406123e+003  1.506978e-002
  1.406167e+003  1.246511e-002
  1.406204e+003  9.188454e-003
  1.406225e+003  5.672435e-003
  1.406242e+003  3.064759e-004
