HISTORY PLOT
job1

Curve 1
X : Time
Y : Displacement Y [Node 1]

       X              Y       
------------------------------
  0.000000e+000  0.000000e+000
  7.000000e-002 -3.787606e+000
  1.400000e-001 -4.508197e+000
  2.100000e-001 -5.066123e+000
  2.940000e-001 -5.505556e+000
  3.948000e-001 -5.842945e+000
  4.956000e-001 -6.392004e+000
  5.964000e-001 -6.808000e+000
  6.804000e-001 -7.105809e+000
  7.644000e-001 -7.403040e+000
  8.652000e-001 -7.728372e+000
  9.861600e-001 -8.067950e+000
  1.131312e+000 -8.414831e+000
  1.305494e+000 -8.766438e+000
  1.514513e+000 -9.026726e+000
  1.765336e+000 -9.290038e+000
  2.016159e+000 -9.539315e+000
  2.266981e+000 -9.796497e+000
  2.567968e+000 -1.009178e+001
  2.929153e+000 -1.033537e+001
  3.290338e+000 -1.059414e+001
  3.723759e+000 -1.089693e+001
  4.243865e+000 -1.123437e+001
  4.867992e+000 -1.160030e+001
  5.616945e+000 -1.199116e+001
  6.515687e+000 -1.228898e+001
  7.414431e+000 -1.256478e+001
  8.163383e+000 -1.278182e+001
  8.787510e+000 -1.297767e+001
  9.536463e+000 -1.321467e+001
  1.043521e+001 -1.348963e+001
  1.151370e+001 -1.373711e+001
  1.259219e+001 -1.399840e+001
  1.388638e+001 -1.430852e+001
  1.543941e+001 -1.466281e+001
  1.730304e+001 -1.505855e+001
  1.953940e+001 -1.538410e+001
  2.222303e+001 -1.575321e+001
  2.490666e+001 -1.610304e+001
  2.759030e+001 -1.647187e+001
  3.081065e+001 -1.690845e+001
  3.431065e+001 -1.728695e+001
  3.781065e+001 -1.761664e+001
  4.072732e+001 -1.791505e+001
  4.422732e+001 -1.827801e+001
  4.772732e+001 -1.863371e+001
  5.122732e+001 -1.889833e+001
  5.472732e+001 -1.915213e+001
  5.822732e+001 -1.943215e+001
  6.172732e+001 -1.967863e+001
  6.522732e+001 -1.994544e+001
  6.872732e+001 -2.021882e+001
  7.222732e+001 -2.049127e+001
  7.572732e+001 -2.075916e+001
  7.922732e+001 -2.102094e+001
  8.272732e+001 -2.121451e+001
  8.622732e+001 -2.140551e+001
  8.914399e+001 -2.158338e+001
  9.264399e+001 -2.180680e+001
  9.614399e+001 -2.203305e+001
  9.964399e+001 -2.225841e+001
  1.031440e+002 -2.248110e+001
  1.066440e+002 -2.266057e+001
  1.101440e+002 -2.283549e+001
  1.130607e+002 -2.298145e+001
  1.159773e+002 -2.314014e+001
  1.194773e+002 -2.333736e+001
  1.229773e+002 -2.349471e+001
  1.264773e+002 -2.367120e+001
  1.299773e+002 -2.385729e+001
  1.334773e+002 -2.404734e+001
  1.369773e+002 -2.423829e+001
  1.404773e+002 -2.442856e+001
  1.439773e+002 -2.461741e+001
  1.474773e+002 -2.480448e+001
  1.509773e+002 -2.498967e+001
  1.544773e+002 -2.517296e+001
  1.579773e+002 -2.535440e+001
  1.614773e+002 -2.549822e+001
  1.649773e+002 -2.564350e+001
  1.678940e+002 -2.577616e+001
  1.713940e+002 -2.594229e+001
  1.748940e+002 -2.611149e+001
  1.783940e+002 -2.628167e+001
  1.818940e+002 -2.645177e+001
  1.853940e+002 -2.662127e+001
  1.888940e+002 -2.675389e+001
  1.923940e+002 -2.689170e+001
  1.958940e+002 -2.704258e+001
  1.993940e+002 -2.717404e+001
  2.028940e+002 -2.732063e+001
  2.063940e+002 -2.747539e+001
  2.098940e+002 -2.763422e+001
  2.133940e+002 -2.776879e+001
  2.168940e+002 -2.791598e+001
  2.203940e+002 -2.806989e+001
  2.238940e+002 -2.822716e+001
  2.273940e+002 -2.838594e+001
  2.308940e+002 -2.854528e+001
  2.343940e+002 -2.870469e+001
  2.378940e+002 -2.886395e+001
  2.413940e+002 -2.902293e+001
  2.448940e+002 -2.918162e+001
  2.483940e+002 -2.934000e+001
  2.518940e+002 -2.949809e+001
  2.553940e+002 -2.965592e+001
  2.588940e+002 -2.981351e+001
  2.623940e+002 -2.997089e+001
  2.658940e+002 -3.012809e+001
  2.693940e+002 -3.025536e+001
  2.728940e+002 -3.037652e+001
  2.763940e+002 -3.051364e+001
  2.798940e+002 -3.065982e+001
  2.833940e+002 -3.081096e+001
  2.868940e+002 -3.096474e+001
  2.903940e+002 -3.111995e+001
  2.938940e+002 -3.127597e+001
  2.973940e+002 -3.140163e+001
  3.008940e+002 -3.154159e+001
  3.043940e+002 -3.166279e+001
  3.078940e+002 -3.180029e+001
  3.113940e+002 -3.194724e+001
  3.148940e+002 -3.209950e+001
  3.183940e+002 -3.225475e+001
  3.218940e+002 -3.241176e+001
  3.253940e+002 -3.256990e+001
  3.288940e+002 -3.269465e+001
  3.323940e+002 -3.283531e+001
  3.358940e+002 -3.298523e+001
  3.393940e+002 -3.314043e+001
  3.428940e+002 -3.329873e+001
  3.463940e+002 -3.345895e+001
  3.498940e+002 -3.362049e+001
  3.533940e+002 -3.378307e+001
  3.568940e+002 -3.394653e+001
  3.603940e+002 -3.411084e+001
  3.638940e+002 -3.427596e+001
  3.673940e+002 -3.444193e+001
  3.708940e+002 -3.460876e+001
  3.743940e+002 -3.477649e+001
  3.778940e+002 -3.494515e+001
  3.813940e+002 -3.511479e+001
  3.848940e+002 -3.528545e+001
  3.883940e+002 -3.545718e+001
  3.918940e+002 -3.563002e+001
  3.953940e+002 -3.580514e+001
  3.988940e+002 -3.598090e+001
  4.023940e+002 -3.615764e+001
  4.058940e+002 -3.633556e+001
  4.093940e+002 -3.651478e+001
  4.128940e+002 -3.669542e+001
  4.163940e+002 -3.687755e+001
  4.198940e+002 -3.702702e+001
  4.233940e+002 -3.719333e+001
  4.268940e+002 -3.736989e+001
  4.303940e+002 -3.755284e+001
  4.338940e+002 -3.771092e+001
  4.368106e+002 -3.785615e+001
  4.403106e+002 -3.804013e+001
  4.438106e+002 -3.823036e+001
  4.473106e+002 -3.842498e+001
  4.508106e+002 -3.859077e+001
  4.543106e+002 -3.877375e+001
  4.578106e+002 -3.896746e+001
  4.613106e+002 -3.916820e+001
  4.648106e+002 -3.937400e+001
  4.683106e+002 -3.958390e+001
  4.718106e+002 -3.979741e+001
  4.753106e+002 -4.001437e+001
  4.788106e+002 -4.023477e+001
  4.823106e+002 -4.045868e+001
  4.858106e+002 -4.068620e+001
  4.893106e+002 -4.091750e+001
  4.928106e+002 -4.115276e+001
  4.963106e+002 -4.139216e+001
  4.998106e+002 -4.163593e+001
  5.033106e+002 -4.188429e+001
  5.068106e+002 -4.213750e+001
  5.103106e+002 -4.239585e+001
  5.138107e+002 -4.265961e+001
  5.173107e+002 -4.292914e+001
  5.208107e+002 -4.316144e+001
  5.243107e+002 -4.341856e+001
  5.278107e+002 -4.369267e+001
  5.313107e+002 -4.397954e+001
  5.348107e+002 -4.422743e+001
  5.383107e+002 -4.448545e+001
  5.418107e+002 -4.477283e+001
  5.453107e+002 -4.503832e+001
  5.488107e+002 -4.533752e+001
  5.523107e+002 -4.566074e+001
  5.558107e+002 -4.600274e+001
  5.593107e+002 -4.636116e+001
  5.628107e+002 -4.673531e+001
  5.663107e+002 -4.712545e+001
  5.698107e+002 -4.753250e+001
  5.733107e+002 -4.795785e+001
  5.768107e+002 -4.840327e+001
  5.803107e+002 -4.887094e+001
  5.838107e+002 -4.936350e+001
  5.873107e+002 -4.988411e+001
  5.908107e+002 -5.043658e+001
  5.943107e+002 -5.102565e+001
  5.978107e+002 -5.165711e+001
  6.013107e+002 -5.233834e+001
  6.048107e+002 -5.307877e+001
  6.083107e+002 -5.389083e+001
  6.118107e+002 -5.481150e+001
  6.153107e+002 -5.578159e+001
  6.188107e+002 -5.692724e+001
  6.223107e+002 -5.835280e+001
  6.258107e+002 -6.017334e+001
  6.293107e+002 -6.292608e+001
  6.322273e+002 -6.795347e+001
  6.331261e+002 -7.103129e+001
  6.335078e+002 -7.312141e+001
  6.338257e+002 -7.670192e+001
  6.339034e+002 -7.803224e+001
  6.339812e+002 -8.042374e+001
  6.340229e+002 -8.364017e+001
  6.340325e+002 -8.512814e+001
  6.340406e+002 -8.801825e+001

Curve 2
X : Time
Y : Thickness of Element [Node 1]

       X              Y       
------------------------------
  0.000000e+000  9.300000e-001
  7.000000e-002  9.250493e-001
  1.400000e-001  9.223555e-001
  2.100000e-001  9.199011e-001
  2.940000e-001  9.177591e-001
  3.948000e-001  9.159795e-001
  4.956000e-001  9.128085e-001
  5.964000e-001  9.102520e-001
  6.804000e-001  9.083262e-001
  7.644000e-001  9.063374e-001
  8.652000e-001  9.040788e-001
  9.861600e-001  9.016256e-001
  1.131312e+000  8.990157e-001
  1.305494e+000  8.962620e-001
  1.514513e+000  8.941517e-001
  1.765336e+000  8.919449e-001
  2.016159e+000  8.897979e-001
  2.266981e+000  8.875333e-001
  2.567968e+000  8.848699e-001
  2.929153e+000  8.826092e-001
  3.290338e+000  8.801570e-001
  3.723759e+000  8.772214e-001
  4.243865e+000  8.738660e-001
  4.867992e+000  8.701272e-001
  5.616945e+000  8.660192e-001
  6.515687e+000  8.627950e-001
  7.414431e+000  8.597463e-001
  8.163383e+000  8.573062e-001
  8.787510e+000  8.550760e-001
  9.536463e+000  8.523413e-001
  1.043521e+001  8.491200e-001
  1.151370e+001  8.461659e-001
  1.259219e+001  8.430025e-001
  1.388638e+001  8.391891e-001
  1.543941e+001  8.347548e-001
  1.730304e+001  8.297050e-001
  1.953940e+001  8.254658e-001
  2.222303e+001  8.205652e-001
  2.490666e+001  8.158406e-001
  2.759030e+001  8.107911e-001
  3.081065e+001  8.047215e-001
  3.431065e+001  7.993753e-001
  3.781065e+001  7.946273e-001
  4.072732e+001  7.902798e-001
  4.422732e+001  7.849286e-001
  4.772732e+001  7.796195e-001
  5.122732e+001  7.756190e-001
  5.472732e+001  7.717481e-001
  5.822732e+001  7.674466e-001
  6.172732e+001  7.636242e-001
  6.522732e+001  7.594597e-001
  6.872732e+001  7.551627e-001
  7.222732e+001  7.508494e-001
  7.572732e+001  7.465777e-001
  7.922732e+001  7.423741e-001
  8.272732e+001  7.392452e-001
  8.622732e+001  7.361378e-001
  8.914399e+001  7.332313e-001
  9.264399e+001  7.295623e-001
  9.614399e+001  7.258282e-001
  9.964399e+001  7.220899e-001
  1.031440e+002  7.183777e-001
  1.066440e+002  7.153700e-001
  1.101440e+002  7.124281e-001
  1.130607e+002  7.099656e-001
  1.159773e+002  7.072823e-001
  1.194773e+002  7.039378e-001
  1.229773e+002  7.012602e-001
  1.264773e+002  6.982496e-001
  1.299773e+002  6.950664e-001
  1.334773e+002  6.918061e-001
  1.369773e+002  6.885209e-001
  1.404773e+002  6.852377e-001
  1.439773e+002  6.819698e-001
  1.474773e+002  6.787235e-001
  1.509773e+002  6.755012e-001
  1.544773e+002  6.723035e-001
  1.579773e+002  6.691301e-001
  1.614773e+002  6.666072e-001
  1.649773e+002  6.640524e-001
  1.678940e+002  6.617161e-001
  1.713940e+002  6.587843e-001
  1.748940e+002  6.557931e-001
  1.783940e+002  6.527788e-001
  1.818940e+002  6.497604e-001
  1.853940e+002  6.467473e-001
  1.888940e+002  6.443855e-001
  1.923940e+002  6.419276e-001
  1.958940e+002  6.392347e-001
  1.993940e+002  6.368854e-001
  2.028940e+002  6.342638e-001
  2.063940e+002  6.314936e-001
  2.098940e+002  6.286477e-001
  2.133940e+002  6.262327e-001
  2.168940e+002  6.235895e-001
  2.203940e+002  6.208234e-001
  2.238940e+002  6.179949e-001
  2.273940e+002  6.151370e-001
  2.308940e+002  6.122666e-001
  2.343940e+002  6.093927e-001
  2.378940e+002  6.065196e-001
  2.413940e+002  6.036491e-001
  2.448940e+002  6.007821e-001
  2.483940e+002  5.979188e-001
  2.518940e+002  5.950591e-001
  2.553940e+002  5.922025e-001
  2.588940e+002  5.893487e-001
  2.623940e+002  5.864973e-001
  2.658940e+002  5.836477e-001
  2.693940e+002  5.813391e-001
  2.728940e+002  5.791402e-001
  2.763940e+002  5.766510e-001
  2.798940e+002  5.739965e-001
  2.833940e+002  5.712517e-001
  2.868940e+002  5.684584e-001
  2.903940e+002  5.656388e-001
  2.938940e+002  5.628043e-001
  2.973940e+002  5.605211e-001
  3.008940e+002  5.579786e-001
  3.043940e+002  5.557775e-001
  3.078940e+002  5.532807e-001
  3.113940e+002  5.506134e-001
  3.148940e+002  5.478512e-001
  3.183940e+002  5.450359e-001
  3.218940e+002  5.421900e-001
  3.253940e+002  5.393250e-001
  3.288940e+002  5.370656e-001
  3.323940e+002  5.345191e-001
  3.358940e+002  5.318065e-001
  3.393940e+002  5.290001e-001
  3.428940e+002  5.261398e-001
  3.463940e+002  5.232469e-001
  3.498940e+002  5.203323e-001
  3.533940e+002  5.174016e-001
  3.568940e+002  5.144574e-001
  3.603940e+002  5.115008e-001
  3.638940e+002  5.085322e-001
  3.673940e+002  5.055514e-001
  3.708940e+002  5.025581e-001
  3.743940e+002  4.995520e-001
  3.778940e+002  4.965324e-001
  3.813940e+002  4.934989e-001
  3.848940e+002  4.904508e-001
  3.883940e+002  4.873876e-001
  3.918940e+002  4.843086e-001
  3.953940e+002  4.811919e-001
  3.988940e+002  4.780686e-001
  4.023940e+002  4.749329e-001
  4.058940e+002  4.717813e-001
  4.093940e+002  4.686118e-001
  4.128940e+002  4.654228e-001
  4.163940e+002  4.622130e-001
  4.198940e+002  4.595836e-001
  4.233940e+002  4.566624e-001
  4.268940e+002  4.535674e-001
  4.303940e+002  4.503670e-001
  4.338940e+002  4.476067e-001
  4.368106e+002  4.450756e-001
  4.403106e+002  4.418744e-001
  4.438106e+002  4.385726e-001
  4.473106e+002  4.352031e-001
  4.508106e+002  4.323394e-001
  4.543106e+002  4.291853e-001
  4.578106e+002  4.258550e-001
  4.613106e+002  4.224134e-001
  4.648106e+002  4.188955e-001
  4.683106e+002  4.153191e-001
  4.718106e+002  4.116927e-001
  4.753106e+002  4.080201e-001
  4.788106e+002  4.043023e-001
  4.823106e+002  4.005389e-001
  4.858106e+002  3.967288e-001
  4.893106e+002  3.928702e-001
  4.928106e+002  3.889612e-001
  4.963106e+002  3.849997e-001
  4.998106e+002  3.809830e-001
  5.033106e+002  3.769087e-001
  5.068106e+002  3.727737e-001
  5.103106e+002  3.685752e-001
  5.138107e+002  3.643097e-001
  5.173107e+002  3.599737e-001
  5.208107e+002  3.562561e-001
  5.243107e+002  3.521575e-001
  5.278107e+002  3.478100e-001
  5.313107e+002  3.432866e-001
  5.348107e+002  3.394028e-001
  5.383107e+002  3.353795e-001
  5.418107e+002  3.309218e-001
  5.453107e+002  3.268303e-001
  5.488107e+002  3.222466e-001
  5.523107e+002  3.173313e-001
  5.558107e+002  3.121729e-001
  5.593107e+002  3.068151e-001
  5.628107e+002  3.012756e-001
  5.663107e+002  2.955573e-001
  5.698107e+002  2.896547e-001
  5.733107e+002  2.835566e-001
  5.768107e+002  2.772476e-001
  5.803107e+002  2.707087e-001
  5.838107e+002  2.639172e-001
  5.873107e+002  2.568458e-001
  5.908107e+002  2.494624e-001
  5.943107e+002  2.417286e-001
  5.978107e+002  2.335975e-001
  6.013107e+002  2.250120e-001
  6.048107e+002  2.159009e-001
  6.083107e+002  2.061738e-001
  6.118107e+002  1.954606e-001
  6.153107e+002  1.844910e-001
  6.188107e+002  1.719684e-001
  6.223107e+002  1.570937e-001
  6.258107e+002  1.392976e-001
  6.293107e+002  1.146664e-001
  6.322273e+002  7.497076e-002
  6.331261e+002  5.633950e-002
  6.335078e+002  4.572730e-002
  6.338257e+002  2.970680e-002
  6.339034e+002  2.514852e-002
  6.339812e+002  1.789091e-002
  6.340229e+002  1.065692e-002
  6.340325e+002  8.546818e-003
  6.340406e+002  5.650921e-003
