HISTORY PLOT
job1

Curve 1
X : Time
Y : Displacement Y [Node 1]

       X              Y       
------------------------------
  0.000000e+000  0.000000e+000
  1.700000e-001 -3.407601e+000
  3.400000e-001 -4.036707e+000
  5.100000e-001 -4.514727e+000
  7.140000e-001 -4.866031e+000
  9.180000e-001 -5.117520e+000
  1.122000e+000 -5.600451e+000
  1.366800e+000 -6.128714e+000
  1.660560e+000 -6.510830e+000
  1.954320e+000 -6.874887e+000
  2.306832e+000 -7.254732e+000
  2.729846e+000 -7.634834e+000
  3.237464e+000 -8.010253e+000
  3.846604e+000 -8.381131e+000
  4.577573e+000 -8.749606e+000
  5.454736e+000 -9.028599e+000
  6.507331e+000 -9.302499e+000
  7.559927e+000 -9.555476e+000
  8.612521e+000 -9.817577e+000
  9.875636e+000 -1.011873e+001
  1.139137e+001 -1.037693e+001
  1.290711e+001 -1.064569e+001
  1.472599e+001 -1.095647e+001
  1.690866e+001 -1.130057e+001
  1.952785e+001 -1.167253e+001
  2.267088e+001 -1.206933e+001
  2.644252e+001 -1.237909e+001
  3.021416e+001 -1.267394e+001
  3.474013e+001 -1.303991e+001
  4.017129e+001 -1.346090e+001
  4.668868e+001 -1.381415e+001
  5.320607e+001 -1.418887e+001
  6.102694e+001 -1.462790e+001
  6.952694e+001 -1.507520e+001
  7.802694e+001 -1.538764e+001
  8.652694e+001 -1.569452e+001
  9.502694e+001 -1.597213e+001
  1.035269e+002 -1.627281e+001
  1.120269e+002 -1.657684e+001
  1.205269e+002 -1.687425e+001
  1.290269e+002 -1.716090e+001
  1.375269e+002 -1.737729e+001
  1.460269e+002 -1.761177e+001
  1.545269e+002 -1.785116e+001
  1.630269e+002 -1.808847e+001
  1.715269e+002 -1.832047e+001
  1.800269e+002 -1.854590e+001
  1.885269e+002 -1.876451e+001
  1.970269e+002 -1.892837e+001
  2.055269e+002 -1.910981e+001
  2.140269e+002 -1.927179e+001
  2.211103e+002 -1.941900e+001
  2.296103e+002 -1.957323e+001
  2.381103e+002 -1.974188e+001
  2.466103e+002 -1.991644e+001
  2.551103e+002 -2.009218e+001
  2.636103e+002 -2.026667e+001
  2.721103e+002 -2.043877e+001
  2.806103e+002 -2.060799e+001
  2.891103e+002 -2.077418e+001
  2.976103e+002 -2.093736e+001
  3.061103e+002 -2.109760e+001
  3.146103e+002 -2.122062e+001
  3.231103e+002 -2.134348e+001
  3.301936e+002 -2.145684e+001
  3.386936e+002 -2.159903e+001
  3.471936e+002 -2.174341e+001
  3.556936e+002 -2.188789e+001
  3.641936e+002 -2.203143e+001
  3.726936e+002 -2.217354e+001
  3.811936e+002 -2.231402e+001
  3.896936e+002 -2.245280e+001
  3.981936e+002 -2.256251e+001
  4.066936e+002 -2.268366e+001
  4.151936e+002 -2.281046e+001
  4.236936e+002 -2.293956e+001
  4.321936e+002 -2.306920e+001
  4.406936e+002 -2.319846e+001
  4.491936e+002 -2.332689e+001
  4.576936e+002 -2.345432e+001
  4.661936e+002 -2.358065e+001
  4.746936e+002 -2.370587e+001
  4.831936e+002 -2.382997e+001
  4.916936e+002 -2.395299e+001
  5.001936e+002 -2.407496e+001
  5.086936e+002 -2.419590e+001
  5.171936e+002 -2.431586e+001
  5.256936e+002 -2.443486e+001
  5.341936e+002 -2.455294e+001
  5.426936e+002 -2.467013e+001
  5.511936e+002 -2.478645e+001
  5.596936e+002 -2.490195e+001
  5.681936e+002 -2.501664e+001
  5.766936e+002 -2.513055e+001
  5.851936e+002 -2.524372e+001
  5.936936e+002 -2.535616e+001
  6.021936e+002 -2.546796e+001
  6.106936e+002 -2.555415e+001
  6.191936e+002 -2.565121e+001
  6.276936e+002 -2.575408e+001
  6.361936e+002 -2.585979e+001
  6.446936e+002 -2.596672e+001
  6.531936e+002 -2.607400e+001
  6.616936e+002 -2.618121e+001
  6.701936e+002 -2.628813e+001
  6.786936e+002 -2.639466e+001
  6.871936e+002 -2.650077e+001
  6.956936e+002 -2.660643e+001
  7.041936e+002 -2.669215e+001
  7.126936e+002 -2.678947e+001
  7.211936e+002 -2.687523e+001
  7.296936e+002 -2.696939e+001
  7.381936e+002 -2.706799e+001
  7.466936e+002 -2.716879e+001
  7.551936e+002 -2.727057e+001
  7.636936e+002 -2.737270e+001
  7.721936e+002 -2.747486e+001
  7.806936e+002 -2.757689e+001
  7.891936e+002 -2.767870e+001
  7.976936e+002 -2.775695e+001
  8.061936e+002 -2.784565e+001
  8.146936e+002 -2.794010e+001
  8.231936e+002 -2.803754e+001
  8.316936e+002 -2.813644e+001
  8.401936e+002 -2.823597e+001
  8.486936e+002 -2.833573e+001
  8.571936e+002 -2.843551e+001
  8.656936e+002 -2.853520e+001
  8.741936e+002 -2.863476e+001
  8.826936e+002 -2.873416e+001
  8.911936e+002 -2.883340e+001
  8.996936e+002 -2.893247e+001
  9.081936e+002 -2.903139e+001
  9.166936e+002 -2.913017e+001
  9.251936e+002 -2.922879e+001
  9.336936e+002 -2.932729e+001
  9.421936e+002 -2.942566e+001
  9.506936e+002 -2.952390e+001
  9.591936e+002 -2.962205e+001
  9.676936e+002 -2.972009e+001
  9.761936e+002 -2.981803e+001
  9.846936e+002 -2.991589e+001
  9.931936e+002 -3.001368e+001
  1.001694e+003 -3.011139e+001
  1.010194e+003 -3.020925e+001
  1.018694e+003 -3.030695e+001
  1.027194e+003 -3.040455e+001
  1.035694e+003 -3.050210e+001
  1.044194e+003 -3.059960e+001
  1.052694e+003 -3.069708e+001
  1.061194e+003 -3.079454e+001
  1.069694e+003 -3.089201e+001
  1.078194e+003 -3.098947e+001
  1.086694e+003 -3.108695e+001
  1.095194e+003 -3.118445e+001
  1.103694e+003 -3.128198e+001
  1.112194e+003 -3.137956e+001
  1.120694e+003 -3.146076e+001
  1.129194e+003 -3.154964e+001
  1.137694e+003 -3.162968e+001
  1.146194e+003 -3.171797e+001
  1.154694e+003 -3.181086e+001
  1.163194e+003 -3.190625e+001
  1.171694e+003 -3.198760e+001
  1.178777e+003 -3.206196e+001
  1.187277e+003 -3.215554e+001
  1.195777e+003 -3.225148e+001
  1.204277e+003 -3.234872e+001
  1.212777e+003 -3.244671e+001
  1.221277e+003 -3.254516e+001
  1.229777e+003 -3.264393e+001
  1.238277e+003 -3.274296e+001
  1.246777e+003 -3.284221e+001
  1.255277e+003 -3.294166e+001
  1.263777e+003 -3.304131e+001
  1.272277e+003 -3.314117e+001
  1.280777e+003 -3.324124e+001
  1.289277e+003 -3.334153e+001
  1.297777e+003 -3.344204e+001
  1.306277e+003 -3.354278e+001
  1.314777e+003 -3.364376e+001
  1.323277e+003 -3.374499e+001
  1.331777e+003 -3.384647e+001
  1.340277e+003 -3.394822e+001
  1.348777e+003 -3.405024e+001
  1.357277e+003 -3.415255e+001
  1.365777e+003 -3.425514e+001
  1.374277e+003 -3.435803e+001
  1.382777e+003 -3.446124e+001
  1.391277e+003 -3.456476e+001
  1.399777e+003 -3.466861e+001
  1.408277e+003 -3.477279e+001
  1.416777e+003 -3.487732e+001
  1.425277e+003 -3.498221e+001
  1.433777e+003 -3.508747e+001
  1.442277e+003 -3.519311e+001
  1.450777e+003 -3.529913e+001
  1.459277e+003 -3.540556e+001
  1.467777e+003 -3.551239e+001
  1.476277e+003 -3.561965e+001
  1.484777e+003 -3.572735e+001
  1.493277e+003 -3.583592e+001
  1.501777e+003 -3.594474e+001
  1.510277e+003 -3.605391e+001
  1.518777e+003 -3.616352e+001
  1.527277e+003 -3.627359e+001
  1.535777e+003 -3.638416e+001
  1.544277e+003 -3.649525e+001
  1.552777e+003 -3.660688e+001
  1.561277e+003 -3.671907e+001
  1.569777e+003 -3.683182e+001
  1.578277e+003 -3.692133e+001
  1.586777e+003 -3.701619e+001
  1.595277e+003 -3.712036e+001
  1.603777e+003 -3.721399e+001
  1.612277e+003 -3.731794e+001
  1.620777e+003 -3.742791e+001
  1.629277e+003 -3.754142e+001
  1.637777e+003 -3.763281e+001
  1.646277e+003 -3.773657e+001
  1.654777e+003 -3.784762e+001
  1.663277e+003 -3.796295e+001
  1.671777e+003 -3.808091e+001
  1.680277e+003 -3.820064e+001
  1.688777e+003 -3.832168e+001
  1.697277e+003 -3.844382e+001
  1.700000e+003 -3.848334e+001

Curve 2
X : Time
Y : Thickness of Element [Node 1]

       X              Y       
------------------------------
  0.000000e+000  9.300000e-001
  1.700000e-001  9.254951e-001
  3.400000e-001  9.233707e-001
  5.100000e-001  9.214978e-001
  7.140000e-001  9.199734e-001
  9.180000e-001  9.188067e-001
  1.122000e+000  9.163577e-001
  1.366800e+000  9.135227e-001
  1.660560e+000  9.112885e-001
  1.954320e+000  9.090540e-001
  2.306832e+000  9.066063e-001
  2.729846e+000  9.040311e-001
  3.237464e+000  9.013606e-001
  3.846604e+000  8.985973e-001
  4.577573e+000  8.957294e-001
  5.454736e+000  8.934756e-001
  6.507331e+000  8.911840e-001
  7.559927e+000  8.890074e-001
  8.612521e+000  8.867007e-001
  9.875636e+000  8.839844e-001
  1.139137e+001  8.815847e-001
  1.290711e+001  8.790321e-001
  1.472599e+001  8.760108e-001
  1.690866e+001  8.725785e-001
  1.952785e+001  8.687652e-001
  2.267088e+001  8.645799e-001
  2.644252e+001  8.612151e-001
  3.021416e+001  8.579427e-001
  3.474013e+001  8.538029e-001
  4.017129e+001  8.489305e-001
  4.668868e+001  8.447250e-001
  5.320607e+001  8.401729e-001
  6.102694e+001  8.347231e-001
  6.952694e+001  8.290408e-001
  7.802694e+001  8.249838e-001
  8.652694e+001  8.209260e-001
  9.502694e+001  8.172117e-001
  1.035269e+002  8.131402e-001
  1.120269e+002  8.089698e-001
  1.205269e+002  8.048372e-001
  1.290269e+002  8.008043e-001
  1.375269e+002  7.977198e-001
  1.460269e+002  7.943475e-001
  1.545269e+002  7.908729e-001
  1.630269e+002  7.873969e-001
  1.715269e+002  7.839686e-001
  1.800269e+002  7.806090e-001
  1.885269e+002  7.773249e-001
  1.970269e+002  7.748461e-001
  2.055269e+002  7.720868e-001
  2.140269e+002  7.696087e-001
  2.211103e+002  7.673463e-001
  2.296103e+002  7.649639e-001
  2.381103e+002  7.623478e-001
  2.466103e+002  7.596272e-001
  2.551103e+002  7.568748e-001
  2.636103e+002  7.541285e-001
  2.721103e+002  7.514068e-001
  2.806103e+002  7.487178e-001
  2.891103e+002  7.460647e-001
  2.976103e+002  7.434481e-001
  3.061103e+002  7.408674e-001
  3.146103e+002  7.388782e-001
  3.231103e+002  7.368845e-001
  3.301936e+002  7.350394e-001
  3.386936e+002  7.327172e-001
  3.471936e+002  7.303513e-001
  3.556936e+002  7.279757e-001
  3.641936e+002  7.256076e-001
  3.726936e+002  7.232553e-001
  3.811936e+002  7.209225e-001
  3.896936e+002  7.186107e-001
  3.981936e+002  7.167780e-001
  4.066936e+002  7.147503e-001
  4.151936e+002  7.126237e-001
  4.236936e+002  7.104536e-001
  4.321936e+002  7.082696e-001
  4.406936e+002  7.060871e-001
  4.491936e+002  7.039136e-001
  4.576936e+002  7.017526e-001
  4.661936e+002  6.996056e-001
  4.746936e+002  6.974731e-001
  4.831936e+002  6.953551e-001
  4.916936e+002  6.932513e-001
  5.001936e+002  6.911613e-001
  5.086936e+002  6.890847e-001
  5.171936e+002  6.870211e-001
  5.256936e+002  6.849701e-001
  5.341936e+002  6.829312e-001
  5.426936e+002  6.809040e-001
  5.511936e+002  6.788881e-001
  5.596936e+002  6.768832e-001
  5.681936e+002  6.748889e-001
  5.766936e+002  6.729047e-001
  5.851936e+002  6.709305e-001
  5.936936e+002  6.689657e-001
  6.021936e+002  6.670083e-001
  6.106936e+002  6.654978e-001
  6.191936e+002  6.637948e-001
  6.276936e+002  6.619872e-001
  6.361936e+002  6.601273e-001
  6.446936e+002  6.582436e-001
  6.531936e+002  6.563511e-001
  6.616936e+002  6.544575e-001
  6.701936e+002  6.525666e-001
  6.786936e+002  6.506802e-001
  6.871936e+002  6.487992e-001
  6.956936e+002  6.469240e-001
  7.041936e+002  6.454011e-001
  7.126936e+002  6.436694e-001
  7.211936e+002  6.421428e-001
  7.296936e+002  6.404663e-001
  7.381936e+002  6.387096e-001
  7.466936e+002  6.369127e-001
  7.551936e+002  6.350971e-001
  7.636936e+002  6.332740e-001
  7.721936e+002  6.314490e-001
  7.806936e+002  6.296252e-001
  7.891936e+002  6.278038e-001
  7.976936e+002  6.264034e-001
  8.061936e+002  6.248152e-001
  8.146936e+002  6.231226e-001
  8.231936e+002  6.213756e-001
  8.316936e+002  6.196015e-001
  8.401936e+002  6.178149e-001
  8.486936e+002  6.160232e-001
  8.571936e+002  6.142302e-001
  8.656936e+002  6.124379e-001
  8.741936e+002  6.106470e-001
  8.826936e+002  6.088581e-001
  8.911936e+002  6.070712e-001
  8.996936e+002  6.052864e-001
  9.081936e+002  6.035035e-001
  9.166936e+002  6.017226e-001
  9.251936e+002  5.999435e-001
  9.336936e+002  5.981661e-001
  9.421936e+002  5.963902e-001
  9.506936e+002  5.946159e-001
  9.591936e+002  5.928428e-001
  9.676936e+002  5.910710e-001
  9.761936e+002  5.893003e-001
  9.846936e+002  5.875306e-001
  9.931936e+002  5.857617e-001
  1.001694e+003  5.839936e-001
  1.010194e+003  5.822219e-001
  1.018694e+003  5.804529e-001
  1.027194e+003  5.786853e-001
  1.035694e+003  5.769186e-001
  1.044194e+003  5.751523e-001
  1.052694e+003  5.733862e-001
  1.061194e+003  5.716201e-001
  1.069694e+003  5.698538e-001
  1.078194e+003  5.680873e-001
  1.086694e+003  5.663204e-001
  1.095194e+003  5.645530e-001
  1.103694e+003  5.627849e-001
  1.112194e+003  5.610160e-001
  1.120694e+003  5.595444e-001
  1.129194e+003  5.579336e-001
  1.137694e+003  5.564835e-001
  1.146194e+003  5.548839e-001
  1.154694e+003  5.532013e-001
  1.163194e+003  5.514739e-001
  1.171694e+003  5.500010e-001
  1.178777e+003  5.486548e-001
  1.187277e+003  5.469609e-001
  1.195777e+003  5.452248e-001
  1.204277e+003  5.434656e-001
  1.212777e+003  5.416934e-001
  1.221277e+003  5.399134e-001
  1.229777e+003  5.381283e-001
  1.238277e+003  5.363393e-001
  1.246777e+003  5.345470e-001
  1.255277e+003  5.327517e-001
  1.263777e+003  5.309534e-001
  1.272277e+003  5.291522e-001
  1.280777e+003  5.273479e-001
  1.289277e+003  5.255405e-001
  1.297777e+003  5.237299e-001
  1.306277e+003  5.219159e-001
  1.314777e+003  5.200985e-001
  1.323277e+003  5.182775e-001
  1.331777e+003  5.164528e-001
  1.340277e+003  5.146244e-001
  1.348777e+003  5.127921e-001
  1.357277e+003  5.109556e-001
  1.365777e+003  5.091150e-001
  1.374277e+003  5.072702e-001
  1.382777e+003  5.054209e-001
  1.391277e+003  5.035670e-001
  1.399777e+003  5.017085e-001
  1.408277e+003  4.998451e-001
  1.416777e+003  4.979769e-001
  1.425277e+003  4.961035e-001
  1.433777e+003  4.942248e-001
  1.442277e+003  4.923409e-001
  1.450777e+003  4.904514e-001
  1.459277e+003  4.885562e-001
  1.467777e+003  4.866552e-001
  1.476277e+003  4.847482e-001
  1.484777e+003  4.828351e-001
  1.493277e+003  4.809076e-001
  1.501777e+003  4.789777e-001
  1.510277e+003  4.770432e-001
  1.518777e+003  4.751030e-001
  1.527277e+003  4.731563e-001
  1.535777e+003  4.712028e-001
  1.544277e+003  4.692420e-001
  1.552777e+003  4.672738e-001
  1.561277e+003  4.652978e-001
  1.569777e+003  4.633140e-001
  1.578277e+003  4.617411e-001
  1.586777e+003  4.600756e-001
  1.595277e+003  4.582486e-001
  1.603777e+003  4.566084e-001
  1.612277e+003  4.547890e-001
  1.620777e+003  4.528666e-001
  1.629277e+003  4.508848e-001
  1.637777e+003  4.492916e-001
  1.646277e+003  4.474846e-001
  1.654777e+003  4.455529e-001
  1.663277e+003  4.435495e-001
  1.671777e+003  4.415033e-001
  1.680277e+003  4.394298e-001
  1.688777e+003  4.373366e-001
  1.697277e+003  4.352278e-001
  1.700000e+003  4.345470e-001
