HISTORY PLOT
job1

Curve 1
X : Time
Y : Displacement Y [Node 1]

       X              Y       
------------------------------
  0.000000e+000  0.000000e+000
  4.000000e-002 -3.833631e+000
  8.000000e-002 -4.890072e+000
  1.280000e-001 -5.534369e+000
  1.856000e-001 -5.965401e+000
  2.432000e-001 -6.216569e+000
  3.123200e-001 -6.804641e+000
  3.814400e-001 -7.227503e+000
  4.505600e-001 -7.649002e+000
  5.335040e-001 -8.096375e+000
  6.330368e-001 -8.545430e+000
  7.524762e-001 -8.987660e+000
  8.958034e-001 -9.283710e+000
  1.039131e+000 -9.560584e+000
  1.182458e+000 -9.845779e+000
  1.354451e+000 -1.017110e+001
  1.560842e+000 -1.052583e+001
  1.808511e+000 -1.090316e+001
  2.105715e+000 -1.129943e+001
  2.462358e+000 -1.171306e+001
  2.890332e+000 -1.207774e+001
  3.403899e+000 -1.241745e+001
  3.917466e+000 -1.272423e+001
  4.431034e+000 -1.304565e+001
  5.047315e+000 -1.342073e+001
  5.786851e+000 -1.373837e+001
  6.674296e+000 -1.414258e+001
  7.739229e+000 -1.461401e+001
  9.017149e+000 -1.513816e+001
  1.055065e+001 -1.558167e+001
  1.208416e+001 -1.596905e+001
  1.361766e+001 -1.638305e+001
  1.545787e+001 -1.687388e+001
  1.745787e+001 -1.729127e+001
  1.945787e+001 -1.765062e+001
  2.112453e+001 -1.797802e+001
  2.312453e+001 -1.837667e+001
  2.512453e+001 -1.876674e+001
  2.712453e+001 -1.906755e+001
  2.912453e+001 -1.934795e+001
  3.112453e+001 -1.962289e+001
  3.312453e+001 -1.992094e+001
  3.512453e+001 -2.022600e+001
  3.712453e+001 -2.052934e+001
  3.912453e+001 -2.082679e+001
  4.112453e+001 -2.111666e+001
  4.312453e+001 -2.134571e+001
  4.512453e+001 -2.159247e+001
  4.712453e+001 -2.184576e+001
  4.912453e+001 -2.209943e+001
  5.112453e+001 -2.235041e+001
  5.312453e+001 -2.255116e+001
  5.512453e+001 -2.274083e+001
  5.712453e+001 -2.295133e+001
  5.912453e+001 -2.317167e+001
  6.112453e+001 -2.339537e+001
  6.312453e+001 -2.358006e+001
  6.479120e+001 -2.374803e+001
  6.679120e+001 -2.395735e+001
  6.879120e+001 -2.416930e+001
  7.079120e+001 -2.438118e+001
  7.279120e+001 -2.459167e+001
  7.479120e+001 -2.480015e+001
  7.679120e+001 -2.500639e+001
  7.879120e+001 -2.521032e+001
  8.079120e+001 -2.541198e+001
  8.279120e+001 -2.556876e+001
  8.479120e+001 -2.574310e+001
  8.679120e+001 -2.592656e+001
  8.879120e+001 -2.611414e+001
  9.079120e+001 -2.630313e+001
  9.279120e+001 -2.649213e+001
  9.479120e+001 -2.668045e+001
  9.679120e+001 -2.682672e+001
  9.879120e+001 -2.697042e+001
  1.007912e+002 -2.713243e+001
  1.027912e+002 -2.728143e+001
  1.044579e+002 -2.741849e+001
  1.064579e+002 -2.759111e+001
  1.084579e+002 -2.776774e+001
  1.104579e+002 -2.794613e+001
  1.124579e+002 -2.812507e+001
  1.144579e+002 -2.830399e+001
  1.164579e+002 -2.848258e+001
  1.184579e+002 -2.866074e+001
  1.204579e+002 -2.883841e+001
  1.224579e+002 -2.901559e+001
  1.244579e+002 -2.919232e+001
  1.264579e+002 -2.936863e+001
  1.284579e+002 -2.954456e+001
  1.304579e+002 -2.972015e+001
  1.324579e+002 -2.989545e+001
  1.344579e+002 -3.007050e+001
  1.364579e+002 -3.024599e+001
  1.384579e+002 -3.038295e+001
  1.404579e+002 -3.053669e+001
  1.424579e+002 -3.069996e+001
  1.444579e+002 -3.086843e+001
  1.464579e+002 -3.103971e+001
  1.484579e+002 -3.121253e+001
  1.504579e+002 -3.138624e+001
  1.524579e+002 -3.152816e+001
  1.544579e+002 -3.167308e+001
  1.564579e+002 -3.183184e+001
  1.584579e+002 -3.199851e+001
  1.604579e+002 -3.216965e+001
  1.624579e+002 -3.234338e+001
  1.644579e+002 -3.251873e+001
  1.664579e+002 -3.269521e+001
  1.684579e+002 -3.287259e+001
  1.704579e+002 -3.305075e+001
  1.724579e+002 -3.322966e+001
  1.744579e+002 -3.340933e+001
  1.764579e+002 -3.358978e+001
  1.784579e+002 -3.377105e+001
  1.804579e+002 -3.395318e+001
  1.824579e+002 -3.413622e+001
  1.844579e+002 -3.432021e+001
  1.864579e+002 -3.450521e+001
  1.884579e+002 -3.469128e+001
  1.904579e+002 -3.487847e+001
  1.924579e+002 -3.506683e+001
  1.944579e+002 -3.525643e+001
  1.964579e+002 -3.544733e+001
  1.984579e+002 -3.563961e+001
  2.004579e+002 -3.583470e+001
  2.024579e+002 -3.599100e+001
  2.044579e+002 -3.616596e+001
  2.064579e+002 -3.635222e+001
  2.084579e+002 -3.654545e+001
  2.104579e+002 -3.674330e+001
  2.124579e+002 -3.694454e+001
  2.144579e+002 -3.711144e+001
  2.164579e+002 -3.727499e+001
  2.184579e+002 -3.745943e+001
  2.204579e+002 -3.765680e+001
  2.224579e+002 -3.786239e+001
  2.244579e+002 -3.807360e+001
  2.264579e+002 -3.828910e+001
  2.284579e+002 -3.850824e+001
  2.304579e+002 -3.873076e+001
  2.324579e+002 -3.895657e+001
  2.344579e+002 -3.918571e+001
  2.364579e+002 -3.941828e+001
  2.384579e+002 -3.965442e+001
  2.404579e+002 -3.989428e+001
  2.424579e+002 -4.013806e+001
  2.444579e+002 -4.038595e+001
  2.464579e+002 -4.063818e+001
  2.484579e+002 -4.089499e+001
  2.504579e+002 -4.115664e+001
  2.524579e+002 -4.142339e+001
  2.544579e+002 -4.169556e+001
  2.564579e+002 -4.197348e+001
  2.584579e+002 -4.225751e+001
  2.604579e+002 -4.254803e+001
  2.624579e+002 -4.285018e+001
  2.644579e+002 -4.315734e+001
  2.664579e+002 -4.347122e+001
  2.684579e+002 -4.379301e+001
  2.704579e+002 -4.405874e+001
  2.724579e+002 -4.433478e+001
  2.741245e+002 -4.457146e+001
  2.757912e+002 -4.483793e+001
  2.777912e+002 -4.514599e+001
  2.797912e+002 -4.548837e+001
  2.817912e+002 -4.585651e+001
  2.837912e+002 -4.624619e+001
  2.857912e+002 -4.660720e+001
  2.877912e+002 -4.700666e+001
  2.897912e+002 -4.743713e+001
  2.917912e+002 -4.789558e+001
  2.937912e+002 -4.838169e+001
  2.957912e+002 -4.889694e+001
  2.977912e+002 -4.944410e+001
  2.997912e+002 -5.002712e+001
  3.017912e+002 -5.065118e+001
  3.037912e+002 -5.132294e+001
  3.057912e+002 -5.205102e+001
  3.077912e+002 -5.284672e+001
  3.097912e+002 -5.372519e+001
  3.117912e+002 -5.470734e+001
  3.137912e+002 -5.581160e+001
  3.157912e+002 -5.716727e+001
  3.177912e+002 -5.877603e+001
  3.197912e+002 -6.114358e+001
  3.217912e+002 -6.595450e+001
  3.224943e+002 -6.928480e+001
  3.227800e+002 -7.145986e+001
  3.230182e+002 -7.513676e+001
  3.231138e+002 -7.831215e+001
  3.231591e+002 -8.202695e+001
  3.231702e+002 -8.388754e+001
  3.231779e+002 -8.734541e+001

Curve 2
X : Time
Y : Thickness of Element [Node 1]

       X              Y       
------------------------------
  0.000000e+000  9.300000e-001
  4.000000e-002  9.264133e-001
  8.000000e-002  9.225395e-001
  1.280000e-001  9.195062e-001
  1.856000e-001  9.172159e-001
  2.432000e-001  9.158107e-001
  3.123200e-001  9.122250e-001
  3.814400e-001  9.094698e-001
  4.505600e-001  9.065943e-001
  5.335040e-001  9.033867e-001
  6.330368e-001  8.999955e-001
  7.524762e-001  8.964832e-001
  8.958034e-001  8.940154e-001
  1.039131e+000  8.916325e-001
  1.182458e+000  8.891162e-001
  1.354451e+000  8.861686e-001
  1.560842e+000  8.828603e-001
  1.808511e+000  8.792309e-001
  2.105715e+000  8.752963e-001
  2.462358e+000  8.710558e-001
  2.890332e+000  8.672035e-001
  3.403899e+000  8.635008e-001
  3.917466e+000  8.600791e-001
  4.431034e+000  8.564274e-001
  5.047315e+000  8.520783e-001
  5.786851e+000  8.483050e-001
  6.674296e+000  8.434071e-001
  7.739229e+000  8.375616e-001
  9.017149e+000  8.308945e-001
  1.055065e+001  8.250759e-001
  1.208416e+001  8.198883e-001
  1.361766e+001  8.142580e-001
  1.545787e+001  8.074657e-001
  1.745787e+001  8.015858e-001
  1.945787e+001  7.964131e-001
  2.112453e+001  7.916400e-001
  2.312453e+001  7.857525e-001
  2.512453e+001  7.799147e-001
  2.712453e+001  7.753467e-001
  2.912453e+001  7.710473e-001
  3.112453e+001  7.667955e-001
  3.312453e+001  7.621539e-001
  3.512453e+001  7.573661e-001
  3.712453e+001  7.525669e-001
  3.912453e+001  7.478234e-001
  4.112453e+001  7.431650e-001
  4.312453e+001  7.394487e-001
  4.512453e+001  7.354227e-001
  4.712453e+001  7.312664e-001
  4.912453e+001  7.270801e-001
  5.112453e+001  7.229147e-001
  5.312453e+001  7.195647e-001
  5.512453e+001  7.163858e-001
  5.712453e+001  7.128464e-001
  5.912453e+001  7.091290e-001
  6.112453e+001  7.053407e-001
  6.312453e+001  7.021968e-001
  6.479120e+001  6.993300e-001
  6.679120e+001  6.957470e-001
  6.879120e+001  6.921080e-001
  7.079120e+001  6.884584e-001
  7.279120e+001  6.848213e-001
  7.479120e+001  6.812076e-001
  7.679120e+001  6.776221e-001
  7.879120e+001  6.740663e-001
  8.079120e+001  6.705400e-001
  8.279120e+001  6.677892e-001
  8.479120e+001  6.647236e-001
  8.679120e+001  6.614909e-001
  8.879120e+001  6.581783e-001
  9.079120e+001  6.548337e-001
  9.279120e+001  6.514819e-001
  9.479120e+001  6.481355e-001
  9.679120e+001  6.455312e-001
  9.879120e+001  6.429691e-001
  1.007912e+002  6.400775e-001
  1.027912e+002  6.374138e-001
  1.044579e+002  6.349617e-001
  1.064579e+002  6.318702e-001
  1.084579e+002  6.287041e-001
  1.104579e+002  6.255037e-001
  1.124579e+002  6.222902e-001
  1.144579e+002  6.190741e-001
  1.164579e+002  6.158608e-001
  1.184579e+002  6.126525e-001
  1.204579e+002  6.094502e-001
  1.224579e+002  6.062539e-001
  1.244579e+002  6.030633e-001
  1.264579e+002  5.998780e-001
  1.284579e+002  5.966974e-001
  1.304579e+002  5.935208e-001
  1.324579e+002  5.903477e-001
  1.344579e+002  5.871773e-001
  1.364579e+002  5.839956e-001
  1.384579e+002  5.815114e-001
  1.404579e+002  5.787219e-001
  1.424579e+002  5.757588e-001
  1.444579e+002  5.727007e-001
  1.464579e+002  5.695911e-001
  1.484579e+002  5.664532e-001
  1.504579e+002  5.632990e-001
  1.524579e+002  5.607216e-001
  1.544579e+002  5.580894e-001
  1.564579e+002  5.552072e-001
  1.584579e+002  5.521832e-001
  1.604579e+002  5.490799e-001
  1.624579e+002  5.459313e-001
  1.644579e+002  5.427552e-001
  1.664579e+002  5.395607e-001
  1.684579e+002  5.363523e-001
  1.704579e+002  5.331321e-001
  1.724579e+002  5.299006e-001
  1.744579e+002  5.266581e-001
  1.764579e+002  5.234041e-001
  1.784579e+002  5.201383e-001
  1.804579e+002  5.168599e-001
  1.824579e+002  5.135685e-001
  1.844579e+002  5.102632e-001
  1.864579e+002  5.069433e-001
  1.884579e+002  5.036082e-001
  1.904579e+002  5.002570e-001
  1.924579e+002  4.968889e-001
  1.944579e+002  4.935031e-001
  1.964579e+002  4.900987e-001
  1.984579e+002  4.866749e-001
  2.004579e+002  4.832045e-001
  2.024579e+002  4.804281e-001
  2.044579e+002  4.773241e-001
  2.064579e+002  4.740246e-001
  2.084579e+002  4.706074e-001
  2.104579e+002  4.671151e-001
  2.124579e+002  4.635702e-001
  2.144579e+002  4.606356e-001
  2.164579e+002  4.577647e-001
  2.184579e+002  4.545329e-001
  2.204579e+002  4.510824e-001
  2.224579e+002  4.474974e-001
  2.244579e+002  4.438242e-001
  2.264579e+002  4.400870e-001
  2.284579e+002  4.362976e-001
  2.304579e+002  4.324617e-001
  2.324579e+002  4.285812e-001
  2.344579e+002  4.246563e-001
  2.364579e+002  4.206859e-001
  2.384579e+002  4.166687e-001
  2.404579e+002  4.126027e-001
  2.424579e+002  4.084858e-001
  2.444579e+002  4.043155e-001
  2.464579e+002  4.000893e-001
  2.484579e+002  3.958044e-001
  2.504579e+002  3.914578e-001
  2.524579e+002  3.870463e-001
  2.544579e+002  3.825665e-001
  2.564579e+002  3.780146e-001
  2.584579e+002  3.733866e-001
  2.604579e+002  3.686781e-001
  2.624579e+002  3.638076e-001
  2.644579e+002  3.588845e-001
  2.664579e+002  3.538847e-001
  2.684579e+002  3.487925e-001
  2.704579e+002  3.446160e-001
  2.724579e+002  3.403013e-001
  2.741245e+002  3.366215e-001
  2.757912e+002  3.324974e-001
  2.777912e+002  3.277572e-001
  2.797912e+002  3.225251e-001
  2.817912e+002  3.169465e-001
  2.837912e+002  3.110980e-001
  2.857912e+002  3.057343e-001
  2.877912e+002  2.998477e-001
  2.897912e+002  2.935710e-001
  2.917912e+002  2.869674e-001
  2.937912e+002  2.800587e-001
  2.957912e+002  2.728417e-001
  2.977912e+002  2.652973e-001
  2.997912e+002  2.573949e-001
  3.017912e+002  2.490926e-001
  3.037912e+002  2.403372e-001
  3.057912e+002  2.310614e-001
  3.077912e+002  2.211796e-001
  3.097912e+002  2.105809e-001
  3.117912e+002  1.991191e-001
  3.137912e+002  1.866841e-001
  3.157912e+002  1.719626e-001
  3.177912e+002  1.553794e-001
  3.197912e+002  1.327054e-001
  3.217912e+002  9.176776e-002
  3.224943e+002  6.953611e-002
  3.227800e+002  5.741368e-002
  3.230182e+002  3.949996e-002
  3.231138e+002  2.739500e-002
  3.231591e+002  1.632839e-002
  3.231702e+002  1.251630e-002
  3.231779e+002  7.332101e-003
