HISTORY PLOT
job1

Curve 1
X : Time
Y : Displacement Y [Node 1]

       X              Y       
------------------------------
  0.000000e+000  0.000000e+000
  4.000000e-002 -3.804344e+000
  8.000000e-002 -4.817658e+000
  1.280000e-001 -5.436606e+000
  1.856000e-001 -5.861872e+000
  2.432000e-001 -6.175617e+000
  3.123200e-001 -6.693700e+000
  3.814400e-001 -7.107263e+000
  4.505600e-001 -7.510399e+000
  5.335040e-001 -7.935050e+000
  6.330368e-001 -8.360797e+000
  7.524762e-001 -8.780484e+000
  8.958034e-001 -9.063875e+000
  1.067796e+000 -9.360701e+000
  1.239789e+000 -9.632324e+000
  1.383116e+000 -9.868473e+000
  1.555109e+000 -1.014287e+001
  1.761500e+000 -1.038025e+001
  1.967891e+000 -1.062830e+001
  2.215560e+000 -1.091711e+001
  2.512764e+000 -1.123907e+001
  2.869408e+000 -1.158907e+001
  3.297381e+000 -1.196405e+001
  3.810948e+000 -1.226183e+001
  4.324515e+000 -1.252364e+001
  4.838083e+000 -1.277441e+001
  5.351650e+000 -1.304064e+001
  5.967931e+000 -1.335619e+001
  6.707468e+000 -1.364549e+001
  7.594913e+000 -1.395337e+001
  8.334450e+000 -1.422686e+001
  9.221894e+000 -1.455319e+001
  1.028683e+001 -1.492669e+001
  1.156475e+001 -1.531076e+001
  1.309825e+001 -1.565215e+001
  1.463176e+001 -1.597213e+001
  1.647196e+001 -1.638457e+001
  1.847196e+001 -1.683024e+001
  2.047196e+001 -1.725782e+001
  2.247196e+001 -1.756048e+001
  2.447196e+001 -1.789141e+001
  2.647196e+001 -1.822896e+001
  2.847196e+001 -1.856153e+001
  3.047196e+001 -1.881136e+001
  3.247196e+001 -1.905292e+001
  3.447196e+001 -1.929401e+001
  3.647196e+001 -1.955437e+001
  3.847196e+001 -1.982094e+001
  4.047196e+001 -2.008646e+001
  4.247196e+001 -2.034735e+001
  4.447196e+001 -2.060210e+001
  4.647196e+001 -2.085022e+001
  4.847196e+001 -2.109175e+001
  5.047196e+001 -2.126928e+001
  5.247196e+001 -2.146786e+001
  5.447196e+001 -2.167625e+001
  5.647196e+001 -2.188777e+001
  5.847196e+001 -2.209883e+001
  6.047196e+001 -2.230765e+001
  6.247196e+001 -2.251342e+001
  6.447196e+001 -2.266765e+001
  6.647196e+001 -2.284079e+001
  6.847196e+001 -2.299359e+001
  7.047196e+001 -2.316368e+001
  7.247196e+001 -2.334243e+001
  7.447196e+001 -2.348633e+001
  7.647196e+001 -2.364820e+001
  7.847196e+001 -2.381938e+001
  8.047196e+001 -2.399463e+001
  8.247196e+001 -2.417105e+001
  8.447196e+001 -2.434710e+001
  8.647196e+001 -2.452201e+001
  8.847196e+001 -2.469543e+001
  9.047196e+001 -2.486721e+001
  9.247196e+001 -2.503733e+001
  9.447196e+001 -2.520581e+001
  9.647196e+001 -2.537269e+001
  9.847196e+001 -2.550323e+001
  1.004720e+002 -2.563053e+001
  1.021386e+002 -2.574941e+001
  1.041386e+002 -2.590026e+001
  1.061386e+002 -2.605507e+001
  1.081386e+002 -2.621146e+001
  1.101386e+002 -2.636819e+001
  1.121386e+002 -2.652461e+001
  1.141386e+002 -2.668042e+001
  1.161386e+002 -2.683556e+001
  1.181386e+002 -2.698997e+001
  1.201386e+002 -2.714362e+001
  1.221386e+002 -2.729653e+001
  1.241386e+002 -2.744873e+001
  1.261386e+002 -2.760023e+001
  1.281386e+002 -2.775109e+001
  1.301386e+002 -2.790135e+001
  1.321386e+002 -2.805103e+001
  1.341386e+002 -2.820017e+001
  1.361386e+002 -2.834880e+001
  1.381386e+002 -2.849696e+001
  1.401386e+002 -2.864468e+001
  1.421386e+002 -2.879198e+001
  1.441386e+002 -2.893891e+001
  1.461386e+002 -2.908548e+001
  1.481386e+002 -2.923174e+001
  1.501386e+002 -2.937770e+001
  1.521386e+002 -2.952340e+001
  1.541386e+002 -2.966887e+001
  1.561386e+002 -2.981413e+001
  1.581386e+002 -2.995922e+001
  1.601386e+002 -3.010416e+001
  1.621386e+002 -3.024942e+001
  1.641386e+002 -3.036655e+001
  1.661386e+002 -3.049591e+001
  1.681386e+002 -3.063220e+001
  1.701386e+002 -3.077230e+001
  1.721386e+002 -3.091448e+001
  1.741386e+002 -3.105779e+001
  1.761386e+002 -3.120175e+001
  1.781386e+002 -3.134612e+001
  1.801386e+002 -3.146465e+001
  1.821386e+002 -3.159509e+001
  1.841386e+002 -3.173240e+001
  1.861386e+002 -3.187358e+001
  1.881386e+002 -3.199049e+001
  1.901386e+002 -3.212038e+001
  1.921386e+002 -3.225780e+001
  1.941386e+002 -3.239953e+001
  1.961386e+002 -3.254376e+001
  1.981386e+002 -3.266225e+001
  2.001386e+002 -3.279377e+001
  2.021386e+002 -3.293293e+001
  2.041386e+002 -3.307650e+001
  2.061386e+002 -3.322269e+001
  2.081386e+002 -3.337053e+001
  2.101386e+002 -3.351953e+001
  2.121386e+002 -3.366942e+001
  2.141386e+002 -3.382008e+001
  2.161386e+002 -3.397147e+001
  2.181386e+002 -3.412357e+001
  2.201386e+002 -3.427638e+001
  2.221386e+002 -3.442993e+001
  2.241386e+002 -3.458424e+001
  2.261386e+002 -3.473935e+001
  2.281386e+002 -3.489528e+001
  2.301386e+002 -3.505207e+001
  2.321386e+002 -3.520975e+001
  2.341386e+002 -3.536836e+001
  2.361386e+002 -3.552795e+001
  2.381386e+002 -3.568854e+001
  2.401386e+002 -3.585119e+001
  2.421386e+002 -3.601443e+001
  2.441386e+002 -3.617855e+001
  2.461386e+002 -3.634373e+001
  2.481386e+002 -3.651007e+001
  2.501386e+002 -3.667767e+001
  2.521386e+002 -3.684659e+001
  2.541386e+002 -3.698367e+001
  2.561386e+002 -3.713665e+001
  2.581386e+002 -3.727686e+001
  2.601386e+002 -3.743277e+001
  2.621386e+002 -3.759836e+001
  2.641386e+002 -3.773899e+001
  2.658053e+002 -3.787074e+001
  2.678053e+002 -3.803948e+001
  2.698053e+002 -3.821497e+001
  2.718053e+002 -3.839507e+001
  2.738053e+002 -3.857864e+001
  2.758053e+002 -3.876511e+001
  2.778053e+002 -3.895421e+001
  2.798053e+002 -3.914585e+001
  2.818053e+002 -3.934002e+001
  2.838053e+002 -3.953677e+001
  2.858053e+002 -3.973620e+001
  2.878053e+002 -3.993838e+001
  2.898053e+002 -4.014344e+001
  2.918053e+002 -4.035151e+001
  2.938053e+002 -4.056271e+001
  2.958053e+002 -4.077719e+001
  2.978053e+002 -4.099511e+001
  2.998053e+002 -4.121663e+001
  3.018053e+002 -4.144194e+001
  3.038053e+002 -4.167122e+001
  3.058053e+002 -4.190469e+001
  3.078053e+002 -4.214256e+001
  3.098053e+002 -4.238507e+001
  3.118053e+002 -4.263249e+001
  3.138053e+002 -4.288510e+001
  3.158053e+002 -4.309871e+001
  3.178053e+002 -4.331201e+001
  3.198053e+002 -4.355173e+001
  3.218053e+002 -4.380946e+001
  3.238053e+002 -4.408040e+001
  3.258053e+002 -4.431413e+001
  3.278053e+002 -4.455175e+001
  3.298053e+002 -4.481969e+001
  3.318053e+002 -4.510896e+001
  3.338053e+002 -4.541455e+001
  3.358053e+002 -4.573399e+001
  3.378053e+002 -4.606632e+001
  3.398053e+002 -4.641148e+001
  3.418053e+002 -4.670202e+001
  3.434720e+002 -4.697799e+001
  3.454720e+002 -4.733804e+001
  3.474720e+002 -4.772192e+001
  3.494720e+002 -4.812763e+001
  3.514720e+002 -4.855506e+001
  3.534720e+002 -4.900529e+001
  3.554720e+002 -4.948029e+001
  3.574720e+002 -4.998276e+001
  3.594720e+002 -5.051618e+001
  3.614720e+002 -5.108491e+001
  3.634720e+002 -5.169440e+001
  3.654720e+002 -5.235157e+001
  3.674720e+002 -5.306528e+001
  3.694720e+002 -5.384714e+001
  3.714720e+002 -5.471279e+001
  3.734720e+002 -5.568392e+001
  3.754720e+002 -5.675459e+001
  3.774720e+002 -5.803485e+001
  3.791386e+002 -5.938985e+001
  3.811386e+002 -6.171446e+001
  3.831386e+002 -6.639758e+001
  3.838417e+002 -6.964803e+001
  3.841274e+002 -7.197255e+001
  3.843656e+002 -7.637720e+001
  3.844189e+002 -7.798634e+001
  3.844634e+002 -8.089230e+001
  3.844803e+002 -8.335995e+001
  3.844876e+002 -8.569463e+001
  3.844922e+002 -8.879691e+001

Curve 2
X : Time
Y : Thickness of Element [Node 1]

       X              Y       
------------------------------
  0.000000e+000  9.300000e-001
  4.000000e-002  9.259559e-001
  8.000000e-002  9.222263e-001
  1.280000e-001  9.193457e-001
  1.856000e-001  9.171184e-001
  2.432000e-001  9.153793e-001
  3.123200e-001  9.122456e-001
  3.814400e-001  9.095857e-001
  4.505600e-001  9.068733e-001
  5.335040e-001  9.038743e-001
  6.330368e-001  9.007119e-001
  7.524762e-001  8.974375e-001
  8.958034e-001  8.951260e-001
  1.067796e+000  8.926170e-001
  1.239789e+000  8.902516e-001
  1.383116e+000  8.881484e-001
  1.555109e+000  8.856495e-001
  1.761500e+000  8.834278e-001
  1.967891e+000  8.810595e-001
  2.215560e+000  8.782422e-001
  2.512764e+000  8.750255e-001
  2.869408e+000  8.714374e-001
  3.297381e+000  8.674880e-001
  3.810948e+000  8.642574e-001
  4.324515e+000  8.613600e-001
  4.838083e+000  8.585344e-001
  5.351650e+000  8.554891e-001
  5.967931e+000  8.518183e-001
  6.707468e+000  8.483928e-001
  7.594913e+000  8.446636e-001
  8.334450e+000  8.412979e-001
  9.221894e+000  8.372171e-001
  1.028683e+001  8.324618e-001
  1.156475e+001  8.274789e-001
  1.309825e+001  8.229555e-001
  1.463176e+001  8.186588e-001
  1.647196e+001  8.130393e-001
  1.847196e+001  8.068604e-001
  2.047196e+001  8.008249e-001
  2.247196e+001  7.964658e-001
  2.447196e+001  7.916405e-001
  2.647196e+001  7.866579e-001
  2.847196e+001  7.816895e-001
  3.047196e+001  7.779155e-001
  3.247196e+001  7.742302e-001
  3.447196e+001  7.705212e-001
  3.647196e+001  7.664899e-001
  3.847196e+001  7.623343e-001
  4.047196e+001  7.581652e-001
  4.247196e+001  7.540387e-001
  4.447196e+001  7.499807e-001
  4.647196e+001  7.460010e-001
  4.847196e+001  7.421013e-001
  5.047196e+001  7.392148e-001
  5.247196e+001  7.359706e-001
  5.447196e+001  7.325491e-001
  5.647196e+001  7.290587e-001
  5.847196e+001  7.255585e-001
  6.047196e+001  7.220787e-001
  6.247196e+001  7.186338e-001
  6.447196e+001  7.160408e-001
  6.647196e+001  7.131212e-001
  6.847196e+001  7.105355e-001
  7.047196e+001  7.076496e-001
  7.247196e+001  7.046083e-001
  7.447196e+001  7.021513e-001
  7.647196e+001  6.993811e-001
  7.847196e+001  6.964439e-001
  8.047196e+001  6.934287e-001
  8.247196e+001  6.903850e-001
  8.447196e+001  6.873394e-001
  8.647196e+001  6.843053e-001
  8.847196e+001  6.812890e-001
  9.047196e+001  6.782934e-001
  9.247196e+001  6.753194e-001
  9.447196e+001  6.723671e-001
  9.647196e+001  6.694357e-001
  9.847196e+001  6.671367e-001
  1.004720e+002  6.648901e-001
  1.021386e+002  6.627890e-001
  1.041386e+002  6.601178e-001
  1.061386e+002  6.573720e-001
  1.081386e+002  6.545931e-001
  1.101386e+002  6.518034e-001
  1.121386e+002  6.490144e-001
  1.141386e+002  6.462318e-001
  1.161386e+002  6.434585e-001
  1.181386e+002  6.406954e-001
  1.201386e+002  6.379428e-001
  1.221386e+002  6.352006e-001
  1.241386e+002  6.324682e-001
  1.261386e+002  6.297454e-001
  1.281386e+002  6.270314e-001
  1.301386e+002  6.243258e-001
  1.321386e+002  6.216280e-001
  1.341386e+002  6.189375e-001
  1.361386e+002  6.162538e-001
  1.381386e+002  6.135764e-001
  1.401386e+002  6.109048e-001
  1.421386e+002  6.082386e-001
  1.441386e+002  6.055772e-001
  1.461386e+002  6.029204e-001
  1.481386e+002  6.002675e-001
  1.501386e+002  5.976183e-001
  1.521386e+002  5.949722e-001
  1.541386e+002  5.923289e-001
  1.561386e+002  5.896880e-001
  1.581386e+002  5.870490e-001
  1.601386e+002  5.844116e-001
  1.621386e+002  5.817658e-001
  1.641386e+002  5.796317e-001
  1.661386e+002  5.772743e-001
  1.681386e+002  5.747898e-001
  1.701386e+002  5.722354e-001
  1.721386e+002  5.696429e-001
  1.741386e+002  5.670292e-001
  1.761386e+002  5.644035e-001
  1.781386e+002  5.617702e-001
  1.801386e+002  5.596080e-001
  1.821386e+002  5.572291e-001
  1.841386e+002  5.547260e-001
  1.861386e+002  5.521532e-001
  1.881386e+002  5.500225e-001
  1.901386e+002  5.476563e-001
  1.921386e+002  5.451536e-001
  1.941386e+002  5.425736e-001
  1.961386e+002  5.399493e-001
  1.981386e+002  5.377941e-001
  2.001386e+002  5.354027e-001
  2.021386e+002  5.328740e-001
  2.041386e+002  5.302665e-001
  2.061386e+002  5.276132e-001
  2.081386e+002  5.249316e-001
  2.101386e+002  5.222310e-001
  2.121386e+002  5.195162e-001
  2.141386e+002  5.167896e-001
  2.161386e+002  5.140520e-001
  2.181386e+002  5.113039e-001
  2.201386e+002  5.085452e-001
  2.221386e+002  5.057757e-001
  2.241386e+002  5.029951e-001
  2.261386e+002  5.002030e-001
  2.281386e+002  4.973989e-001
  2.301386e+002  4.945823e-001
  2.321386e+002  4.917529e-001
  2.341386e+002  4.889100e-001
  2.361386e+002  4.860531e-001
  2.381386e+002  4.831817e-001
  2.401386e+002  4.802763e-001
  2.421386e+002  4.773645e-001
  2.441386e+002  4.744413e-001
  2.461386e+002  4.715037e-001
  2.481386e+002  4.685498e-001
  2.501386e+002  4.655784e-001
  2.521386e+002  4.625884e-001
  2.541386e+002  4.601659e-001
  2.561386e+002  4.574663e-001
  2.581386e+002  4.549958e-001
  2.601386e+002  4.522529e-001
  2.621386e+002  4.493450e-001
  2.641386e+002  4.468801e-001
  2.658053e+002  4.445746e-001
  2.678053e+002  4.416262e-001
  2.698053e+002  4.385667e-001
  2.718053e+002  4.354345e-001
  2.738053e+002  4.322499e-001
  2.758053e+002  4.290235e-001
  2.778053e+002  4.257603e-001
  2.798053e+002  4.224624e-001
  2.818053e+002  4.191303e-001
  2.838053e+002  4.157638e-001
  2.858053e+002  4.123618e-001
  2.878053e+002  4.089234e-001
  2.898053e+002  4.054472e-001
  2.918053e+002  4.019317e-001
  2.938053e+002  3.983753e-001
  2.958053e+002  3.947764e-001
  2.978053e+002  3.911330e-001
  2.998053e+002  3.874433e-001
  3.018053e+002  3.837051e-001
  3.038053e+002  3.799162e-001
  3.058053e+002  3.760744e-001
  3.078053e+002  3.721770e-001
  3.098053e+002  3.682214e-001
  3.118053e+002  3.642046e-001
  3.138053e+002  3.601235e-001
  3.158053e+002  3.566900e-001
  3.178053e+002  3.532737e-001
  3.198053e+002  3.494484e-001
  3.218053e+002  3.453555e-001
  3.238053e+002  3.410767e-001
  3.258053e+002  3.374090e-001
  3.278053e+002  3.336973e-001
  3.298053e+002  3.295323e-001
  3.318053e+002  3.250637e-001
  3.338053e+002  3.203765e-001
  3.358053e+002  3.155149e-001
  3.378053e+002  3.104986e-001
  3.398053e+002  3.053339e-001
  3.418053e+002  3.010271e-001
  3.434720e+002  2.969617e-001
  3.454720e+002  2.916941e-001
  3.474720e+002  2.861330e-001
  3.494720e+002  2.803201e-001
  3.514720e+002  2.742688e-001
  3.534720e+002  2.679762e-001
  3.554720e+002  2.614286e-001
  3.574720e+002  2.546045e-001
  3.594720e+002  2.474754e-001
  3.614720e+002  2.400060e-001
  3.634720e+002  2.321526e-001
  3.654720e+002  2.238612e-001
  3.674720e+002  2.150646e-001
  3.694720e+002  2.056777e-001
  3.714720e+002  1.955903e-001
  3.734720e+002  1.846563e-001
  3.754720e+002  1.730434e-001
  3.774720e+002  1.596482e-001
  3.791386e+002  1.461728e-001
  3.811386e+002  1.245314e-001
  3.831386e+002  8.573524e-002
  3.838417e+002  6.459689e-002
  3.841274e+002  5.196204e-002
  3.843656e+002  3.112527e-002
  3.844189e+002  2.561811e-002
  3.844634e+002  1.700602e-002
  3.844803e+002  1.168808e-002
  3.844876e+002  8.190578e-003
  3.844922e+002  5.189854e-003
