HISTORY PLOT
job1

Curve 1
X : Time
Y : Displacement Y [Node 1]

       X              Y       
------------------------------
  0.000000e+000  0.000000e+000
  7.000000e-002 -3.735128e+000
  1.400000e-001 -4.449968e+000
  2.100000e-001 -4.992508e+000
  2.940000e-001 -5.392721e+000
  3.780000e-001 -5.696810e+000
  4.788000e-001 -6.244877e+000
  5.796000e-001 -6.651578e+000
  6.804000e-001 -6.984693e+000
  8.013600e-001 -7.376178e+000
  9.465120e-001 -7.788819e+000
  1.120694e+000 -8.202915e+000
  1.329713e+000 -8.611484e+000
  1.580536e+000 -9.014115e+000
  1.881523e+000 -9.295196e+000
  2.182510e+000 -9.548380e+000
  2.483497e+000 -9.810837e+000
  2.844682e+000 -1.011262e+001
  3.278104e+000 -1.036903e+001
  3.711525e+000 -1.063581e+001
  4.231631e+000 -1.094460e+001
  4.855758e+000 -1.128663e+001
  5.604711e+000 -1.165614e+001
  6.503453e+000 -1.204976e+001
  7.581945e+000 -1.234509e+001
  8.660437e+000 -1.261026e+001
  9.954626e+000 -1.295536e+001
  1.150765e+001 -1.336293e+001
  1.337129e+001 -1.372675e+001
  1.560765e+001 -1.417429e+001
  1.829128e+001 -1.468502e+001
  2.151164e+001 -1.524459e+001
  2.501164e+001 -1.564715e+001
  2.851164e+001 -1.602041e+001
  3.201164e+001 -1.641976e+001
  3.551164e+001 -1.681830e+001
  3.901164e+001 -1.720300e+001
  4.251164e+001 -1.749055e+001
  4.601164e+001 -1.779868e+001
  4.951164e+001 -1.811026e+001
  5.301164e+001 -1.841636e+001
  5.651164e+001 -1.871306e+001
  6.001164e+001 -1.893046e+001
  6.351164e+001 -1.914684e+001
  6.701163e+001 -1.938321e+001
  7.051163e+001 -1.958541e+001
  7.401163e+001 -1.980731e+001
  7.751163e+001 -2.003700e+001
  8.101163e+001 -2.026766e+001
  8.451163e+001 -2.049577e+001
  8.801163e+001 -2.071969e+001
  9.151163e+001 -2.093878e+001
  9.501163e+001 -2.115289e+001
  9.851163e+001 -2.131945e+001
  1.020116e+002 -2.150141e+001
  1.055116e+002 -2.169022e+001
  1.090116e+002 -2.188096e+001
  1.125116e+002 -2.207099e+001
  1.160116e+002 -2.225903e+001
  1.195116e+002 -2.244449e+001
  1.230116e+002 -2.258711e+001
  1.265116e+002 -2.272599e+001
  1.300116e+002 -2.288129e+001
  1.335116e+002 -2.301948e+001
  1.370116e+002 -2.317259e+001
  1.405116e+002 -2.333321e+001
  1.440116e+002 -2.346699e+001
  1.475116e+002 -2.361507e+001
  1.510116e+002 -2.377043e+001
  1.545116e+002 -2.392893e+001
  1.580116e+002 -2.408825e+001
  1.615116e+002 -2.424721e+001
  1.650116e+002 -2.440520e+001
  1.685116e+002 -2.456192e+001
  1.720116e+002 -2.471728e+001
  1.755116e+002 -2.487123e+001
  1.790116e+002 -2.502379e+001
  1.825116e+002 -2.517501e+001
  1.860116e+002 -2.532493e+001
  1.895116e+002 -2.547359e+001
  1.930116e+002 -2.558597e+001
  1.965116e+002 -2.571291e+001
  2.000116e+002 -2.584783e+001
  2.035116e+002 -2.598671e+001
  2.070116e+002 -2.612729e+001
  2.105116e+002 -2.626835e+001
  2.140116e+002 -2.640925e+001
  2.175116e+002 -2.654969e+001
  2.210116e+002 -2.665830e+001
  2.245116e+002 -2.676431e+001
  2.280116e+002 -2.687435e+001
  2.315116e+002 -2.699667e+001
  2.350116e+002 -2.712573e+001
  2.385116e+002 -2.725826e+001
  2.420116e+002 -2.739238e+001
  2.455116e+002 -2.752710e+001
  2.490116e+002 -2.766190e+001
  2.525116e+002 -2.777065e+001
  2.560116e+002 -2.789071e+001
  2.595116e+002 -2.801701e+001
  2.630116e+002 -2.814656e+001
  2.665116e+002 -2.827768e+001
  2.700116e+002 -2.840947e+001
  2.735116e+002 -2.854146e+001
  2.770116e+002 -2.867341e+001
  2.805116e+002 -2.880520e+001
  2.840116e+002 -2.893679e+001
  2.875116e+002 -2.906815e+001
  2.910116e+002 -2.919929e+001
  2.945116e+002 -2.933021e+001
  2.980116e+002 -2.946093e+001
  3.015116e+002 -2.959147e+001
  3.050116e+002 -2.972184e+001
  3.085116e+002 -2.985207e+001
  3.120116e+002 -2.998217e+001
  3.155116e+002 -3.011217e+001
  3.190116e+002 -3.024244e+001
  3.225116e+002 -3.037246e+001
  3.260116e+002 -3.050233e+001
  3.295116e+002 -3.063212e+001
  3.330116e+002 -3.076188e+001
  3.365116e+002 -3.089164e+001
  3.400116e+002 -3.102143e+001
  3.435116e+002 -3.115126e+001
  3.470116e+002 -3.128117e+001
  3.505116e+002 -3.138237e+001
  3.540116e+002 -3.150084e+001
  3.575116e+002 -3.160254e+001
  3.610116e+002 -3.171695e+001
  3.645116e+002 -3.183877e+001
  3.680116e+002 -3.196480e+001
  3.715116e+002 -3.209322e+001
  3.750116e+002 -3.222304e+001
  3.785116e+002 -3.235373e+001
  3.820116e+002 -3.248503e+001
  3.855116e+002 -3.261681e+001
  3.890116e+002 -3.274903e+001
  3.925116e+002 -3.288163e+001
  3.960116e+002 -3.301463e+001
  3.995116e+002 -3.314802e+001
  4.030116e+002 -3.328183e+001
  4.065116e+002 -3.341607e+001
  4.100116e+002 -3.355075e+001
  4.135116e+002 -3.368590e+001
  4.170116e+002 -3.382154e+001
  4.205116e+002 -3.395769e+001
  4.240116e+002 -3.409437e+001
  4.275116e+002 -3.423161e+001
  4.310116e+002 -3.436942e+001
  4.345116e+002 -3.450783e+001
  4.380116e+002 -3.464686e+001
  4.415116e+002 -3.478654e+001
  4.450116e+002 -3.492690e+001
  4.485116e+002 -3.506796e+001
  4.520116e+002 -3.520974e+001
  4.555116e+002 -3.535228e+001
  4.590116e+002 -3.549560e+001
  4.625116e+002 -3.563974e+001
  4.660116e+002 -3.578472e+001
  4.695116e+002 -3.590337e+001
  4.724283e+002 -3.601298e+001
  4.759283e+002 -3.615212e+001
  4.794283e+002 -3.629588e+001
  4.829283e+002 -3.644261e+001
  4.864283e+002 -3.659143e+001
  4.899283e+002 -3.674189e+001
  4.934283e+002 -3.689376e+001
  4.969283e+002 -3.702011e+001
  5.004283e+002 -3.715951e+001
  5.039283e+002 -3.730993e+001
  5.074283e+002 -3.746559e+001
  5.109283e+002 -3.762417e+001
  5.144283e+002 -3.778477e+001
  5.179283e+002 -3.794707e+001
  5.214283e+002 -3.811009e+001
  5.249283e+002 -3.827427e+001
  5.284283e+002 -3.843985e+001
  5.319283e+002 -3.856939e+001
  5.354283e+002 -3.871672e+001
  5.389283e+002 -3.887514e+001
  5.424283e+002 -3.904058e+001
  5.459283e+002 -3.921074e+001
  5.494283e+002 -3.938440e+001
  5.529283e+002 -3.956094e+001
  5.564283e+002 -3.974006e+001
  5.599283e+002 -3.992166e+001
  5.634283e+002 -4.010571e+001
  5.669283e+002 -4.029225e+001
  5.704283e+002 -4.048136e+001
  5.739283e+002 -4.067312e+001
  5.774283e+002 -4.086763e+001
  5.809283e+002 -4.106501e+001
  5.844283e+002 -4.126539e+001
  5.879283e+002 -4.146889e+001
  5.914283e+002 -4.167566e+001
  5.949283e+002 -4.188585e+001
  5.984283e+002 -4.209963e+001
  6.019283e+002 -4.231717e+001
  6.054283e+002 -4.253865e+001
  6.089283e+002 -4.276429e+001
  6.124283e+002 -4.299726e+001
  6.159283e+002 -4.323336e+001
  6.194283e+002 -4.347355e+001
  6.229283e+002 -4.371849e+001
  6.264283e+002 -4.396868e+001
  6.299283e+002 -4.417440e+001
  6.334283e+002 -4.440687e+001
  6.369283e+002 -4.466542e+001
  6.404283e+002 -4.493908e+001
  6.439283e+002 -4.516130e+001
  6.474283e+002 -4.541457e+001
  6.509283e+002 -4.568946e+001
  6.544283e+002 -4.598056e+001
  6.579283e+002 -4.628512e+001
  6.614283e+002 -4.656055e+001
  6.649283e+002 -4.686462e+001
  6.684283e+002 -4.719029e+001
  6.719283e+002 -4.753405e+001
  6.754283e+002 -4.789453e+001
  6.789283e+002 -4.827168e+001
  6.824283e+002 -4.866622e+001
  6.859283e+002 -4.907946e+001
  6.894283e+002 -4.951316e+001
  6.929283e+002 -4.996956e+001
  6.964283e+002 -5.045134e+001
  7.000000e+002 -5.097230e+001

Curve 2
X : Time
Y : Thickness of Element [Node 1]

       X              Y       
------------------------------
  0.000000e+000  9.300000e-001
  7.000000e-002  9.251491e-001
  1.400000e-001  9.225011e-001
  2.100000e-001  9.201379e-001
  2.940000e-001  9.182019e-001
  3.780000e-001  9.166310e-001
  4.788000e-001  9.135334e-001
  5.796000e-001  9.110809e-001
  6.804000e-001  9.089663e-001
  8.013600e-001  9.063752e-001
  9.465120e-001  9.035082e-001
  1.120694e+000  9.004827e-001
  1.329713e+000  8.973482e-001
  1.580536e+000  8.941139e-001
  1.881523e+000  8.917519e-001
  2.182510e+000  8.895617e-001
  2.483497e+000  8.872387e-001
  2.844682e+000  8.845010e-001
  3.278104e+000  8.821037e-001
  3.711525e+000  8.795551e-001
  4.231631e+000  8.765365e-001
  4.855758e+000  8.731068e-001
  5.604711e+000  8.692994e-001
  6.503453e+000  8.651273e-001
  7.581945e+000  8.619038e-001
  8.660437e+000  8.589584e-001
  9.954626e+000  8.550541e-001
  1.150765e+001  8.503380e-001
  1.337129e+001  8.460074e-001
  1.560765e+001  8.405602e-001
  1.829128e+001  8.341852e-001
  2.151164e+001  8.270078e-001
  2.501164e+001  8.216852e-001
  2.851164e+001  8.166607e-001
  3.201164e+001  8.111998e-001
  3.551164e+001  8.056600e-001
  3.901164e+001  8.002250e-001
  4.251164e+001  7.960858e-001
  4.601164e+001  7.915998e-001
  4.951164e+001  7.870116e-001
  5.301164e+001  7.824532e-001
  5.651164e+001  7.779871e-001
  6.001164e+001  7.746799e-001
  6.351164e+001  7.713653e-001
  6.701163e+001  7.677220e-001
  7.051163e+001  7.645815e-001
  7.401163e+001  7.611156e-001
  7.751163e+001  7.575058e-001
  8.101163e+001  7.538577e-001
  8.451163e+001  7.502269e-001
  8.801163e+001  7.466406e-001
  9.151163e+001  7.431105e-001
  9.501163e+001  7.396405e-001
  9.851163e+001  7.369233e-001
  1.020116e+002  7.339420e-001
  1.055116e+002  7.308346e-001
  1.090116e+002  7.276816e-001
  1.125116e+002  7.245261e-001
  1.160116e+002  7.213902e-001
  1.195116e+002  7.182843e-001
  1.230116e+002  7.158860e-001
  1.265116e+002  7.135437e-001
  1.300116e+002  7.109181e-001
  1.335116e+002  7.085746e-001
  1.370116e+002  7.059719e-001
  1.405116e+002  7.032345e-001
  1.440116e+002  7.009475e-001
  1.475116e+002  6.984106e-001
  1.510116e+002  6.957426e-001
  1.545116e+002  6.930143e-001
  1.580116e+002  6.902647e-001
  1.615116e+002  6.875147e-001
  1.650116e+002  6.847748e-001
  1.685116e+002  6.820501e-001
  1.720116e+002  6.793429e-001
  1.755116e+002  6.766539e-001
  1.790116e+002  6.739832e-001
  1.825116e+002  6.713303e-001
  1.860116e+002  6.686946e-001
  1.895116e+002  6.660756e-001
  1.930116e+002  6.640918e-001
  1.965116e+002  6.618471e-001
  2.000116e+002  6.594573e-001
  2.035116e+002  6.569931e-001
  2.070116e+002  6.544947e-001
  2.105116e+002  6.519837e-001
  2.140116e+002  6.494715e-001
  2.175116e+002  6.469637e-001
  2.210116e+002  6.450217e-001
  2.245116e+002  6.431242e-001
  2.280116e+002  6.411520e-001
  2.315116e+002  6.389583e-001
  2.350116e+002  6.366417e-001
  2.385116e+002  6.342611e-001
  2.420116e+002  6.318497e-001
  2.455116e+002  6.294253e-001
  2.490116e+002  6.269972e-001
  2.525116e+002  6.250358e-001
  2.560116e+002  6.228691e-001
  2.595116e+002  6.205882e-001
  2.630116e+002  6.182471e-001
  2.665116e+002  6.158759e-001
  2.700116e+002  6.134909e-001
  2.735116e+002  6.111006e-001
  2.770116e+002  6.087095e-001
  2.805116e+002  6.063196e-001
  2.840116e+002  6.039320e-001
  2.875116e+002  6.015470e-001
  2.910116e+002  5.991648e-001
  2.945116e+002  5.967851e-001
  2.980116e+002  5.944078e-001
  3.015116e+002  5.920328e-001
  3.050116e+002  5.896596e-001
  3.085116e+002  5.872881e-001
  3.120116e+002  5.849178e-001
  3.155116e+002  5.825487e-001
  3.190116e+002  5.801726e-001
  3.225116e+002  5.778009e-001
  3.260116e+002  5.754314e-001
  3.295116e+002  5.730628e-001
  3.330116e+002  5.706945e-001
  3.365116e+002  5.683257e-001
  3.400116e+002  5.659562e-001
  3.435116e+002  5.635856e-001
  3.470116e+002  5.612134e-001
  3.505116e+002  5.593653e-001
  3.540116e+002  5.572002e-001
  3.575116e+002  5.553426e-001
  3.610116e+002  5.532538e-001
  3.645116e+002  5.510304e-001
  3.680116e+002  5.487312e-001
  3.715116e+002  5.463894e-001
  3.750116e+002  5.440228e-001
  3.785116e+002  5.416412e-001
  3.820116e+002  5.392495e-001
  3.855116e+002  5.368501e-001
  3.890116e+002  5.344442e-001
  3.925116e+002  5.320322e-001
  3.960116e+002  5.296145e-001
  3.995116e+002  5.271907e-001
  4.030116e+002  5.247609e-001
  4.065116e+002  5.223246e-001
  4.100116e+002  5.198818e-001
  4.135116e+002  5.174320e-001
  4.170116e+002  5.149750e-001
  4.205116e+002  5.125105e-001
  4.240116e+002  5.100382e-001
  4.275116e+002  5.075577e-001
  4.310116e+002  5.050689e-001
  4.345116e+002  5.025712e-001
  4.380116e+002  5.000643e-001
  4.415116e+002  4.975481e-001
  4.450116e+002  4.950220e-001
  4.485116e+002  4.924857e-001
  4.520116e+002  4.899389e-001
  4.555116e+002  4.873811e-001
  4.590116e+002  4.848121e-001
  4.625116e+002  4.822312e-001
  4.660116e+002  4.796383e-001
  4.695116e+002  4.775182e-001
  4.724283e+002  4.755617e-001
  4.759283e+002  4.730798e-001
  4.794283e+002  4.705187e-001
  4.829283e+002  4.679080e-001
  4.864283e+002  4.652639e-001
  4.899283e+002  4.625945e-001
  4.934283e+002  4.599042e-001
  4.969283e+002  4.576694e-001
  5.004283e+002  4.552072e-001
  5.039283e+002  4.525532e-001
  5.074283e+002  4.498105e-001
  5.109283e+002  4.470211e-001
  5.144283e+002  4.442015e-001
  5.179283e+002  4.413575e-001
  5.214283e+002  4.385078e-001
  5.249283e+002  4.356446e-001
  5.284283e+002  4.327635e-001
  5.319283e+002  4.305148e-001
  5.354283e+002  4.279614e-001
  5.389283e+002  4.252215e-001
  5.424283e+002  4.223667e-001
  5.459283e+002  4.194375e-001
  5.494283e+002  4.164557e-001
  5.529283e+002  4.134324e-001
  5.564283e+002  4.103731e-001
  5.599283e+002  4.072803e-001
  5.634283e+002  4.041547e-001
  5.669283e+002  4.009962e-001
  5.704283e+002  3.978041e-001
  5.739283e+002  3.945773e-001
  5.774283e+002  3.913148e-001
  5.809283e+002  3.880151e-001
  5.844283e+002  3.846769e-001
  5.879283e+002  3.812987e-001
  5.914283e+002  3.778787e-001
  5.949283e+002  3.744152e-001
  5.984283e+002  3.709063e-001
  6.019283e+002  3.673502e-001
  6.054283e+002  3.637446e-001
  6.089283e+002  3.600872e-001
  6.124283e+002  3.563278e-001
  6.159283e+002  3.525348e-001
  6.194283e+002  3.486946e-001
  6.229283e+002  3.447980e-001
  6.264283e+002  3.408389e-001
  6.299283e+002  3.376025e-001
  6.334283e+002  3.339590e-001
  6.369283e+002  3.299264e-001
  6.404283e+002  3.256819e-001
  6.439283e+002  3.222571e-001
  6.474283e+002  3.183728e-001
  6.509283e+002  3.141828e-001
  6.544283e+002  3.097765e-001
  6.579283e+002  3.052011e-001
  6.614283e+002  3.010973e-001
  6.649283e+002  2.965953e-001
  6.684283e+002  2.918112e-001
  6.719283e+002  2.868063e-001
  6.754283e+002  2.816088e-001
  6.789283e+002  2.762276e-001
  6.824283e+002  2.706604e-001
  6.859283e+002  2.648979e-001
  6.894283e+002  2.589257e-001
  6.929283e+002  2.527252e-001
  6.964283e+002  2.462738e-001
  7.000000e+002  2.394061e-001
