HISTORY PLOT
job1

Curve 1
X : Time
Y : Displacement Y [Node 1]

       X              Y       
------------------------------
  0.000000e+000  0.000000e+000
  4.500000e-001 -2.736761e+000
  9.000000e-001 -3.318728e+000
  1.440000e+000 -3.596240e+000
  1.980000e+000 -3.839051e+000
  2.628000e+000 -4.061899e+000
  3.276000e+000 -4.513134e+000
  4.053600e+000 -4.994395e+000
  4.986720e+000 -5.418331e+000
  6.106464e+000 -5.792450e+000
  7.450157e+000 -6.096439e+000
  9.062588e+000 -6.331341e+000
  1.067502e+001 -6.541599e+000
  1.201871e+001 -6.723070e+000
  1.363114e+001 -6.891630e+000
  1.556606e+001 -7.099241e+000
  1.788796e+001 -7.334336e+000
  2.067424e+001 -7.588477e+000
  2.401778e+001 -7.856440e+000
  2.803003e+001 -8.135391e+000
  3.284472e+001 -8.424041e+000
  3.862235e+001 -8.722034e+000
  4.555552e+001 -9.029612e+000
  5.387531e+001 -9.264651e+000
  6.219510e+001 -9.475363e+000
  7.217885e+001 -9.737805e+000
  8.415935e+001 -1.003935e+001
  9.853595e+001 -1.028102e+001
  1.157879e+002 -1.058970e+001
  1.364902e+002 -1.094741e+001
  1.589902e+002 -1.130539e+001
  1.814902e+002 -1.163002e+001
  2.039902e+002 -1.192424e+001
  2.264902e+002 -1.212245e+001
  2.489902e+002 -1.231471e+001
  2.714902e+002 -1.249343e+001
  2.902402e+002 -1.263744e+001
  3.127402e+002 -1.282249e+001
  3.352402e+002 -1.300919e+001
  3.577402e+002 -1.319205e+001
  3.802402e+002 -1.336864e+001
  4.027402e+002 -1.353813e+001
  4.252402e+002 -1.370054e+001
  4.477402e+002 -1.385620e+001
  4.702402e+002 -1.400556e+001
  4.927402e+002 -1.414910e+001
  5.152402e+002 -1.428730e+001
  5.377402e+002 -1.442060e+001
  5.602402e+002 -1.454939e+001
  5.827402e+002 -1.467403e+001
  6.052402e+002 -1.479482e+001
  6.277402e+002 -1.491205e+001
  6.502402e+002 -1.502597e+001
  6.727402e+002 -1.513680e+001
  6.952402e+002 -1.524476e+001
  7.177402e+002 -1.532736e+001
  7.402402e+002 -1.540765e+001
  7.589902e+002 -1.547485e+001
  7.777402e+002 -1.554855e+001
  8.002402e+002 -1.564054e+001
  8.227402e+002 -1.573356e+001
  8.452402e+002 -1.582624e+001
  8.677402e+002 -1.591790e+001
  8.902402e+002 -1.598950e+001
  9.127402e+002 -1.606832e+001
  9.352402e+002 -1.615058e+001
  9.577402e+002 -1.623404e+001
  9.802402e+002 -1.631746e+001
  1.002740e+003 -1.640021e+001
  1.025240e+003 -1.648198e+001
  1.047740e+003 -1.656263e+001
  1.070240e+003 -1.664210e+001
  1.092740e+003 -1.672038e+001
  1.115240e+003 -1.679751e+001
  1.137740e+003 -1.687351e+001
  1.160240e+003 -1.694841e+001
  1.182740e+003 -1.702225e+001
  1.205240e+003 -1.709506e+001
  1.227740e+003 -1.716688e+001
  1.250240e+003 -1.723774e+001
  1.272740e+003 -1.730750e+001
  1.295240e+003 -1.737646e+001
  1.317740e+003 -1.744459e+001
  1.340240e+003 -1.751191e+001
  1.362740e+003 -1.757843e+001
  1.385240e+003 -1.764416e+001
  1.407740e+003 -1.770914e+001
  1.430240e+003 -1.777338e+001
  1.452740e+003 -1.783690e+001
  1.475240e+003 -1.789973e+001
  1.497740e+003 -1.796189e+001
  1.520240e+003 -1.802338e+001
  1.542740e+003 -1.808424e+001
  1.565240e+003 -1.814448e+001
  1.587740e+003 -1.820412e+001
  1.610240e+003 -1.826317e+001
  1.632740e+003 -1.832165e+001
  1.655240e+003 -1.837957e+001
  1.677740e+003 -1.843696e+001
  1.700240e+003 -1.849381e+001
  1.722740e+003 -1.855015e+001
  1.745240e+003 -1.860599e+001
  1.767740e+003 -1.866134e+001
  1.790240e+003 -1.871622e+001
  1.812740e+003 -1.877063e+001
  1.835240e+003 -1.882460e+001
  1.857740e+003 -1.887815e+001
  1.880240e+003 -1.893128e+001
  1.902740e+003 -1.898400e+001
  1.925240e+003 -1.903632e+001
  1.947740e+003 -1.908823e+001
  1.970240e+003 -1.913976e+001
  1.992740e+003 -1.919091e+001
  2.015240e+003 -1.924170e+001
  2.037740e+003 -1.929211e+001
  2.060240e+003 -1.934217e+001
  2.082740e+003 -1.939188e+001
  2.105240e+003 -1.944124e+001
  2.127740e+003 -1.949026e+001
  2.150240e+003 -1.953896e+001
  2.172740e+003 -1.958734e+001
  2.195240e+003 -1.963540e+001
  2.217740e+003 -1.968316e+001
  2.240240e+003 -1.973060e+001
  2.262740e+003 -1.977775e+001
  2.285240e+003 -1.982460e+001
  2.307740e+003 -1.987116e+001
  2.330240e+003 -1.991743e+001
  2.352740e+003 -1.996343e+001
  2.375240e+003 -2.000915e+001
  2.397740e+003 -2.005460e+001
  2.420240e+003 -2.009978e+001
  2.442740e+003 -2.014470e+001
  2.465240e+003 -2.018937e+001
  2.487740e+003 -2.023378e+001
  2.510240e+003 -2.027794e+001
  2.532740e+003 -2.032186e+001
  2.555240e+003 -2.036553e+001
  2.577740e+003 -2.040897e+001
  2.600240e+003 -2.045218e+001
  2.622740e+003 -2.049515e+001
  2.645240e+003 -2.053790e+001
  2.667740e+003 -2.058043e+001
  2.690240e+003 -2.062273e+001
  2.712740e+003 -2.066482e+001
  2.735240e+003 -2.070670e+001
  2.757740e+003 -2.074837e+001
  2.780240e+003 -2.078983e+001
  2.802740e+003 -2.083108e+001
  2.825240e+003 -2.087214e+001
  2.847740e+003 -2.091300e+001
  2.870240e+003 -2.095366e+001
  2.892740e+003 -2.099413e+001
  2.915240e+003 -2.103442e+001
  2.937740e+003 -2.107451e+001
  2.960240e+003 -2.111443e+001
  2.982740e+003 -2.115416e+001
  3.005240e+003 -2.119371e+001
  3.027740e+003 -2.123309e+001
  3.050240e+003 -2.127229e+001
  3.072740e+003 -2.131133e+001
  3.095240e+003 -2.135020e+001
  3.117740e+003 -2.138890e+001
  3.140240e+003 -2.142744e+001
  3.162740e+003 -2.146581e+001
  3.185240e+003 -2.150403e+001
  3.207740e+003 -2.154209e+001
  3.230240e+003 -2.157999e+001
  3.252740e+003 -2.161774e+001
  3.275240e+003 -2.165534e+001
  3.297740e+003 -2.169279e+001
  3.320240e+003 -2.173009e+001
  3.342740e+003 -2.176725e+001
  3.365240e+003 -2.180426e+001
  3.387740e+003 -2.184114e+001
  3.410240e+003 -2.187787e+001
  3.432740e+003 -2.191447e+001
  3.455240e+003 -2.195093e+001
  3.477740e+003 -2.198726e+001
  3.500240e+003 -2.202345e+001
  3.522740e+003 -2.205951e+001
  3.545240e+003 -2.209545e+001
  3.567740e+003 -2.213125e+001
  3.590240e+003 -2.216693e+001
  3.612740e+003 -2.220249e+001
  3.635240e+003 -2.223792e+001
  3.657740e+003 -2.227324e+001
  3.680240e+003 -2.230843e+001
  3.702740e+003 -2.234350e+001
  3.725240e+003 -2.237846e+001
  3.747740e+003 -2.241330e+001
  3.770240e+003 -2.244803e+001
  3.792740e+003 -2.248265e+001
  3.815240e+003 -2.251715e+001
  3.837740e+003 -2.255155e+001
  3.860240e+003 -2.258585e+001
  3.882740e+003 -2.262004e+001
  3.905240e+003 -2.265412e+001
  3.927740e+003 -2.268811e+001
  3.950240e+003 -2.272200e+001
  3.972740e+003 -2.275580e+001
  3.995240e+003 -2.278950e+001
  4.017740e+003 -2.282310e+001
  4.040240e+003 -2.285660e+001
  4.062740e+003 -2.289001e+001
  4.085240e+003 -2.292333e+001
  4.107740e+003 -2.295655e+001
  4.130240e+003 -2.298969e+001
  4.152740e+003 -2.302273e+001
  4.175240e+003 -2.305569e+001
  4.197740e+003 -2.308855e+001
  4.220240e+003 -2.312133e+001
  4.242740e+003 -2.315402e+001
  4.265240e+003 -2.318662e+001
  4.287740e+003 -2.321914e+001
  4.310240e+003 -2.325157e+001
  4.332740e+003 -2.328392e+001
  4.355240e+003 -2.331618e+001
  4.377740e+003 -2.334837e+001
  4.400240e+003 -2.338047e+001
  4.422740e+003 -2.341249e+001
  4.445240e+003 -2.344444e+001
  4.467740e+003 -2.347631e+001
  4.490240e+003 -2.350810e+001
  4.500000e+003 -2.352188e+001

Curve 2
X : Time
Y : Thickness of Element [Node 1]

       X              Y       
------------------------------
  0.000000e+000  9.300000e-001
  4.500000e-001  9.268297e-001
  9.000000e-001  9.252596e-001
  1.440000e+000  9.243708e-001
  1.980000e+000  9.235436e-001
  2.628000e+000  9.227239e-001
  3.276000e+000  9.208866e-001
  4.053600e+000  9.187840e-001
  4.986720e+000  9.167444e-001
  6.106464e+000  9.147965e-001
  7.450157e+000  9.131206e-001
  9.062588e+000  9.117568e-001
  1.067502e+001  9.104908e-001
  1.201871e+001  9.093679e-001
  1.363114e+001  9.082992e-001
  1.556606e+001  9.069493e-001
  1.788796e+001  9.053752e-001
  2.067424e+001  9.036186e-001
  2.401778e+001  9.017038e-001
  2.803003e+001  8.996422e-001
  3.284472e+001  8.974355e-001
  3.862235e+001  8.950796e-001
  4.555552e+001  8.925658e-001
  5.387531e+001  8.905793e-001
  6.219510e+001  8.887573e-001
  7.217885e+001  8.864412e-001
  8.415935e+001  8.837138e-001
  9.853595e+001  8.814661e-001
  1.157879e+002  8.785287e-001
  1.364902e+002  8.750319e-001
  1.589902e+002  8.714307e-001
  1.814902e+002  8.680746e-001
  2.039902e+002  8.649574e-001
  2.264902e+002  8.628139e-001
  2.489902e+002  8.607002e-001
  2.714902e+002  8.587109e-001
  2.902402e+002  8.570890e-001
  3.127402e+002  8.549838e-001
  3.352402e+002  8.528352e-001
  3.577402e+002  8.507062e-001
  3.802402e+002  8.486266e-001
  4.027402e+002  8.466086e-001
  4.252402e+002  8.446548e-001
  4.477402e+002  8.427638e-001
  4.702402e+002  8.409324e-001
  4.927402e+002  8.391565e-001
  5.152402e+002  8.374323e-001
  5.377402e+002  8.357559e-001
  5.602402e+002  8.341239e-001
  5.827402e+002  8.325331e-001
  6.052402e+002  8.309807e-001
  6.277402e+002  8.294640e-001
  6.502402e+002  8.279808e-001
  6.727402e+002  8.265290e-001
  6.952402e+002  8.251067e-001
  7.177402e+002  8.240137e-001
  7.402402e+002  8.229473e-001
  7.589902e+002  8.220516e-001
  7.777402e+002  8.210654e-001
  8.002402e+002  8.198299e-001
  8.227402e+002  8.185756e-001
  8.452402e+002  8.173204e-001
  8.677402e+002  8.160739e-001
  8.902402e+002  8.150970e-001
  9.127402e+002  8.140177e-001
  9.352402e+002  8.128871e-001
  9.577402e+002  8.117359e-001
  9.802402e+002  8.105807e-001
  1.002740e+003  8.094307e-001
  1.025240e+003  8.082903e-001
  1.047740e+003  8.071615e-001
  1.070240e+003  8.060453e-001
  1.092740e+003  8.049419e-001
  1.115240e+003  8.038512e-001
  1.137740e+003  8.027730e-001
  1.160240e+003  8.017069e-001
  1.182740e+003  8.006526e-001
  1.205240e+003  7.996098e-001
  1.227740e+003  7.985780e-001
  1.250240e+003  7.975569e-001
  1.272740e+003  7.965484e-001
  1.295240e+003  7.955489e-001
  1.317740e+003  7.945588e-001
  1.340240e+003  7.935778e-001
  1.362740e+003  7.926059e-001
  1.385240e+003  7.916429e-001
  1.407740e+003  7.906885e-001
  1.430240e+003  7.897426e-001
  1.452740e+003  7.888048e-001
  1.475240e+003  7.878751e-001
  1.497740e+003  7.869531e-001
  1.520240e+003  7.860387e-001
  1.542740e+003  7.851316e-001
  1.565240e+003  7.842318e-001
  1.587740e+003  7.833389e-001
  1.610240e+003  7.824528e-001
  1.632740e+003  7.815734e-001
  1.655240e+003  7.807005e-001
  1.677740e+003  7.798340e-001
  1.700240e+003  7.789736e-001
  1.722740e+003  7.781192e-001
  1.745240e+003  7.772708e-001
  1.767740e+003  7.764281e-001
  1.790240e+003  7.755911e-001
  1.812740e+003  7.747595e-001
  1.835240e+003  7.739334e-001
  1.857740e+003  7.731125e-001
  1.880240e+003  7.722968e-001
  1.902740e+003  7.714861e-001
  1.925240e+003  7.706804e-001
  1.947740e+003  7.698795e-001
  1.970240e+003  7.690834e-001
  1.992740e+003  7.682919e-001
  2.015240e+003  7.675049e-001
  2.037740e+003  7.667224e-001
  2.060240e+003  7.659443e-001
  2.082740e+003  7.651705e-001
  2.105240e+003  7.644008e-001
  2.127740e+003  7.636353e-001
  2.150240e+003  7.628739e-001
  2.172740e+003  7.621164e-001
  2.195240e+003  7.613629e-001
  2.217740e+003  7.606131e-001
  2.240240e+003  7.598671e-001
  2.262740e+003  7.591249e-001
  2.285240e+003  7.583862e-001
  2.307740e+003  7.576512e-001
  2.330240e+003  7.569196e-001
  2.352740e+003  7.561915e-001
  2.375240e+003  7.554668e-001
  2.397740e+003  7.547455e-001
  2.420240e+003  7.540274e-001
  2.442740e+003  7.533126e-001
  2.465240e+003  7.526010e-001
  2.487740e+003  7.518926e-001
  2.510240e+003  7.511872e-001
  2.532740e+003  7.504848e-001
  2.555240e+003  7.497855e-001
  2.577740e+003  7.490891e-001
  2.600240e+003  7.483956e-001
  2.622740e+003  7.477050e-001
  2.645240e+003  7.470173e-001
  2.667740e+003  7.463323e-001
  2.690240e+003  7.456500e-001
  2.712740e+003  7.449705e-001
  2.735240e+003  7.442936e-001
  2.757740e+003  7.436193e-001
  2.780240e+003  7.429476e-001
  2.802740e+003  7.422785e-001
  2.825240e+003  7.416120e-001
  2.847740e+003  7.409478e-001
  2.870240e+003  7.402862e-001
  2.892740e+003  7.396269e-001
  2.915240e+003  7.389700e-001
  2.937740e+003  7.383155e-001
  2.960240e+003  7.376633e-001
  2.982740e+003  7.370134e-001
  3.005240e+003  7.363657e-001
  3.027740e+003  7.357203e-001
  3.050240e+003  7.350770e-001
  3.072740e+003  7.344359e-001
  3.095240e+003  7.337970e-001
  3.117740e+003  7.331601e-001
  3.140240e+003  7.325253e-001
  3.162740e+003  7.318926e-001
  3.185240e+003  7.312620e-001
  3.207740e+003  7.306333e-001
  3.230240e+003  7.300066e-001
  3.252740e+003  7.293818e-001
  3.275240e+003  7.287590e-001
  3.297740e+003  7.281381e-001
  3.320240e+003  7.275190e-001
  3.342740e+003  7.269018e-001
  3.365240e+003  7.262864e-001
  3.387740e+003  7.256728e-001
  3.410240e+003  7.250611e-001
  3.432740e+003  7.244511e-001
  3.455240e+003  7.238428e-001
  3.477740e+003  7.232362e-001
  3.500240e+003  7.226313e-001
  3.522740e+003  7.220281e-001
  3.545240e+003  7.214266e-001
  3.567740e+003  7.208267e-001
  3.590240e+003  7.202285e-001
  3.612740e+003  7.196318e-001
  3.635240e+003  7.190367e-001
  3.657740e+003  7.184432e-001
  3.680240e+003  7.178512e-001
  3.702740e+003  7.172607e-001
  3.725240e+003  7.166718e-001
  3.747740e+003  7.160843e-001
  3.770240e+003  7.154983e-001
  3.792740e+003  7.149138e-001
  3.815240e+003  7.143307e-001
  3.837740e+003  7.137490e-001
  3.860240e+003  7.131687e-001
  3.882740e+003  7.125898e-001
  3.905240e+003  7.120124e-001
  3.927740e+003  7.114362e-001
  3.950240e+003  7.108614e-001
  3.972740e+003  7.102879e-001
  3.995240e+003  7.097158e-001
  4.017740e+003  7.091449e-001
  4.040240e+003  7.085753e-001
  4.062740e+003  7.080070e-001
  4.085240e+003  7.074400e-001
  4.107740e+003  7.068742e-001
  4.130240e+003  7.063096e-001
  4.152740e+003  7.057463e-001
  4.175240e+003  7.051841e-001
  4.197740e+003  7.046232e-001
  4.220240e+003  7.040634e-001
  4.242740e+003  7.035048e-001
  4.265240e+003  7.029473e-001
  4.287740e+003  7.023910e-001
  4.310240e+003  7.018358e-001
  4.332740e+003  7.012817e-001
  4.355240e+003  7.007288e-001
  4.377740e+003  7.001769e-001
  4.400240e+003  6.996261e-001
  4.422740e+003  6.990764e-001
  4.445240e+003  6.985277e-001
  4.467740e+003  6.979801e-001
  4.490240e+003  6.974335e-001
  4.500000e+003  6.971967e-001
