HISTORY PLOT
job1

Curve 1
X : Time
Y : Displacement Y [Node 1]

       X              Y       
------------------------------
  0.000000e+000  0.000000e+000
  7.000000e-002 -4.076587e+000
  1.400000e-001 -5.064352e+000
  2.100000e-001 -5.583614e+000
  2.800000e-001 -5.924902e+000
  3.500000e-001 -6.202183e+000
  4.340000e-001 -6.795403e+000
  5.180000e-001 -7.219767e+000
  6.020000e-001 -7.638003e+000
  7.028000e-001 -8.080133e+000
  8.237600e-001 -8.522047e+000
  9.689120e-001 -8.954635e+000
  1.143094e+000 -9.227965e+000
  1.317277e+000 -9.477851e+000
  1.526296e+000 -9.789567e+000
  1.777118e+000 -1.014470e+001
  2.078105e+000 -1.042361e+001
  2.379093e+000 -1.071688e+001
  2.740277e+000 -1.105711e+001
  3.173699e+000 -1.143236e+001
  3.693805e+000 -1.183435e+001
  4.317932e+000 -1.212895e+001
  5.066884e+000 -1.243976e+001
  5.815836e+000 -1.272698e+001
  6.564789e+000 -1.303571e+001
  7.463532e+000 -1.340234e+001
  8.542024e+000 -1.372381e+001
  9.836213e+000 -1.412518e+001
  1.138924e+001 -1.459001e+001
  1.325287e+001 -1.510517e+001
  1.548923e+001 -1.550126e+001
  1.772559e+001 -1.587355e+001
  1.996195e+001 -1.620767e+001
  2.219831e+001 -1.657084e+001
  2.488195e+001 -1.700923e+001
  2.810230e+001 -1.739834e+001
  3.160230e+001 -1.784980e+001
  3.510231e+001 -1.830167e+001
  3.860231e+001 -1.873967e+001
  4.210231e+001 -1.906283e+001
  4.560231e+001 -1.935792e+001
  4.851897e+001 -1.959583e+001
  5.201897e+001 -1.991066e+001
  5.551897e+001 -2.023647e+001
  5.901897e+001 -2.056241e+001
  6.251897e+001 -2.088283e+001
  6.601897e+001 -2.119511e+001
  6.951897e+001 -2.142823e+001
  7.243564e+001 -2.164164e+001
  7.593564e+001 -2.190782e+001
  7.943564e+001 -2.217638e+001
  8.293564e+001 -2.244316e+001
  8.643564e+001 -2.264991e+001
  8.993564e+001 -2.287671e+001
  9.343564e+001 -2.306855e+001
  9.635230e+001 -2.324741e+001
  9.985230e+001 -2.343404e+001
  1.033523e+002 -2.364235e+001
  1.068523e+002 -2.386214e+001
  1.103523e+002 -2.408696e+001
  1.138523e+002 -2.431305e+001
  1.173523e+002 -2.453837e+001
  1.208523e+002 -2.476186e+001
  1.243523e+002 -2.498303e+001
  1.278523e+002 -2.520167e+001
  1.313523e+002 -2.541778e+001
  1.348523e+002 -2.558494e+001
  1.383523e+002 -2.576947e+001
  1.418523e+002 -2.596357e+001
  1.453523e+002 -2.616239e+001
  1.488523e+002 -2.636308e+001
  1.523523e+002 -2.656407e+001
  1.558523e+002 -2.672307e+001
  1.593523e+002 -2.687534e+001
  1.628523e+002 -2.704639e+001
  1.663523e+002 -2.719971e+001
  1.698523e+002 -2.737059e+001
  1.733523e+002 -2.755168e+001
  1.768523e+002 -2.773832e+001
  1.803523e+002 -2.792778e+001
  1.838523e+002 -2.811847e+001
  1.873523e+002 -2.830954e+001
  1.908523e+002 -2.850055e+001
  1.943523e+002 -2.869126e+001
  1.978523e+002 -2.888161e+001
  2.013523e+002 -2.907154e+001
  2.048523e+002 -2.926109e+001
  2.083523e+002 -2.945029e+001
  2.118523e+002 -2.963918e+001
  2.153523e+002 -2.982783e+001
  2.188523e+002 -3.001628e+001
  2.223523e+002 -3.020461e+001
  2.258523e+002 -3.034594e+001
  2.293523e+002 -3.049325e+001
  2.322690e+002 -3.063015e+001
  2.357690e+002 -3.080458e+001
  2.392690e+002 -3.098499e+001
  2.427690e+002 -3.116895e+001
  2.462690e+002 -3.135507e+001
  2.497690e+002 -3.154268e+001
  2.532690e+002 -3.173139e+001
  2.567690e+002 -3.192096e+001
  2.602690e+002 -3.211132e+001
  2.637690e+002 -3.230245e+001
  2.672690e+002 -3.249435e+001
  2.707690e+002 -3.268709e+001
  2.742690e+002 -3.288071e+001
  2.777690e+002 -3.307526e+001
  2.812690e+002 -3.327081e+001
  2.847690e+002 -3.346743e+001
  2.882690e+002 -3.366519e+001
  2.917690e+002 -3.386415e+001
  2.952690e+002 -3.406441e+001
  2.987690e+002 -3.426603e+001
  3.022690e+002 -3.446909e+001
  3.057690e+002 -3.467369e+001
  3.092690e+002 -3.487990e+001
  3.127690e+002 -3.508783e+001
  3.162690e+002 -3.529757e+001
  3.197690e+002 -3.550921e+001
  3.232690e+002 -3.572288e+001
  3.267690e+002 -3.594064e+001
  3.302690e+002 -3.615970e+001
  3.337690e+002 -3.638062e+001
  3.372690e+002 -3.660378e+001
  3.407690e+002 -3.682944e+001
  3.442690e+002 -3.700740e+001
  3.477690e+002 -3.720826e+001
  3.512690e+002 -3.742432e+001
  3.547690e+002 -3.765072e+001
  3.582690e+002 -3.783294e+001
  3.611856e+002 -3.800647e+001
  3.646856e+002 -3.823181e+001
  3.681856e+002 -3.846897e+001
  3.716856e+002 -3.871485e+001
  3.751856e+002 -3.896779e+001
  3.786856e+002 -3.922694e+001
  3.821856e+002 -3.949196e+001
  3.856856e+002 -3.976281e+001
  3.891856e+002 -4.003962e+001
  3.926856e+002 -4.032266e+001
  3.961856e+002 -4.061225e+001
  3.996856e+002 -4.090879e+001
  4.031856e+002 -4.121276e+001
  4.066856e+002 -4.152467e+001
  4.101856e+002 -4.184509e+001
  4.136856e+002 -4.217469e+001
  4.171856e+002 -4.251421e+001
  4.206856e+002 -4.286445e+001
  4.241856e+002 -4.322635e+001
  4.276856e+002 -4.360097e+001
  4.311856e+002 -4.392682e+001
  4.346856e+002 -4.429036e+001
  4.381856e+002 -4.463177e+001
  4.411023e+002 -4.491951e+001
  4.440190e+002 -4.524678e+001
  4.475190e+002 -4.562376e+001
  4.510190e+002 -4.605059e+001
  4.545190e+002 -4.651920e+001
  4.580190e+002 -4.702624e+001
  4.615190e+002 -4.749883e+001
  4.644356e+002 -4.794467e+001
  4.679356e+002 -4.853360e+001
  4.714356e+002 -4.917840e+001
  4.749356e+002 -4.988509e+001
  4.784356e+002 -5.066363e+001
  4.819356e+002 -5.152875e+001
  4.854356e+002 -5.250180e+001
  4.889356e+002 -5.370346e+001
  4.924356e+002 -5.517633e+001
  4.959356e+002 -5.704795e+001
  4.994356e+002 -6.006806e+001
  5.015008e+002 -6.314173e+001
  5.025570e+002 -6.587720e+001
  5.032231e+002 -6.935701e+001
  5.034692e+002 -7.171306e+001
  5.036282e+002 -7.482925e+001
  5.036768e+002 -7.659767e+001
  5.037104e+002 -7.898408e+001
  5.037243e+002 -8.088972e+001
  5.037313e+002 -8.303703e+001

Curve 2
X : Time
Y : Thickness of Element [Node 1]

       X              Y       
------------------------------
  0.000000e+000  9.300000e-001
  7.000000e-002  9.250503e-001
  1.400000e-001  9.210202e-001
  2.100000e-001  9.184392e-001
  2.800000e-001  9.165877e-001
  3.500000e-001  9.150154e-001
  4.340000e-001  9.113340e-001
  5.180000e-001  9.085203e-001
  6.020000e-001  9.056201e-001
  7.028000e-001  9.024018e-001
  8.237600e-001  8.990170e-001
  9.689120e-001  8.955355e-001
  1.143094e+000  8.932253e-001
  1.317277e+000  8.910527e-001
  1.526296e+000  8.882746e-001
  1.777118e+000  8.850170e-001
  2.078105e+000  8.823664e-001
  2.379093e+000  8.795129e-001
  2.740277e+000  8.761189e-001
  3.173699e+000  8.722720e-001
  3.693805e+000  8.680300e-001
  4.317932e+000  8.648314e-001
  5.066884e+000  8.613703e-001
  5.815836e+000  8.581040e-001
  6.564789e+000  8.545317e-001
  7.463532e+000  8.502064e-001
  8.542024e+000  8.463207e-001
  9.836213e+000  8.413731e-001
  1.138924e+001  8.355124e-001
  1.325287e+001  8.288537e-001
  1.548923e+001  8.235839e-001
  1.772559e+001  8.185258e-001
  1.996195e+001  8.139085e-001
  2.219831e+001  8.088223e-001
  2.488195e+001  8.025898e-001
  2.810230e+001  7.969481e-001
  3.160230e+001  7.903033e-001
  3.510231e+001  7.835475e-001
  3.860231e+001  7.768980e-001
  4.210231e+001  7.719078e-001
  4.560231e+001  7.672993e-001
  4.851897e+001  7.635527e-001
  5.201897e+001  7.585592e-001
  5.551897e+001  7.533495e-001
  5.901897e+001  7.480931e-001
  6.251897e+001  7.428821e-001
  6.601897e+001  7.377613e-001
  6.951897e+001  7.338988e-001
  7.243564e+001  7.303438e-001
  7.593564e+001  7.258843e-001
  7.943564e+001  7.213586e-001
  8.293564e+001  7.168366e-001
  8.643564e+001  7.133085e-001
  8.993564e+001  7.094245e-001
  9.343564e+001  7.061233e-001
  9.635230e+001  7.030365e-001
  9.985230e+001  6.998045e-001
  1.033523e+002  6.961866e-001
  1.068523e+002  6.923570e-001
  1.103523e+002  6.884265e-001
  1.138523e+002  6.844601e-001
  1.173523e+002  6.804937e-001
  1.208523e+002  6.765464e-001
  1.243523e+002  6.726275e-001
  1.278523e+002  6.687409e-001
  1.313523e+002  6.648878e-001
  1.348523e+002  6.618949e-001
  1.383523e+002  6.585836e-001
  1.418523e+002  6.550927e-001
  1.453523e+002  6.515090e-001
  1.488523e+002  6.478835e-001
  1.523523e+002  6.442445e-001
  1.558523e+002  6.413582e-001
  1.593523e+002  6.385895e-001
  1.628523e+002  6.354763e-001
  1.663523e+002  6.326808e-001
  1.698523e+002  6.295622e-001
  1.733523e+002  6.262538e-001
  1.768523e+002  6.228406e-001
  1.803523e+002  6.193727e-001
  1.838523e+002  6.158786e-001
  1.873523e+002  6.123740e-001
  1.908523e+002  6.088670e-001
  1.943523e+002  6.053620e-001
  1.978523e+002  6.018607e-001
  2.013523e+002  5.983639e-001
  2.048523e+002  5.948713e-001
  2.083523e+002  5.913826e-001
  2.118523e+002  5.878970e-001
  2.153523e+002  5.844138e-001
  2.188523e+002  5.809321e-001
  2.223523e+002  5.774510e-001
  2.258523e+002  5.748360e-001
  2.293523e+002  5.721079e-001
  2.322690e+002  5.695720e-001
  2.357690e+002  5.663397e-001
  2.392690e+002  5.629961e-001
  2.427690e+002  5.595867e-001
  2.462690e+002  5.561375e-001
  2.497690e+002  5.526625e-001
  2.532690e+002  5.491693e-001
  2.567690e+002  5.456617e-001
  2.602690e+002  5.421414e-001
  2.637690e+002  5.386089e-001
  2.672690e+002  5.350641e-001
  2.707690e+002  5.315063e-001
  2.742690e+002  5.279348e-001
  2.777690e+002  5.243488e-001
  2.812690e+002  5.207474e-001
  2.847690e+002  5.171294e-001
  2.882690e+002  5.134939e-001
  2.917690e+002  5.098398e-001
  2.952690e+002  5.061660e-001
  2.987690e+002  5.024714e-001
  3.022690e+002  4.987547e-001
  3.057690e+002  4.950148e-001
  3.092690e+002  4.912504e-001
  3.127690e+002  4.874602e-001
  3.162690e+002  4.836428e-001
  3.197690e+002  4.797968e-001
  3.232690e+002  4.759207e-001
  3.267690e+002  4.719757e-001
  3.302690e+002  4.680147e-001
  3.337690e+002  4.640281e-001
  3.372690e+002  4.600098e-001
  3.407690e+002  4.559556e-001
  3.442690e+002  4.527653e-001
  3.477690e+002  4.491708e-001
  3.512690e+002  4.453132e-001
  3.547690e+002  4.412816e-001
  3.582690e+002  4.380451e-001
  3.611856e+002  4.349691e-001
  3.646856e+002  4.309824e-001
  3.681856e+002  4.267996e-001
  3.716856e+002  4.224779e-001
  3.751856e+002  4.180488e-001
  3.786856e+002  4.135285e-001
  3.821856e+002  4.089245e-001
  3.856856e+002  4.042392e-001
  3.891856e+002  3.994719e-001
  3.926856e+002  3.946201e-001
  3.961856e+002  3.896799e-001
  3.996856e+002  3.846467e-001
  4.031856e+002  3.795150e-001
  4.066856e+002  3.742786e-001
  4.101856e+002  3.689308e-001
  4.136856e+002  3.634639e-001
  4.171856e+002  3.578694e-001
  4.206856e+002  3.521380e-001
  4.241856e+002  3.462591e-001
  4.276856e+002  3.402211e-001
  4.311856e+002  3.350123e-001
  4.346856e+002  3.292343e-001
  4.381856e+002  3.238517e-001
  4.411023e+002  3.193467e-001
  4.440190e+002  3.142515e-001
  4.475190e+002  3.084282e-001
  4.510190e+002  3.018927e-001
  4.545190e+002  2.948005e-001
  4.580190e+002  2.872301e-001
  4.615190e+002  2.802792e-001
  4.644356e+002  2.737936e-001
  4.679356e+002  2.653371e-001
  4.714356e+002  2.562514e-001
  4.749356e+002  2.465081e-001
  4.784356e+002  2.360356e-001
  4.819356e+002  2.247202e-001
  4.854356e+002  2.123974e-001
  4.889356e+002  1.977206e-001
  4.924356e+002  1.805194e-001
  4.959356e+002  1.599353e-001
  4.994356e+002  1.291471e-001
  5.015008e+002  1.015786e-001
  5.025570e+002  8.046448e-002
  5.032231e+002  5.726001e-002
  5.034692e+002  4.449126e-002
  5.036282e+002  2.994417e-002
  5.036768e+002  2.348614e-002
  5.037104e+002  1.614432e-002
  5.037243e+002  1.186490e-002
  5.037313e+002  8.439023e-003
