HISTORY PLOT
job1

Curve 1
X : Time
Y : Displacement Y [Node 1]

       X              Y       
------------------------------
  0.000000e+000  0.000000e+000
  1.700000e-001 -3.437630e+000
  3.400000e-001 -4.062365e+000
  5.100000e-001 -4.546926e+000
  7.140000e-001 -4.902196e+000
  9.180000e-001 -5.155426e+000
  1.122000e+000 -5.646621e+000
  1.366800e+000 -6.132218e+000
  1.660560e+000 -6.529448e+000
  1.954320e+000 -6.906641e+000
  2.306832e+000 -7.298333e+000
  2.729846e+000 -7.688298e+000
  3.237464e+000 -8.071618e+000
  3.846604e+000 -8.448730e+000
  4.577573e+000 -8.822109e+000
  5.454736e+000 -9.093238e+000
  6.507331e+000 -9.373079e+000
  7.559927e+000 -9.626325e+000
  8.437089e+000 -9.847009e+000
  9.489684e+000 -1.010442e+001
  1.075280e+001 -1.032418e+001
  1.201591e+001 -1.055795e+001
  1.353165e+001 -1.083300e+001
  1.535053e+001 -1.114186e+001
  1.753320e+001 -1.147951e+001
  2.015239e+001 -1.184297e+001
  2.329542e+001 -1.213217e+001
  2.706706e+001 -1.244991e+001
  3.083870e+001 -1.273294e+001
  3.461034e+001 -1.303476e+001
  3.913631e+001 -1.339105e+001
  4.456747e+001 -1.369647e+001
  5.108486e+001 -1.408708e+001
  5.890573e+001 -1.454424e+001
  6.740572e+001 -1.500850e+001
  7.590572e+001 -1.533438e+001
  8.440572e+001 -1.564921e+001
  9.290572e+001 -1.598113e+001
  1.014057e+002 -1.631128e+001
  1.099057e+002 -1.663066e+001
  1.184057e+002 -1.693598e+001
  1.269057e+002 -1.722673e+001
  1.354057e+002 -1.744341e+001
  1.439057e+002 -1.767776e+001
  1.524057e+002 -1.791698e+001
  1.609057e+002 -1.815418e+001
  1.694057e+002 -1.838614e+001
  1.779057e+002 -1.861158e+001
  1.864057e+002 -1.878794e+001
  1.949057e+002 -1.895149e+001
  2.034057e+002 -1.913305e+001
  2.119057e+002 -1.932223e+001
  2.204057e+002 -1.951301e+001
  2.289057e+002 -1.965980e+001
  2.359891e+002 -1.979677e+001
  2.444891e+002 -1.996911e+001
  2.529891e+002 -2.014381e+001
  2.614891e+002 -2.031790e+001
  2.699891e+002 -2.048993e+001
  2.784891e+002 -2.065926e+001
  2.869891e+002 -2.082563e+001
  2.954891e+002 -2.098903e+001
  3.039891e+002 -2.114951e+001
  3.124891e+002 -2.127494e+001
  3.209891e+002 -2.141296e+001
  3.294891e+002 -2.155690e+001
  3.379891e+002 -2.170292e+001
  3.464891e+002 -2.184897e+001
  3.549891e+002 -2.199402e+001
  3.634891e+002 -2.213758e+001
  3.719891e+002 -2.227946e+001
  3.804891e+002 -2.241958e+001
  3.889891e+002 -2.252575e+001
  3.974891e+002 -2.263501e+001
  4.045724e+002 -2.272244e+001
  4.116557e+002 -2.282071e+001
  4.201557e+002 -2.294532e+001
  4.286557e+002 -2.307290e+001
  4.371557e+002 -2.320139e+001
  4.456557e+002 -2.332973e+001
  4.541557e+002 -2.342783e+001
  4.626557e+002 -2.353860e+001
  4.711557e+002 -2.365606e+001
  4.796557e+002 -2.377663e+001
  4.881557e+002 -2.389833e+001
  4.966557e+002 -2.402011e+001
  5.051557e+002 -2.414145e+001
  5.136557e+002 -2.426209e+001
  5.221557e+002 -2.438191e+001
  5.306557e+002 -2.450086e+001
  5.391557e+002 -2.461895e+001
  5.476557e+002 -2.473617e+001
  5.561557e+002 -2.485255e+001
  5.646557e+002 -2.496811e+001
  5.731557e+002 -2.508289e+001
  5.816557e+002 -2.519689e+001
  5.901557e+002 -2.531015e+001
  5.986557e+002 -2.542270e+001
  6.071557e+002 -2.550823e+001
  6.156557e+002 -2.560505e+001
  6.241557e+002 -2.570807e+001
  6.326557e+002 -2.581416e+001
  6.411557e+002 -2.592161e+001
  6.496557e+002 -2.602950e+001
  6.581557e+002 -2.613737e+001
  6.666557e+002 -2.624496e+001
  6.751557e+002 -2.635217e+001
  6.836557e+002 -2.645896e+001
  6.921557e+002 -2.656529e+001
  7.006557e+002 -2.667118e+001
  7.091557e+002 -2.675416e+001
  7.176557e+002 -2.684700e+001
  7.261557e+002 -2.694526e+001
  7.346557e+002 -2.704626e+001
  7.431557e+002 -2.714857e+001
  7.516557e+002 -2.725139e+001
  7.601557e+002 -2.735433e+001
  7.686557e+002 -2.745717e+001
  7.771557e+002 -2.755981e+001
  7.856557e+002 -2.766221e+001
  7.941557e+002 -2.774579e+001
  8.026557e+002 -2.783765e+001
  8.111557e+002 -2.793399e+001
  8.196557e+002 -2.803263e+001
  8.281557e+002 -2.813238e+001
  8.366557e+002 -2.823259e+001
  8.451557e+002 -2.833294e+001
  8.536557e+002 -2.843326e+001
  8.621557e+002 -2.853348e+001
  8.706557e+002 -2.863355e+001
  8.791557e+002 -2.873346e+001
  8.876557e+002 -2.883321e+001
  8.961557e+002 -2.893279e+001
  9.046557e+002 -2.903222e+001
  9.131557e+002 -2.913151e+001
  9.216557e+002 -2.923065e+001
  9.301557e+002 -2.932966e+001
  9.386557e+002 -2.942854e+001
  9.471557e+002 -2.952731e+001
  9.556557e+002 -2.962598e+001
  9.641557e+002 -2.972454e+001
  9.726557e+002 -2.982302e+001
  9.811557e+002 -2.992141e+001
  9.896557e+002 -3.001974e+001
  9.981557e+002 -3.011799e+001
  1.006656e+003 -3.021641e+001
  1.015156e+003 -3.031466e+001
  1.023656e+003 -3.041282e+001
  1.032156e+003 -3.051093e+001
  1.040656e+003 -3.060900e+001
  1.049156e+003 -3.070706e+001
  1.057656e+003 -3.080510e+001
  1.066156e+003 -3.090315e+001
  1.074656e+003 -3.100121e+001
  1.083156e+003 -3.109929e+001
  1.091656e+003 -3.119739e+001
  1.100156e+003 -3.129554e+001
  1.108656e+003 -3.137678e+001
  1.117156e+003 -3.145374e+001
  1.125656e+003 -3.154035e+001
  1.134156e+003 -3.162144e+001
  1.142656e+003 -3.171049e+001
  1.151156e+003 -3.180403e+001
  1.159656e+003 -3.190002e+001
  1.168156e+003 -3.197642e+001
  1.176656e+003 -3.206293e+001
  1.185156e+003 -3.215526e+001
  1.193656e+003 -3.225082e+001
  1.202156e+003 -3.234818e+001
  1.210656e+003 -3.244655e+001
  1.219156e+003 -3.254554e+001
  1.227656e+003 -3.264493e+001
  1.236156e+003 -3.274463e+001
  1.244656e+003 -3.284458e+001
  1.253156e+003 -3.294476e+001
  1.261656e+003 -3.304517e+001
  1.270156e+003 -3.314579e+001
  1.278656e+003 -3.324663e+001
  1.287156e+003 -3.334771e+001
  1.295656e+003 -3.344902e+001
  1.304156e+003 -3.355058e+001
  1.312656e+003 -3.365240e+001
  1.321156e+003 -3.375448e+001
  1.329656e+003 -3.385683e+001
  1.338156e+003 -3.395945e+001
  1.346656e+003 -3.406237e+001
  1.355156e+003 -3.416559e+001
  1.363656e+003 -3.426911e+001
  1.372156e+003 -3.437295e+001
  1.380656e+003 -3.447712e+001
  1.389156e+003 -3.458163e+001
  1.397656e+003 -3.468648e+001
  1.406156e+003 -3.479169e+001
  1.414656e+003 -3.489726e+001
  1.423156e+003 -3.500322e+001
  1.431656e+003 -3.510956e+001
  1.440156e+003 -3.521630e+001
  1.448656e+003 -3.532346e+001
  1.457156e+003 -3.543104e+001
  1.465656e+003 -3.553905e+001
  1.474156e+003 -3.564752e+001
  1.482656e+003 -3.575645e+001
  1.491156e+003 -3.586630e+001
  1.499656e+003 -3.597641e+001
  1.508156e+003 -3.608691e+001
  1.516656e+003 -3.619786e+001
  1.525156e+003 -3.630931e+001
  1.533656e+003 -3.642128e+001
  1.542156e+003 -3.653381e+001
  1.550656e+003 -3.664691e+001
  1.559156e+003 -3.676060e+001
  1.567656e+003 -3.687489e+001
  1.576156e+003 -3.696992e+001
  1.584656e+003 -3.707457e+001
  1.593156e+003 -3.718486e+001
  1.601656e+003 -3.729854e+001
  1.610156e+003 -3.741433e+001
  1.618656e+003 -3.753159e+001
  1.627156e+003 -3.764999e+001
  1.635656e+003 -3.776937e+001
  1.644156e+003 -3.788963e+001
  1.652656e+003 -3.801075e+001
  1.661156e+003 -3.813272e+001
  1.669656e+003 -3.825555e+001
  1.678156e+003 -3.837927e+001
  1.686656e+003 -3.850389e+001
  1.695156e+003 -3.862945e+001
  1.700000e+003 -3.870161e+001

Curve 2
X : Time
Y : Thickness of Element [Node 1]

       X              Y       
------------------------------
  0.000000e+000  9.300000e-001
  1.700000e-001  9.255161e-001
  3.400000e-001  9.233907e-001
  5.100000e-001  9.214745e-001
  7.140000e-001  9.199175e-001
  9.180000e-001  9.187308e-001
  1.122000e+000  9.162137e-001
  1.366800e+000  9.135814e-001
  1.660560e+000  9.112453e-001
  1.954320e+000  9.089147e-001
  2.306832e+000  9.063713e-001
  2.729846e+000  9.037062e-001
  3.237464e+000  9.009535e-001
  3.846604e+000  8.981156e-001
  4.577573e+000  8.951793e-001
  5.454736e+000  8.929556e-001
  6.507331e+000  8.905880e-001
  7.559927e+000  8.883863e-001
  8.437089e+000  8.864270e-001
  9.489684e+000  8.840930e-001
  1.075280e+001  8.820505e-001
  1.201591e+001  8.798363e-001
  1.353165e+001  8.771763e-001
  1.535053e+001  8.741193e-001
  1.753320e+001  8.706920e-001
  2.015239e+001  8.669036e-001
  2.329542e+001  8.638087e-001
  2.706706e+001  8.603246e-001
  3.083870e+001  8.571569e-001
  3.461034e+001  8.537210e-001
  3.913631e+001  8.495868e-001
  4.456747e+001  8.459654e-001
  5.108486e+001  8.412426e-001
  5.890573e+001  8.355876e-001
  6.740572e+001  8.297027e-001
  7.590572e+001  8.254853e-001
  8.440572e+001  8.213237e-001
  9.290572e+001  8.168767e-001
  1.014057e+002  8.123915e-001
  1.099057e+002  8.079915e-001
  1.184057e+002  8.037279e-001
  1.269057e+002  7.996156e-001
  1.354057e+002  7.965088e-001
  1.439057e+002  7.931183e-001
  1.524057e+002  7.896259e-001
  1.609057e+002  7.861316e-001
  1.694057e+002  7.826845e-001
  1.779057e+002  7.793061e-001
  1.864057e+002  7.766429e-001
  1.949057e+002  7.741583e-001
  2.034057e+002  7.713866e-001
  2.119057e+002  7.684833e-001
  2.204057e+002  7.655389e-001
  2.289057e+002  7.632603e-001
  2.359891e+002  7.611249e-001
  2.444891e+002  7.584260e-001
  2.529891e+002  7.556772e-001
  2.614891e+002  7.529244e-001
  2.699891e+002  7.501911e-001
  2.784891e+002  7.474881e-001
  2.869891e+002  7.448198e-001
  2.954891e+002  7.421878e-001
  3.039891e+002  7.395915e-001
  3.124891e+002  7.375533e-001
  3.209891e+002  7.353029e-001
  3.294891e+002  7.329478e-001
  3.379891e+002  7.305503e-001
  3.464891e+002  7.281438e-001
  3.549891e+002  7.257454e-001
  3.634891e+002  7.233637e-001
  3.719891e+002  7.210022e-001
  3.804891e+002  7.186625e-001
  3.889891e+002  7.168852e-001
  3.974891e+002  7.150516e-001
  4.045724e+002  7.135820e-001
  4.116557e+002  7.119271e-001
  4.201557e+002  7.098244e-001
  4.286557e+002  7.076674e-001
  4.371557e+002  7.054902e-001
  4.456557e+002  7.033106e-001
  4.541557e+002  7.016415e-001
  4.626557e+002  6.997533e-001
  4.711557e+002  6.977471e-001
  4.796557e+002  6.956839e-001
  4.881557e+002  6.935971e-001
  4.966557e+002  6.915047e-001
  5.051557e+002  6.894159e-001
  5.136557e+002  6.873351e-001
  5.221557e+002  6.852644e-001
  5.306557e+002  6.832049e-001
  5.391557e+002  6.811566e-001
  5.476557e+002  6.791198e-001
  5.561557e+002  6.770939e-001
  5.646557e+002  6.750789e-001
  5.731557e+002  6.730743e-001
  5.816557e+002  6.710799e-001
  5.901557e+002  6.690953e-001
  5.986557e+002  6.671201e-001
  6.071557e+002  6.656173e-001
  6.156557e+002  6.639132e-001
  6.241557e+002  6.620979e-001
  6.326557e+002  6.602259e-001
  6.411557e+002  6.583275e-001
  6.496557e+002  6.564187e-001
  6.581557e+002  6.545080e-001
  6.666557e+002  6.525997e-001
  6.751557e+002  6.506957e-001
  6.836557e+002  6.487972e-001
  6.921557e+002  6.469044e-001
  7.006557e+002  6.450174e-001
  7.091557e+002  6.435381e-001
  7.176557e+002  6.418814e-001
  7.261557e+002  6.401270e-001
  7.346557e+002  6.383220e-001
  7.431557e+002  6.364926e-001
  7.516557e+002  6.346526e-001
  7.601557e+002  6.328093e-001
  7.686557e+002  6.309664e-001
  7.771557e+002  6.291256e-001
  7.856557e+002  6.272878e-001
  7.941557e+002  6.257867e-001
  8.026557e+002  6.241361e-001
  8.111557e+002  6.224039e-001
  8.196557e+002  6.206293e-001
  8.281557e+002  6.188339e-001
  8.366557e+002  6.170291e-001
  8.451557e+002  6.152207e-001
  8.536557e+002  6.134117e-001
  8.621557e+002  6.116037e-001
  8.706557e+002  6.097975e-001
  8.791557e+002  6.079931e-001
  8.876557e+002  6.061909e-001
  8.961557e+002  6.043907e-001
  9.046557e+002  6.025925e-001
  9.131557e+002  6.007961e-001
  9.216557e+002  5.990016e-001
  9.301557e+002  5.972087e-001
  9.386557e+002  5.954173e-001
  9.471557e+002  5.936273e-001
  9.556557e+002  5.918386e-001
  9.641557e+002  5.900511e-001
  9.726557e+002  5.882645e-001
  9.811557e+002  5.864789e-001
  9.896557e+002  5.846941e-001
  9.981557e+002  5.829100e-001
  1.006656e+003  5.811221e-001
  1.015156e+003  5.793368e-001
  1.023656e+003  5.775529e-001
  1.032156e+003  5.757697e-001
  1.040656e+003  5.739869e-001
  1.049156e+003  5.722042e-001
  1.057656e+003  5.704215e-001
  1.066156e+003  5.686384e-001
  1.074656e+003  5.668549e-001
  1.083156e+003  5.650709e-001
  1.091656e+003  5.632862e-001
  1.100156e+003  5.615008e-001
  1.108656e+003  5.600229e-001
  1.117156e+003  5.586234e-001
  1.125656e+003  5.570483e-001
  1.134156e+003  5.555738e-001
  1.142656e+003  5.539546e-001
  1.151156e+003  5.522543e-001
  1.159656e+003  5.505095e-001
  1.168156e+003  5.491217e-001
  1.176656e+003  5.475501e-001
  1.185156e+003  5.458731e-001
  1.193656e+003  5.441377e-001
  1.202156e+003  5.423703e-001
  1.210656e+003  5.405849e-001
  1.219156e+003  5.387889e-001
  1.227656e+003  5.369862e-001
  1.236156e+003  5.351787e-001
  1.244656e+003  5.333673e-001
  1.253156e+003  5.315525e-001
  1.261656e+003  5.297344e-001
  1.270156e+003  5.279130e-001
  1.278656e+003  5.260884e-001
  1.287156e+003  5.242604e-001
  1.295656e+003  5.224289e-001
  1.304156e+003  5.205938e-001
  1.312656e+003  5.187551e-001
  1.321156e+003  5.169125e-001
  1.329656e+003  5.150660e-001
  1.338156e+003  5.132154e-001
  1.346656e+003  5.113606e-001
  1.355156e+003  5.095014e-001
  1.363656e+003  5.076379e-001
  1.372156e+003  5.057697e-001
  1.380656e+003  5.038968e-001
  1.389156e+003  5.020190e-001
  1.397656e+003  5.001362e-001
  1.406156e+003  4.982483e-001
  1.414656e+003  4.963551e-001
  1.423156e+003  4.944564e-001
  1.431656e+003  4.925521e-001
  1.440156e+003  4.906421e-001
  1.448656e+003  4.887262e-001
  1.457156e+003  4.868043e-001
  1.465656e+003  4.848761e-001
  1.474156e+003  4.829415e-001
  1.482656e+003  4.810004e-001
  1.491156e+003  4.790441e-001
  1.499656e+003  4.770850e-001
  1.508156e+003  4.751210e-001
  1.516656e+003  4.731508e-001
  1.525156e+003  4.711738e-001
  1.533656e+003  4.691894e-001
  1.542156e+003  4.671973e-001
  1.550656e+003  4.651972e-001
  1.559156e+003  4.631889e-001
  1.567656e+003  4.611720e-001
  1.576156e+003  4.594974e-001
  1.584656e+003  4.576551e-001
  1.593156e+003  4.557154e-001
  1.601656e+003  4.537190e-001
  1.610156e+003  4.516881e-001
  1.618656e+003  4.496342e-001
  1.627156e+003  4.475634e-001
  1.635656e+003  4.454788e-001
  1.644156e+003  4.433817e-001
  1.652656e+003  4.412728e-001
  1.661156e+003  4.391522e-001
  1.669656e+003  4.370199e-001
  1.678156e+003  4.348758e-001
  1.686656e+003  4.327195e-001
  1.695156e+003  4.305509e-001
  1.700000e+003  4.293068e-001
