HISTORY PLOT
job1

Curve 1
X : Time
Y : Displacement Y [Node 1]

       X              Y       
------------------------------
  0.000000e+000  0.000000e+000
  2.600000e-001 -2.812689e+000
  5.200000e-001 -3.393477e+000
  8.320000e-001 -3.697970e+000
  1.144000e+000 -3.914576e+000
  1.518400e+000 -4.185778e+000
  1.967680e+000 -4.663990e+000
  2.506816e+000 -5.169332e+000
  3.153779e+000 -5.611865e+000
  3.930135e+000 -6.001433e+000
  4.861762e+000 -6.263336e+000
  5.793389e+000 -6.491625e+000
  6.725016e+000 -6.721176e+000
  7.842968e+000 -6.918211e+000
  9.184511e+000 -7.161336e+000
  1.079436e+001 -7.434073e+000
  1.272618e+001 -7.724807e+000
  1.504437e+001 -8.026863e+000
  1.782619e+001 -8.337039e+000
  2.116438e+001 -8.654230e+000
  2.517021e+001 -8.978493e+000
  2.997720e+001 -9.210052e+000
  3.478419e+001 -9.456240e+000
  4.055258e+001 -9.743195e+000
  4.747464e+001 -1.006063e+001
  5.578112e+001 -1.031245e+001
  6.408761e+001 -1.057807e+001
  7.405538e+001 -1.088745e+001
  8.601671e+001 -1.123091e+001
  9.901671e+001 -1.156904e+001
  1.120167e+002 -1.187456e+001
  1.250167e+002 -1.209605e+001
  1.380167e+002 -1.228652e+001
  1.510167e+002 -1.246366e+001
  1.640167e+002 -1.263081e+001
  1.770167e+002 -1.281447e+001
  1.900167e+002 -1.300232e+001
  2.030167e+002 -1.318753e+001
  2.160167e+002 -1.336695e+001
  2.290167e+002 -1.353937e+001
  2.420167e+002 -1.366998e+001
  2.550167e+002 -1.381080e+001
  2.680167e+002 -1.395469e+001
  2.810167e+002 -1.409758e+001
  2.940167e+002 -1.423750e+001
  3.070167e+002 -1.437359e+001
  3.200167e+002 -1.450559e+001
  3.330167e+002 -1.463355e+001
  3.460167e+002 -1.475761e+001
  3.590167e+002 -1.487800e+001
  3.720167e+002 -1.499493e+001
  3.850167e+002 -1.510862e+001
  3.980167e+002 -1.521928e+001
  4.110167e+002 -1.532712e+001
  4.240167e+002 -1.543222e+001
  4.370167e+002 -1.553484e+001
  4.500167e+002 -1.563515e+001
  4.630167e+002 -1.573337e+001
  4.760167e+002 -1.582956e+001
  4.890167e+002 -1.592381e+001
  5.020167e+002 -1.599495e+001
  5.150167e+002 -1.607414e+001
  5.280167e+002 -1.615727e+001
  5.410167e+002 -1.624186e+001
  5.540167e+002 -1.632652e+001
  5.670167e+002 -1.641056e+001
  5.800167e+002 -1.649361e+001
  5.930167e+002 -1.657551e+001
  6.060167e+002 -1.665621e+001
  6.190167e+002 -1.673570e+001
  6.320167e+002 -1.681399e+001
  6.450167e+002 -1.689111e+001
  6.580167e+002 -1.696711e+001
  6.710167e+002 -1.704201e+001
  6.840167e+002 -1.711585e+001
  6.970167e+002 -1.718868e+001
  7.100167e+002 -1.726052e+001
  7.230167e+002 -1.733142e+001
  7.360167e+002 -1.740140e+001
  7.490167e+002 -1.747050e+001
  7.620167e+002 -1.753873e+001
  7.750167e+002 -1.760613e+001
  7.880167e+002 -1.767273e+001
  8.010167e+002 -1.773855e+001
  8.140167e+002 -1.780361e+001
  8.270167e+002 -1.786793e+001
  8.400167e+002 -1.793155e+001
  8.530167e+002 -1.799447e+001
  8.660167e+002 -1.805673e+001
  8.790167e+002 -1.811833e+001
  8.920167e+002 -1.817930e+001
  9.050167e+002 -1.823965e+001
  9.180167e+002 -1.829941e+001
  9.310167e+002 -1.835858e+001
  9.440167e+002 -1.841719e+001
  9.570167e+002 -1.847524e+001
  9.700167e+002 -1.853276e+001
  9.830167e+002 -1.858975e+001
  9.960167e+002 -1.864623e+001
  1.009017e+003 -1.870221e+001
  1.022017e+003 -1.875771e+001
  1.035017e+003 -1.881273e+001
  1.048017e+003 -1.886730e+001
  1.061017e+003 -1.892142e+001
  1.074017e+003 -1.897512e+001
  1.087017e+003 -1.902840e+001
  1.100017e+003 -1.908127e+001
  1.113017e+003 -1.913376e+001
  1.126017e+003 -1.918586e+001
  1.139017e+003 -1.923758e+001
  1.152017e+003 -1.928892e+001
  1.165017e+003 -1.933988e+001
  1.178017e+003 -1.939049e+001
  1.191017e+003 -1.944073e+001
  1.204017e+003 -1.949063e+001
  1.217017e+003 -1.954019e+001
  1.230017e+003 -1.958941e+001
  1.243017e+003 -1.963832e+001
  1.256017e+003 -1.968689e+001
  1.269017e+003 -1.973515e+001
  1.282017e+003 -1.978310e+001
  1.295017e+003 -1.983075e+001
  1.308017e+003 -1.987809e+001
  1.321017e+003 -1.992514e+001
  1.334017e+003 -1.997190e+001
  1.347017e+003 -2.001838e+001
  1.360017e+003 -2.006458e+001
  1.373017e+003 -2.011050e+001
  1.386017e+003 -2.015615e+001
  1.399017e+003 -2.020154e+001
  1.412017e+003 -2.024666e+001
  1.425017e+003 -2.029153e+001
  1.438017e+003 -2.033615e+001
  1.451017e+003 -2.038052e+001
  1.464017e+003 -2.042464e+001
  1.477017e+003 -2.046852e+001
  1.490017e+003 -2.051217e+001
  1.503017e+003 -2.055558e+001
  1.516017e+003 -2.059877e+001
  1.529017e+003 -2.064172e+001
  1.542017e+003 -2.068446e+001
  1.555017e+003 -2.072697e+001
  1.568017e+003 -2.076927e+001
  1.581017e+003 -2.081136e+001
  1.594017e+003 -2.085324e+001
  1.607017e+003 -2.089491e+001
  1.620017e+003 -2.093638e+001
  1.633017e+003 -2.097765e+001
  1.646017e+003 -2.101872e+001
  1.659017e+003 -2.105960e+001
  1.672017e+003 -2.110028e+001
  1.685017e+003 -2.114078e+001
  1.698017e+003 -2.118109e+001
  1.711017e+003 -2.122120e+001
  1.724017e+003 -2.126114e+001
  1.737017e+003 -2.130090e+001
  1.750017e+003 -2.134050e+001
  1.763017e+003 -2.137992e+001
  1.776017e+003 -2.141918e+001
  1.789017e+003 -2.145826e+001
  1.802017e+003 -2.149718e+001
  1.815017e+003 -2.153594e+001
  1.828017e+003 -2.157454e+001
  1.841017e+003 -2.161297e+001
  1.854017e+003 -2.165125e+001
  1.867017e+003 -2.168938e+001
  1.880017e+003 -2.172735e+001
  1.893017e+003 -2.176517e+001
  1.906017e+003 -2.180285e+001
  1.919017e+003 -2.184038e+001
  1.932017e+003 -2.187776e+001
  1.945017e+003 -2.191500e+001
  1.958017e+003 -2.195210e+001
  1.971017e+003 -2.198906e+001
  1.984017e+003 -2.202589e+001
  1.997017e+003 -2.206258e+001
  2.010017e+003 -2.209913e+001
  2.023017e+003 -2.213556e+001
  2.036017e+003 -2.217185e+001
  2.049017e+003 -2.220802e+001
  2.062017e+003 -2.224405e+001
  2.075017e+003 -2.227997e+001
  2.088017e+003 -2.231576e+001
  2.101017e+003 -2.235143e+001
  2.114017e+003 -2.238697e+001
  2.127017e+003 -2.242240e+001
  2.140017e+003 -2.245771e+001
  2.153017e+003 -2.249291e+001
  2.166017e+003 -2.252799e+001
  2.179017e+003 -2.256297e+001
  2.192017e+003 -2.259785e+001
  2.205017e+003 -2.263261e+001
  2.218017e+003 -2.266727e+001
  2.231017e+003 -2.270183e+001
  2.244017e+003 -2.273629e+001
  2.257017e+003 -2.277065e+001
  2.270017e+003 -2.280490e+001
  2.283017e+003 -2.283905e+001
  2.296017e+003 -2.287310e+001
  2.309017e+003 -2.290705e+001
  2.322017e+003 -2.294091e+001
  2.335017e+003 -2.297468e+001
  2.348017e+003 -2.300835e+001
  2.361017e+003 -2.304193e+001
  2.374017e+003 -2.307541e+001
  2.387017e+003 -2.310881e+001
  2.400017e+003 -2.314211e+001
  2.413017e+003 -2.317532e+001
  2.426017e+003 -2.320845e+001
  2.439017e+003 -2.324148e+001
  2.452017e+003 -2.327443e+001
  2.465017e+003 -2.330729e+001
  2.478017e+003 -2.334007e+001
  2.491017e+003 -2.337276e+001
  2.504017e+003 -2.340537e+001
  2.517017e+003 -2.343790e+001
  2.530017e+003 -2.347035e+001
  2.543017e+003 -2.350272e+001
  2.556017e+003 -2.353501e+001
  2.569017e+003 -2.356722e+001
  2.582017e+003 -2.359935e+001
  2.595017e+003 -2.363141e+001
  2.600000e+003 -2.364369e+001

Curve 2
X : Time
Y : Thickness of Element [Node 1]

       X              Y       
------------------------------
  0.000000e+000  9.300000e-001
  2.600000e-001  9.266744e-001
  5.200000e-001  9.251230e-001
  8.320000e-001  9.241213e-001
  1.144000e+000  9.233528e-001
  1.518400e+000  9.223362e-001
  1.967680e+000  9.203437e-001
  2.506816e+000  9.180678e-001
  3.153779e+000  9.158658e-001
  3.930135e+000  9.137661e-001
  4.861762e+000  9.122644e-001
  5.793389e+000  9.109019e-001
  6.725016e+000  9.094891e-001
  7.842968e+000  9.082371e-001
  9.184511e+000  9.066473e-001
  1.079436e+001  9.048035e-001
  1.272618e+001  9.027663e-001
  1.504437e+001  9.005702e-001
  1.782619e+001  8.982301e-001
  2.116438e+001  8.957483e-001
  2.517021e+001  8.931187e-001
  2.997720e+001  8.911740e-001
  3.478419e+001  8.890606e-001
  4.055258e+001  8.865374e-001
  4.747464e+001  8.836692e-001
  5.578112e+001  8.813218e-001
  6.408761e+001  8.787906e-001
  7.405538e+001  8.757718e-001
  8.601671e+001  8.723320e-001
  9.901671e+001  8.688537e-001
  1.120167e+002  8.656310e-001
  1.250167e+002  8.632466e-001
  1.380167e+002  8.611599e-001
  1.510167e+002  8.591922e-001
  1.640167e+002  8.573140e-001
  1.770167e+002  8.552276e-001
  1.900167e+002  8.530686e-001
  2.030167e+002  8.509142e-001
  2.160167e+002  8.488030e-001
  2.290167e+002  8.467512e-001
  2.420167e+002  8.451810e-001
  2.550167e+002  8.434731e-001
  2.680167e+002  8.417133e-001
  2.810167e+002  8.399508e-001
  2.940167e+002  8.382104e-001
  3.070167e+002  8.365039e-001
  3.200167e+002  8.348357e-001
  3.330167e+002  8.332066e-001
  3.460167e+002  8.316158e-001
  3.590167e+002  8.300616e-001
  3.720167e+002  8.285421e-001
  3.850167e+002  8.270555e-001
  3.980167e+002  8.255997e-001
  4.110167e+002  8.241730e-001
  4.240167e+002  8.227739e-001
  4.370167e+002  8.214008e-001
  4.500167e+002  8.200522e-001
  4.630167e+002  8.187270e-001
  4.760167e+002  8.174240e-001
  4.890167e+002  8.161420e-001
  5.020167e+002  8.151713e-001
  5.150167e+002  8.140866e-001
  5.280167e+002  8.129438e-001
  5.410167e+002  8.117765e-001
  5.540167e+002  8.106037e-001
  5.670167e+002  8.094352e-001
  5.800167e+002  8.082761e-001
  5.930167e+002  8.071288e-001
  6.060167e+002  8.059944e-001
  6.190167e+002  8.048731e-001
  6.320167e+002  8.037650e-001
  6.450167e+002  8.026696e-001
  6.580167e+002  8.015868e-001
  6.710167e+002  8.005160e-001
  6.840167e+002  7.994570e-001
  6.970167e+002  7.984095e-001
  7.100167e+002  7.973729e-001
  7.230167e+002  7.963470e-001
  7.360167e+002  7.953315e-001
  7.490167e+002  7.943261e-001
  7.620167e+002  7.933303e-001
  7.750167e+002  7.923441e-001
  7.880167e+002  7.913670e-001
  8.010167e+002  7.903988e-001
  8.140167e+002  7.894392e-001
  8.270167e+002  7.884881e-001
  8.400167e+002  7.875451e-001
  8.530167e+002  7.866101e-001
  8.660167e+002  7.856828e-001
  8.790167e+002  7.847631e-001
  8.920167e+002  7.838507e-001
  9.050167e+002  7.829455e-001
  9.180167e+002  7.820472e-001
  9.310167e+002  7.811557e-001
  9.440167e+002  7.802709e-001
  9.570167e+002  7.793926e-001
  9.700167e+002  7.785205e-001
  9.830167e+002  7.776546e-001
  9.960167e+002  7.767947e-001
  1.009017e+003  7.759407e-001
  1.022017e+003  7.750925e-001
  1.035017e+003  7.742499e-001
  1.048017e+003  7.734127e-001
  1.061017e+003  7.725810e-001
  1.074017e+003  7.717545e-001
  1.087017e+003  7.709331e-001
  1.100017e+003  7.701168e-001
  1.113017e+003  7.693054e-001
  1.126017e+003  7.684988e-001
  1.139017e+003  7.676969e-001
  1.152017e+003  7.668997e-001
  1.165017e+003  7.661070e-001
  1.178017e+003  7.653188e-001
  1.191017e+003  7.645350e-001
  1.204017e+003  7.637553e-001
  1.217017e+003  7.629799e-001
  1.230017e+003  7.622087e-001
  1.243017e+003  7.614414e-001
  1.256017e+003  7.606782e-001
  1.269017e+003  7.599188e-001
  1.282017e+003  7.591633e-001
  1.295017e+003  7.584115e-001
  1.308017e+003  7.576634e-001
  1.321017e+003  7.569190e-001
  1.334017e+003  7.561781e-001
  1.347017e+003  7.554407e-001
  1.360017e+003  7.547069e-001
  1.373017e+003  7.539764e-001
  1.386017e+003  7.532492e-001
  1.399017e+003  7.525253e-001
  1.412017e+003  7.518047e-001
  1.425017e+003  7.510873e-001
  1.438017e+003  7.503730e-001
  1.451017e+003  7.496618e-001
  1.464017e+003  7.489537e-001
  1.477017e+003  7.482485e-001
  1.490017e+003  7.475463e-001
  1.503017e+003  7.468470e-001
  1.516017e+003  7.461506e-001
  1.529017e+003  7.454570e-001
  1.542017e+003  7.447662e-001
  1.555017e+003  7.440781e-001
  1.568017e+003  7.433928e-001
  1.581017e+003  7.427101e-001
  1.594017e+003  7.420300e-001
  1.607017e+003  7.413525e-001
  1.620017e+003  7.406776e-001
  1.633017e+003  7.400052e-001
  1.646017e+003  7.393352e-001
  1.659017e+003  7.386677e-001
  1.672017e+003  7.380026e-001
  1.685017e+003  7.373399e-001
  1.698017e+003  7.366796e-001
  1.711017e+003  7.360218e-001
  1.724017e+003  7.353661e-001
  1.737017e+003  7.347127e-001
  1.750017e+003  7.340614e-001
  1.763017e+003  7.334123e-001
  1.776017e+003  7.327654e-001
  1.789017e+003  7.321207e-001
  1.802017e+003  7.314780e-001
  1.815017e+003  7.308374e-001
  1.828017e+003  7.301988e-001
  1.841017e+003  7.295622e-001
  1.854017e+003  7.289277e-001
  1.867017e+003  7.282951e-001
  1.880017e+003  7.276645e-001
  1.893017e+003  7.270358e-001
  1.906017e+003  7.264090e-001
  1.919017e+003  7.257841e-001
  1.932017e+003  7.251610e-001
  1.945017e+003  7.245397e-001
  1.958017e+003  7.239203e-001
  1.971017e+003  7.233026e-001
  1.984017e+003  7.226867e-001
  1.997017e+003  7.220725e-001
  2.010017e+003  7.214600e-001
  2.023017e+003  7.208492e-001
  2.036017e+003  7.202401e-001
  2.049017e+003  7.196327e-001
  2.062017e+003  7.190269e-001
  2.075017e+003  7.184227e-001
  2.088017e+003  7.178201e-001
  2.101017e+003  7.172190e-001
  2.114017e+003  7.166196e-001
  2.127017e+003  7.160216e-001
  2.140017e+003  7.154252e-001
  2.153017e+003  7.148303e-001
  2.166017e+003  7.142369e-001
  2.179017e+003  7.136449e-001
  2.192017e+003  7.130544e-001
  2.205017e+003  7.124653e-001
  2.218017e+003  7.118777e-001
  2.231017e+003  7.112914e-001
  2.244017e+003  7.107066e-001
  2.257017e+003  7.101231e-001
  2.270017e+003  7.095409e-001
  2.283017e+003  7.089601e-001
  2.296017e+003  7.083806e-001
  2.309017e+003  7.078025e-001
  2.322017e+003  7.072256e-001
  2.335017e+003  7.066500e-001
  2.348017e+003  7.060757e-001
  2.361017e+003  7.055026e-001
  2.374017e+003  7.049308e-001
  2.387017e+003  7.043602e-001
  2.400017e+003  7.037907e-001
  2.413017e+003  7.032225e-001
  2.426017e+003  7.026555e-001
  2.439017e+003  7.020897e-001
  2.452017e+003  7.015250e-001
  2.465017e+003  7.009615e-001
  2.478017e+003  7.003991e-001
  2.491017e+003  6.998378e-001
  2.504017e+003  6.992777e-001
  2.517017e+003  6.987186e-001
  2.530017e+003  6.981606e-001
  2.543017e+003  6.976037e-001
  2.556017e+003  6.970479e-001
  2.569017e+003  6.964931e-001
  2.582017e+003  6.959394e-001
  2.595017e+003  6.953867e-001
  2.600000e+003  6.951750e-001
