HISTORY PLOT
job1

Curve 1
X : Time
Y : Displacement Y [Node 1]

       X              Y       
------------------------------
  0.000000e+000  0.000000e+000
  7.000000e-002 -2.942487e+000
  1.400000e-001 -3.479796e+000
  2.240000e-001 -3.835093e+000
  3.080000e-001 -4.093201e+000
  3.780000e-001 -4.333830e+000
  4.620000e-001 -4.668674e+000
  5.628000e-001 -5.042855e+000
  6.837600e-001 -5.411023e+000
  8.289120e-001 -5.758157e+000
  1.003094e+000 -6.084157e+000
  1.212113e+000 -6.297013e+000
  1.421132e+000 -6.474523e+000
  1.630151e+000 -6.662904e+000
  1.880974e+000 -6.880398e+000
  2.181961e+000 -7.117958e+000
  2.543145e+000 -7.369608e+000
  2.976567e+000 -7.631970e+000
  3.496673e+000 -7.903376e+000
  4.120800e+000 -8.183223e+000
  4.869752e+000 -8.471539e+000
  5.768495e+000 -8.768719e+000
  6.846987e+000 -9.028726e+000
  8.141176e+000 -9.266870e+000
  9.435367e+000 -9.478892e+000
  1.098839e+001 -9.744187e+000
  1.285203e+001 -1.004952e+001
  1.508839e+001 -1.030772e+001
  1.732475e+001 -1.057677e+001
  2.000838e+001 -1.088812e+001
  2.322874e+001 -1.123260e+001
  2.672874e+001 -1.157113e+001
  3.022874e+001 -1.187673e+001
  3.372874e+001 -1.209629e+001
  3.722874e+001 -1.228541e+001
  4.072874e+001 -1.246310e+001
  4.422874e+001 -1.263061e+001
  4.772874e+001 -1.281447e+001
  5.122874e+001 -1.300241e+001
  5.472874e+001 -1.318768e+001
  5.822874e+001 -1.336710e+001
  6.172874e+001 -1.353953e+001
  6.522874e+001 -1.366999e+001
  6.872874e+001 -1.381069e+001
  7.222874e+001 -1.395451e+001
  7.572874e+001 -1.409737e+001
  7.922874e+001 -1.423726e+001
  8.272874e+001 -1.437334e+001
  8.622874e+001 -1.450535e+001
  8.972874e+001 -1.463330e+001
  9.322874e+001 -1.475736e+001
  9.672874e+001 -1.487774e+001
  1.002287e+002 -1.499467e+001
  1.037287e+002 -1.510836e+001
  1.072287e+002 -1.521902e+001
  1.107287e+002 -1.532686e+001
  1.142287e+002 -1.543187e+001
  1.177287e+002 -1.553438e+001
  1.212287e+002 -1.563457e+001
  1.247287e+002 -1.573259e+001
  1.282287e+002 -1.582867e+001
  1.317287e+002 -1.592285e+001
  1.352287e+002 -1.599684e+001
  1.387287e+002 -1.607765e+001
  1.422287e+002 -1.616162e+001
  1.457287e+002 -1.624660e+001
  1.492287e+002 -1.633142e+001
  1.527287e+002 -1.641547e+001
  1.562287e+002 -1.649848e+001
  1.597287e+002 -1.658031e+001
  1.632287e+002 -1.666091e+001
  1.667287e+002 -1.674029e+001
  1.702287e+002 -1.681848e+001
  1.737287e+002 -1.689550e+001
  1.772287e+002 -1.697140e+001
  1.807287e+002 -1.704620e+001
  1.842287e+002 -1.711995e+001
  1.877287e+002 -1.719269e+001
  1.912287e+002 -1.726444e+001
  1.947287e+002 -1.733524e+001
  1.982287e+002 -1.740514e+001
  2.017287e+002 -1.747415e+001
  2.052287e+002 -1.754230e+001
  2.087287e+002 -1.760962e+001
  2.122287e+002 -1.767613e+001
  2.157287e+002 -1.774187e+001
  2.192287e+002 -1.780685e+001
  2.227287e+002 -1.787109e+001
  2.262287e+002 -1.793463e+001
  2.297287e+002 -1.799748e+001
  2.332287e+002 -1.805966e+001
  2.367287e+002 -1.812119e+001
  2.402287e+002 -1.818208e+001
  2.437287e+002 -1.824236e+001
  2.472287e+002 -1.830205e+001
  2.507287e+002 -1.836115e+001
  2.542287e+002 -1.841968e+001
  2.577287e+002 -1.847767e+001
  2.612287e+002 -1.853511e+001
  2.647287e+002 -1.859204e+001
  2.682287e+002 -1.864845e+001
  2.717287e+002 -1.870436e+001
  2.752287e+002 -1.875980e+001
  2.787287e+002 -1.881477e+001
  2.822287e+002 -1.886930e+001
  2.857287e+002 -1.892340e+001
  2.892287e+002 -1.897708e+001
  2.927287e+002 -1.903032e+001
  2.962287e+002 -1.908316e+001
  2.997287e+002 -1.913560e+001
  3.032287e+002 -1.918764e+001
  3.067287e+002 -1.923930e+001
  3.102287e+002 -1.929058e+001
  3.137287e+002 -1.934149e+001
  3.172287e+002 -1.939204e+001
  3.207287e+002 -1.944223e+001
  3.242287e+002 -1.949207e+001
  3.277287e+002 -1.954157e+001
  3.312287e+002 -1.959074e+001
  3.347287e+002 -1.963959e+001
  3.382287e+002 -1.968811e+001
  3.417287e+002 -1.973631e+001
  3.452287e+002 -1.978421e+001
  3.487287e+002 -1.983180e+001
  3.522287e+002 -1.987909e+001
  3.557287e+002 -1.992609e+001
  3.592287e+002 -1.997280e+001
  3.627287e+002 -2.001922e+001
  3.662287e+002 -2.006537e+001
  3.697287e+002 -2.011124e+001
  3.732287e+002 -2.015684e+001
  3.767287e+002 -2.020218e+001
  3.802287e+002 -2.024726e+001
  3.837287e+002 -2.029207e+001
  3.872287e+002 -2.033664e+001
  3.907287e+002 -2.038096e+001
  3.942287e+002 -2.042503e+001
  3.977287e+002 -2.046887e+001
  4.012287e+002 -2.051246e+001
  4.047287e+002 -2.055583e+001
  4.082287e+002 -2.059896e+001
  4.117287e+002 -2.064187e+001
  4.152287e+002 -2.068456e+001
  4.187287e+002 -2.072703e+001
  4.222287e+002 -2.076928e+001
  4.257287e+002 -2.081132e+001
  4.292287e+002 -2.085315e+001
  4.327287e+002 -2.089478e+001
  4.362287e+002 -2.093620e+001
  4.397287e+002 -2.097742e+001
  4.432287e+002 -2.101845e+001
  4.467287e+002 -2.105928e+001
  4.502287e+002 -2.109993e+001
  4.537287e+002 -2.114038e+001
  4.572287e+002 -2.118065e+001
  4.607287e+002 -2.122073e+001
  4.642287e+002 -2.126064e+001
  4.677287e+002 -2.130037e+001
  4.712287e+002 -2.133992e+001
  4.747287e+002 -2.137930e+001
  4.782287e+002 -2.141852e+001
  4.817287e+002 -2.145756e+001
  4.852287e+002 -2.149644e+001
  4.887287e+002 -2.153516e+001
  4.922287e+002 -2.157372e+001
  4.957287e+002 -2.161211e+001
  4.992287e+002 -2.165036e+001
  5.027287e+002 -2.168844e+001
  5.062287e+002 -2.172638e+001
  5.097287e+002 -2.176416e+001
  5.132288e+002 -2.180180e+001
  5.167288e+002 -2.183929e+001
  5.202288e+002 -2.187663e+001
  5.237288e+002 -2.191384e+001
  5.272288e+002 -2.195090e+001
  5.307288e+002 -2.198782e+001
  5.342288e+002 -2.202461e+001
  5.377288e+002 -2.206126e+001
  5.412288e+002 -2.209778e+001
  5.447288e+002 -2.213417e+001
  5.482288e+002 -2.217043e+001
  5.517288e+002 -2.220656e+001
  5.552288e+002 -2.224256e+001
  5.587288e+002 -2.227844e+001
  5.622288e+002 -2.231419e+001
  5.657288e+002 -2.234983e+001
  5.692288e+002 -2.238534e+001
  5.727288e+002 -2.242073e+001
  5.762288e+002 -2.245601e+001
  5.797288e+002 -2.249117e+001
  5.832288e+002 -2.252622e+001
  5.867288e+002 -2.256117e+001
  5.902288e+002 -2.259601e+001
  5.937288e+002 -2.263075e+001
  5.972288e+002 -2.266538e+001
  6.007288e+002 -2.269991e+001
  6.042288e+002 -2.273433e+001
  6.077288e+002 -2.276866e+001
  6.112288e+002 -2.280288e+001
  6.147288e+002 -2.283700e+001
  6.182288e+002 -2.287102e+001
  6.217288e+002 -2.290495e+001
  6.252288e+002 -2.293878e+001
  6.287288e+002 -2.297251e+001
  6.322288e+002 -2.300615e+001
  6.357288e+002 -2.303970e+001
  6.392288e+002 -2.307316e+001
  6.427288e+002 -2.310652e+001
  6.462288e+002 -2.313979e+001
  6.497288e+002 -2.317298e+001
  6.532288e+002 -2.320607e+001
  6.567288e+002 -2.323907e+001
  6.602288e+002 -2.327199e+001
  6.637288e+002 -2.330483e+001
  6.672288e+002 -2.333757e+001
  6.707288e+002 -2.337024e+001
  6.742288e+002 -2.340282e+001
  6.777288e+002 -2.343532e+001
  6.812288e+002 -2.346774e+001
  6.847288e+002 -2.350009e+001
  6.882288e+002 -2.353235e+001
  6.917288e+002 -2.356453e+001
  6.952288e+002 -2.359664e+001
  6.987288e+002 -2.362867e+001
  7.000000e+002 -2.364030e+001

Curve 2
X : Time
Y : Thickness of Element [Node 1]

       X              Y       
------------------------------
  0.000000e+000  9.300000e-001
  7.000000e-002  9.263850e-001
  1.400000e-001  9.248653e-001
  2.240000e-001  9.236570e-001
  3.080000e-001  9.226984e-001
  3.780000e-001  9.217606e-001
  4.620000e-001  9.203459e-001
  5.628000e-001  9.186719e-001
  6.837600e-001  9.169069e-001
  8.289120e-001  9.151268e-001
  1.003094e+000  9.133498e-001
  1.212113e+000  9.121214e-001
  1.421132e+000  9.110629e-001
  1.630151e+000  9.099099e-001
  1.880974e+000  9.085409e-001
  2.181961e+000  9.069990e-001
  2.543145e+000  9.053111e-001
  2.976567e+000  9.034908e-001
  3.496673e+000  9.015425e-001
  4.120800e+000  8.994640e-001
  4.869752e+000  8.972490e-001
  5.768495e+000  8.948883e-001
  6.846987e+000  8.927579e-001
  8.141176e+000  8.907454e-001
  9.435367e+000  8.889126e-001
  1.098839e+001  8.865715e-001
  1.285203e+001  8.838096e-001
  1.508839e+001  8.814026e-001
  1.732475e+001  8.788387e-001
  2.000838e+001  8.758010e-001
  2.322874e+001  8.723514e-001
  2.672874e+001  8.688694e-001
  3.022874e+001  8.656461e-001
  3.372874e+001  8.632828e-001
  3.722874e+001  8.612106e-001
  4.072874e+001  8.592373e-001
  4.422874e+001  8.573554e-001
  4.772874e+001  8.552672e-001
  5.122874e+001  8.531075e-001
  5.472874e+001  8.509530e-001
  5.822874e+001  8.488420e-001
  6.172874e+001  8.467906e-001
  6.522874e+001  8.452226e-001
  6.872874e+001  8.435161e-001
  7.222874e+001  8.417573e-001
  7.572874e+001  8.399954e-001
  7.922874e+001  8.382557e-001
  8.272874e+001  8.365496e-001
  8.622874e+001  8.348818e-001
  8.972874e+001  8.332531e-001
  9.322874e+001  8.316627e-001
  9.672874e+001  8.301089e-001
  1.002287e+002  8.285897e-001
  1.037287e+002  8.271034e-001
  1.072287e+002  8.256480e-001
  1.107287e+002  8.242217e-001
  1.142287e+002  8.228229e-001
  1.177287e+002  8.214501e-001
  1.212287e+002  8.201018e-001
  1.247287e+002  8.187769e-001
  1.282287e+002  8.174742e-001
  1.317287e+002  8.161925e-001
  1.352287e+002  8.151822e-001
  1.387287e+002  8.140749e-001
  1.422287e+002  8.129202e-001
  1.457287e+002  8.117472e-001
  1.492287e+002  8.105719e-001
  1.527287e+002  8.094028e-001
  1.562287e+002  8.082441e-001
  1.597287e+002  8.070976e-001
  1.632287e+002  8.059642e-001
  1.667287e+002  8.048440e-001
  1.702287e+002  8.037370e-001
  1.737287e+002  8.026427e-001
  1.772287e+002  8.015610e-001
  1.807287e+002  8.004913e-001
  1.842287e+002  7.994334e-001
  1.877287e+002  7.983868e-001
  1.912287e+002  7.973513e-001
  1.947287e+002  7.963264e-001
  1.982287e+002  7.953118e-001
  2.017287e+002  7.943072e-001
  2.052287e+002  7.933123e-001
  2.087287e+002  7.923269e-001
  2.122287e+002  7.913506e-001
  2.157287e+002  7.903831e-001
  2.192287e+002  7.894244e-001
  2.227287e+002  7.884740e-001
  2.262287e+002  7.875317e-001
  2.297287e+002  7.865974e-001
  2.332287e+002  7.856709e-001
  2.367287e+002  7.847518e-001
  2.402287e+002  7.838400e-001
  2.437287e+002  7.829355e-001
  2.472287e+002  7.820378e-001
  2.507287e+002  7.811470e-001
  2.542287e+002  7.802627e-001
  2.577287e+002  7.793849e-001
  2.612287e+002  7.785134e-001
  2.647287e+002  7.776481e-001
  2.682287e+002  7.767888e-001
  2.717287e+002  7.759353e-001
  2.752287e+002  7.750876e-001
  2.787287e+002  7.742455e-001
  2.822287e+002  7.734088e-001
  2.857287e+002  7.725775e-001
  2.892287e+002  7.717515e-001
  2.927287e+002  7.709306e-001
  2.962287e+002  7.701147e-001
  2.997287e+002  7.693038e-001
  3.032287e+002  7.684976e-001
  3.067287e+002  7.676962e-001
  3.102287e+002  7.668994e-001
  3.137287e+002  7.661071e-001
  3.172287e+002  7.653193e-001
  3.207287e+002  7.645358e-001
  3.242287e+002  7.637566e-001
  3.277287e+002  7.629816e-001
  3.312287e+002  7.622107e-001
  3.347287e+002  7.614438e-001
  3.382287e+002  7.606809e-001
  3.417287e+002  7.599219e-001
  3.452287e+002  7.591667e-001
  3.487287e+002  7.584152e-001
  3.522287e+002  7.576675e-001
  3.557287e+002  7.569234e-001
  3.592287e+002  7.561828e-001
  3.627287e+002  7.554458e-001
  3.662287e+002  7.547122e-001
  3.697287e+002  7.539820e-001
  3.732287e+002  7.532551e-001
  3.767287e+002  7.525316e-001
  3.802287e+002  7.518112e-001
  3.837287e+002  7.510941e-001
  3.872287e+002  7.503801e-001
  3.907287e+002  7.496691e-001
  3.942287e+002  7.489612e-001
  3.977287e+002  7.482564e-001
  4.012287e+002  7.475544e-001
  4.047287e+002  7.468554e-001
  4.082287e+002  7.461592e-001
  4.117287e+002  7.454659e-001
  4.152287e+002  7.447753e-001
  4.187287e+002  7.440875e-001
  4.222287e+002  7.434023e-001
  4.257287e+002  7.427199e-001
  4.292287e+002  7.420400e-001
  4.327287e+002  7.413628e-001
  4.362287e+002  7.406880e-001
  4.397287e+002  7.400158e-001
  4.432287e+002  7.393461e-001
  4.467287e+002  7.386788e-001
  4.502287e+002  7.380139e-001
  4.537287e+002  7.373514e-001
  4.572287e+002  7.366913e-001
  4.607287e+002  7.360334e-001
  4.642287e+002  7.353779e-001
  4.677287e+002  7.347245e-001
  4.712287e+002  7.340734e-001
  4.747287e+002  7.334245e-001
  4.782287e+002  7.327778e-001
  4.817287e+002  7.321331e-001
  4.852287e+002  7.314906e-001
  4.887287e+002  7.308501e-001
  4.922287e+002  7.302117e-001
  4.957287e+002  7.295754e-001
  4.992287e+002  7.289410e-001
  5.027287e+002  7.283085e-001
  5.062287e+002  7.276781e-001
  5.097287e+002  7.270495e-001
  5.132288e+002  7.264228e-001
  5.167288e+002  7.257980e-001
  5.202288e+002  7.251751e-001
  5.237288e+002  7.245540e-001
  5.272288e+002  7.239346e-001
  5.307288e+002  7.233171e-001
  5.342288e+002  7.227013e-001
  5.377288e+002  7.220872e-001
  5.412288e+002  7.214749e-001
  5.447288e+002  7.208642e-001
  5.482288e+002  7.202552e-001
  5.517288e+002  7.196479e-001
  5.552288e+002  7.190422e-001
  5.587288e+002  7.184381e-001
  5.622288e+002  7.178356e-001
  5.657288e+002  7.172347e-001
  5.692288e+002  7.166353e-001
  5.727288e+002  7.160374e-001
  5.762288e+002  7.154411e-001
  5.797288e+002  7.148463e-001
  5.832288e+002  7.142530e-001
  5.867288e+002  7.136611e-001
  5.902288e+002  7.130707e-001
  5.937288e+002  7.124817e-001
  5.972288e+002  7.118941e-001
  6.007288e+002  7.113080e-001
  6.042288e+002  7.107232e-001
  6.077288e+002  7.101397e-001
  6.112288e+002  7.095577e-001
  6.147288e+002  7.089769e-001
  6.182288e+002  7.083975e-001
  6.217288e+002  7.078194e-001
  6.252288e+002  7.072426e-001
  6.287288e+002  7.066671e-001
  6.322288e+002  7.060928e-001
  6.357288e+002  7.055198e-001
  6.392288e+002  7.049480e-001
  6.427288e+002  7.043775e-001
  6.462288e+002  7.038081e-001
  6.497288e+002  7.032400e-001
  6.532288e+002  7.026730e-001
  6.567288e+002  7.021072e-001
  6.602288e+002  7.015426e-001
  6.637288e+002  7.009791e-001
  6.672288e+002  7.004168e-001
  6.707288e+002  6.998555e-001
  6.742288e+002  6.992954e-001
  6.777288e+002  6.987364e-001
  6.812288e+002  6.981785e-001
  6.847288e+002  6.976216e-001
  6.882288e+002  6.970658e-001
  6.917288e+002  6.965111e-001
  6.952288e+002  6.959574e-001
  6.987288e+002  6.954047e-001
  7.000000e+002  6.952042e-001
