HISTORY PLOT
job1

Curve 1
X : Time
Y : Displacement Y [Node 1]

       X              Y       
------------------------------
  0.000000e+000  0.000000e+000
  4.500000e-001 -3.673757e+000
  9.000000e-001 -4.291950e+000
  1.440000e+000 -4.788226e+000
  1.980000e+000 -5.101300e+000
  2.520000e+000 -5.306904e+000
  3.060000e+000 -6.142760e+000
  3.600000e+000 -6.670612e+000
  4.140000e+000 -7.079350e+000
  4.680000e+000 -7.476138e+000
  5.328000e+000 -7.893817e+000
  6.105600e+000 -8.311743e+000
  7.038720e+000 -8.722054e+000
  8.158464e+000 -9.023643e+000
  9.502157e+000 -9.289145e+000
  1.084585e+001 -9.524496e+000
  1.218954e+001 -9.777609e+000
  1.380197e+001 -1.007518e+001
  1.573689e+001 -1.032875e+001
  1.767181e+001 -1.059270e+001
  1.999371e+001 -1.089883e+001
  2.277999e+001 -1.123810e+001
  2.612353e+001 -1.160408e+001
  3.013577e+001 -1.199277e+001
  3.495047e+001 -1.228868e+001
  3.976516e+001 -1.253960e+001
  4.377741e+001 -1.274123e+001
  4.778965e+001 -1.296063e+001
  5.260435e+001 -1.322649e+001
  5.838198e+001 -1.353403e+001
  6.531514e+001 -1.379326e+001
  7.224830e+001 -1.407053e+001
  8.056809e+001 -1.440203e+001
  9.055184e+001 -1.478139e+001
  1.025323e+002 -1.520399e+001
  1.169089e+002 -1.555174e+001
  1.312855e+002 -1.586629e+001
  1.432660e+002 -1.611973e+001
  1.552465e+002 -1.639104e+001
  1.696231e+002 -1.671888e+001
  1.868751e+002 -1.710023e+001
  2.075774e+002 -1.742622e+001
  2.282797e+002 -1.777785e+001
  2.507797e+002 -1.816430e+001
  2.732797e+002 -1.854230e+001
  2.957797e+002 -1.881981e+001
  3.182797e+002 -1.907497e+001
  3.407797e+002 -1.933536e+001
  3.595297e+002 -1.953197e+001
  3.820297e+002 -1.979673e+001
  4.045297e+002 -2.007415e+001
  4.270297e+002 -2.035423e+001
  4.495297e+002 -2.063147e+001
  4.720297e+002 -2.090314e+001
  4.945297e+002 -2.116809e+001
  5.170297e+002 -2.136908e+001
  5.395297e+002 -2.158842e+001
  5.620297e+002 -2.181615e+001
  5.845297e+002 -2.204618e+001
  6.070297e+002 -2.227518e+001
  6.295297e+002 -2.250142e+001
  6.520297e+002 -2.267805e+001
  6.745297e+002 -2.287111e+001
  6.970297e+002 -2.303024e+001
  7.157797e+002 -2.318034e+001
  7.382797e+002 -2.337184e+001
  7.607797e+002 -2.352543e+001
  7.795297e+002 -2.367002e+001
  8.020297e+002 -2.385445e+001
  8.245297e+002 -2.404407e+001
  8.470297e+002 -2.423550e+001
  8.695297e+002 -2.442685e+001
  8.920297e+002 -2.461712e+001
  9.145297e+002 -2.480581e+001
  9.370297e+002 -2.499269e+001
  9.595297e+002 -2.517769e+001
  9.820297e+002 -2.536083e+001
  1.004530e+003 -2.549397e+001
  1.027030e+003 -2.563607e+001
  1.045780e+003 -2.576663e+001
  1.068280e+003 -2.593134e+001
  1.090780e+003 -2.610007e+001
  1.113280e+003 -2.627051e+001
  1.135780e+003 -2.644135e+001
  1.158280e+003 -2.661192e+001
  1.180780e+003 -2.674298e+001
  1.203280e+003 -2.687306e+001
  1.225780e+003 -2.701866e+001
  1.248280e+003 -2.714400e+001
  1.270780e+003 -2.728609e+001
  1.293280e+003 -2.743815e+001
  1.315780e+003 -2.759575e+001
  1.338280e+003 -2.772217e+001
  1.360780e+003 -2.786397e+001
  1.383280e+003 -2.801490e+001
  1.405780e+003 -2.817095e+001
  1.428280e+003 -2.832970e+001
  1.450780e+003 -2.848978e+001
  1.473280e+003 -2.865043e+001
  1.495780e+003 -2.881124e+001
  1.518280e+003 -2.897199e+001
  1.540780e+003 -2.913259e+001
  1.563280e+003 -2.929299e+001
  1.585780e+003 -2.945319e+001
  1.608280e+003 -2.961320e+001
  1.630780e+003 -2.977304e+001
  1.653280e+003 -2.993276e+001
  1.675780e+003 -3.009238e+001
  1.698280e+003 -3.025193e+001
  1.720780e+003 -3.037014e+001
  1.743280e+003 -3.050511e+001
  1.765780e+003 -3.065042e+001
  1.788280e+003 -3.080188e+001
  1.810780e+003 -3.095694e+001
  1.833280e+003 -3.111412e+001
  1.855780e+003 -3.127261e+001
  1.878280e+003 -3.139789e+001
  1.900780e+003 -3.153776e+001
  1.923280e+003 -3.169015e+001
  1.945780e+003 -3.184644e+001
  1.968280e+003 -3.196916e+001
  1.990780e+003 -3.210798e+001
  2.013280e+003 -3.225685e+001
  2.035780e+003 -3.241186e+001
  2.058280e+003 -3.257065e+001
  2.080780e+003 -3.269922e+001
  2.103280e+003 -3.284272e+001
  2.125780e+003 -3.299553e+001
  2.148280e+003 -3.315410e+001
  2.170780e+003 -3.331632e+001
  2.193280e+003 -3.348098e+001
  2.215780e+003 -3.364742e+001
  2.238280e+003 -3.381527e+001
  2.260780e+003 -3.398437e+001
  2.283280e+003 -3.415463e+001
  2.305780e+003 -3.432603e+001
  2.328280e+003 -3.449858e+001
  2.350780e+003 -3.467231e+001
  2.373280e+003 -3.484727e+001
  2.395780e+003 -3.502349e+001
  2.418280e+003 -3.520105e+001
  2.440780e+003 -3.537998e+001
  2.463280e+003 -3.556037e+001
  2.485780e+003 -3.574227e+001
  2.508280e+003 -3.592575e+001
  2.530780e+003 -3.606866e+001
  2.553280e+003 -3.623013e+001
  2.575780e+003 -3.640363e+001
  2.598280e+003 -3.658500e+001
  2.620780e+003 -3.677175e+001
  2.643280e+003 -3.696251e+001
  2.665780e+003 -3.715867e+001
  2.688280e+003 -3.731096e+001
  2.710780e+003 -3.748356e+001
  2.733280e+003 -3.766957e+001
  2.755780e+003 -3.783344e+001
  2.774530e+003 -3.798553e+001
  2.797030e+003 -3.818015e+001
  2.819530e+003 -3.838308e+001
  2.842030e+003 -3.859218e+001
  2.864530e+003 -3.876619e+001
  2.887030e+003 -3.896031e+001
  2.909530e+003 -3.916801e+001
  2.932030e+003 -3.938524e+001
  2.954530e+003 -3.960970e+001
  2.977030e+003 -3.984015e+001
  2.999530e+003 -4.007597e+001
  3.022030e+003 -4.031694e+001
  3.044530e+003 -4.056305e+001
  3.067030e+003 -4.081442e+001
  3.089530e+003 -4.107126e+001
  3.112030e+003 -4.133386e+001
  3.134530e+003 -4.160254e+001
  3.157030e+003 -4.187766e+001
  3.179530e+003 -4.215966e+001
  3.202030e+003 -4.244899e+001
  3.224530e+003 -4.274618e+001
  3.247030e+003 -4.305179e+001
  3.269530e+003 -4.336647e+001
  3.292030e+003 -4.369752e+001
  3.314530e+003 -4.403602e+001
  3.337030e+003 -4.433557e+001
  3.359530e+003 -4.463691e+001
  3.378280e+003 -4.487743e+001
  3.397030e+003 -4.515291e+001
  3.419530e+003 -4.551447e+001
  3.442030e+003 -4.591576e+001
  3.464530e+003 -4.633500e+001
  3.487030e+003 -4.677477e+001
  3.509530e+003 -4.723780e+001
  3.532030e+003 -4.772715e+001
  3.554530e+003 -4.824635e+001
  3.577030e+003 -4.879969e+001
  3.599530e+003 -4.939249e+001
  3.622030e+003 -5.003141e+001
  3.644530e+003 -5.072500e+001
  3.667030e+003 -5.148449e+001
  3.689530e+003 -5.232493e+001
  3.712030e+003 -5.326726e+001
  3.734530e+003 -5.442644e+001
  3.757030e+003 -5.584145e+001
  3.779530e+003 -5.762947e+001
  3.802030e+003 -6.040010e+001
  3.815305e+003 -6.292060e+001
  3.823372e+003 -6.558735e+001
  3.828410e+003 -6.859312e+001
  3.830590e+003 -7.098779e+001
  3.831967e+003 -7.412302e+001
  3.832349e+003 -7.546932e+001
  3.832668e+003 -7.783152e+001
  3.832782e+003 -7.944766e+001
  3.832849e+003 -8.114870e+001
  3.832894e+003 -8.285224e+001

Curve 2
X : Time
Y : Thickness of Element [Node 1]

       X              Y       
------------------------------
  0.000000e+000  9.300000e-001
  4.500000e-001  9.250242e-001
  9.000000e-001  9.228026e-001
  1.440000e+000  9.206913e-001
  1.980000e+000  9.192297e-001
  2.520000e+000  9.182118e-001
  3.060000e+000  9.135965e-001
  3.600000e+000  9.103871e-001
  4.140000e+000  9.077280e-001
  4.680000e+000  9.050236e-001
  5.328000e+000  9.020373e-001
  6.105600e+000  8.988976e-001
  7.038720e+000  8.956632e-001
  8.158464e+000  8.931853e-001
  9.502157e+000  8.909183e-001
  1.084585e+001  8.888541e-001
  1.218954e+001  8.865848e-001
  1.380197e+001  8.838520e-001
  1.573689e+001  8.814522e-001
  1.767181e+001  8.789002e-001
  1.999371e+001  8.758723e-001
  2.277999e+001  8.724310e-001
  2.612353e+001  8.686174e-001
  3.013577e+001  8.644523e-001
  3.495047e+001  8.611808e-001
  3.976516e+001  8.583522e-001
  4.377741e+001  8.560427e-001
  4.778965e+001  8.534976e-001
  5.260435e+001  8.503692e-001
  5.838198e+001  8.466896e-001
  6.531514e+001  8.435221e-001
  7.224830e+001  8.400836e-001
  8.056809e+001  8.359050e-001
  9.055184e+001  8.310345e-001
  1.025323e+002  8.254987e-001
  1.169089e+002  8.208305e-001
  1.312855e+002  8.165371e-001
  1.432660e+002  8.130299e-001
  1.552465e+002  8.092368e-001
  1.696231e+002  8.046001e-001
  1.868751e+002  7.991335e-001
  2.075774e+002  7.943766e-001
  2.282797e+002  7.891818e-001
  2.507797e+002  7.833982e-001
  2.732797e+002  7.776656e-001
  2.957797e+002  7.733991e-001
  3.182797e+002  7.694354e-001
  3.407797e+002  7.653533e-001
  3.595297e+002  7.622534e-001
  3.820297e+002  7.580531e-001
  4.045297e+002  7.536206e-001
  4.270297e+002  7.491119e-001
  4.495297e+002  7.446154e-001
  4.720297e+002  7.401769e-001
  4.945297e+002  7.358173e-001
  5.170297e+002  7.324815e-001
  5.395297e+002  7.288223e-001
  5.620297e+002  7.250034e-001
  5.845297e+002  7.211254e-001
  6.070297e+002  7.172450e-001
  6.295297e+002  7.133923e-001
  6.520297e+002  7.103709e-001
  6.745297e+002  7.070570e-001
  6.970297e+002  7.043143e-001
  7.157797e+002  7.017203e-001
  7.382797e+002  6.984008e-001
  7.607797e+002  6.957288e-001
  7.795297e+002  6.932073e-001
  8.020297e+002  6.899822e-001
  8.245297e+002  6.866572e-001
  8.470297e+002  6.832909e-001
  8.695297e+002  6.799161e-001
  8.920297e+002  6.765507e-001
  9.145297e+002  6.732040e-001
  9.370297e+002  6.698803e-001
  9.595297e+002  6.665812e-001
  9.820297e+002  6.633070e-001
  1.004530e+003  6.609208e-001
  1.027030e+003  6.583666e-001
  1.045780e+003  6.560160e-001
  1.068280e+003  6.530449e-001
  1.090780e+003  6.499955e-001
  1.113280e+003  6.469095e-001
  1.135780e+003  6.438104e-001
  1.158280e+003  6.407109e-001
  1.180780e+003  6.383250e-001
  1.203280e+003  6.359536e-001
  1.225780e+003  6.332966e-001
  1.248280e+003  6.310070e-001
  1.270780e+003  6.284089e-001
  1.293280e+003  6.256259e-001
  1.315780e+003  6.227384e-001
  1.338280e+003  6.204204e-001
  1.360780e+003  6.178177e-001
  1.383280e+003  6.150450e-001
  1.405780e+003  6.121759e-001
  1.428280e+003  6.092545e-001
  1.450780e+003  6.063062e-001
  1.473280e+003  6.033451e-001
  1.495780e+003  6.003788e-001
  1.518280e+003  5.974113e-001
  1.540780e+003  5.944446e-001
  1.563280e+003  5.914797e-001
  1.585780e+003  5.885166e-001
  1.608280e+003  5.855552e-001
  1.630780e+003  5.825952e-001
  1.653280e+003  5.796362e-001
  1.675780e+003  5.766777e-001
  1.698280e+003  5.737191e-001
  1.720780e+003  5.715262e-001
  1.743280e+003  5.690212e-001
  1.765780e+003  5.663230e-001
  1.788280e+003  5.635100e-001
  1.810780e+003  5.606297e-001
  1.833280e+003  5.577096e-001
  1.855780e+003  5.547651e-001
  1.878280e+003  5.524375e-001
  1.900780e+003  5.498389e-001
  1.923280e+003  5.470070e-001
  1.945780e+003  5.441041e-001
  1.968280e+003  5.418259e-001
  1.990780e+003  5.392494e-001
  2.013280e+003  5.364873e-001
  2.035780e+003  5.336128e-001
  2.058280e+003  5.306697e-001
  2.080780e+003  5.282876e-001
  2.103280e+003  5.256300e-001
  2.125780e+003  5.228015e-001
  2.148280e+003  5.198684e-001
  2.170780e+003  5.168702e-001
  2.193280e+003  5.138294e-001
  2.215780e+003  5.107584e-001
  2.238280e+003  5.076641e-001
  2.260780e+003  5.045500e-001
  2.283280e+003  5.014175e-001
  2.305780e+003  4.982675e-001
  2.328280e+003  4.950997e-001
  2.350780e+003  4.919140e-001
  2.373280e+003  4.887096e-001
  2.395780e+003  4.854860e-001
  2.418280e+003  4.822424e-001
  2.440780e+003  4.789780e-001
  2.463280e+003  4.756919e-001
  2.485780e+003  4.723831e-001
  2.508280e+003  4.690507e-001
  2.530780e+003  4.664593e-001
  2.553280e+003  4.635340e-001
  2.575780e+003  4.603949e-001
  2.598280e+003  4.571188e-001
  2.620780e+003  4.537516e-001
  2.643280e+003  4.503190e-001
  2.665780e+003  4.467962e-001
  2.688280e+003  4.440681e-001
  2.710780e+003  4.409806e-001
  2.733280e+003  4.376600e-001
  2.755780e+003  4.347412e-001
  2.774530e+003  4.320371e-001
  2.797030e+003  4.285831e-001
  2.819530e+003  4.249909e-001
  2.842030e+003  4.213004e-001
  2.864530e+003  4.182384e-001
  2.887030e+003  4.148298e-001
  2.909530e+003  4.111930e-001
  2.932030e+003  4.074013e-001
  2.954530e+003  4.034971e-001
  2.977030e+003  3.995036e-001
  2.999530e+003  3.954327e-001
  3.022030e+003  3.912897e-001
  3.044530e+003  3.870762e-001
  3.067030e+003  3.827913e-001
  3.089530e+003  3.784328e-001
  3.112030e+003  3.739978e-001
  3.134530e+003  3.694824e-001
  3.157030e+003  3.648822e-001
  3.179530e+003  3.601924e-001
  3.202030e+003  3.554077e-001
  3.224530e+003  3.505220e-001
  3.247030e+003  3.455288e-001
  3.269530e+003  3.404208e-001
  3.292030e+003  3.350838e-001
  3.314530e+003  3.296637e-001
  3.337030e+003  3.249037e-001
  3.359530e+003  3.201481e-001
  3.378280e+003  3.163750e-001
  3.397030e+003  3.120736e-001
  3.419530e+003  3.064644e-001
  3.442030e+003  3.002972e-001
  3.464530e+003  2.939201e-001
  3.487030e+003  2.873080e-001
  3.509530e+003  2.804340e-001
  3.532030e+003  2.732686e-001
  3.554530e+003  2.657777e-001
  3.577030e+003  2.579214e-001
  3.599530e+003  2.496513e-001
  3.622030e+003  2.409083e-001
  3.644530e+003  2.316187e-001
  3.667030e+003  2.216891e-001
  3.689530e+003  2.109983e-001
  3.712030e+003  1.993854e-001
  3.734530e+003  1.855965e-001
  3.757030e+003  1.694831e-001
  3.779530e+003  1.502715e-001
  3.802030e+003  1.225514e-001
  3.815305e+003  1.001433e-001
  3.823372e+003  7.912700e-002
  3.828410e+003  5.852833e-002
  3.830590e+003  4.473936e-002
  3.831967e+003  2.911954e-002
  3.832349e+003  2.398290e-002
  3.832668e+003  1.627825e-002
  3.832782e+003  1.248987e-002
  3.832849e+003  9.492278e-003
  3.832894e+003  7.277176e-003
