HISTORY PLOT
job1

Curve 1
X : Time
Y : Displacement Y [Node 1]

       X              Y       
------------------------------
  0.000000e+000  0.000000e+000
  4.500000e-001 -3.470618e+000
  9.000000e-001 -4.094594e+000
  1.350000e+000 -4.572259e+000
  1.890000e+000 -4.904418e+000
  2.430000e+000 -5.135823e+000
  2.970000e+000 -5.859179e+000
  3.510000e+000 -6.344704e+000
  4.050000e+000 -6.725694e+000
  4.500000e+000 -6.998192e+000
  4.950000e+000 -7.273129e+000
  5.490000e+000 -7.576921e+000
  6.138000e+000 -7.896524e+000
  6.915600e+000 -8.225019e+000
  7.848720e+000 -8.559519e+000
  8.968464e+000 -8.899420e+000
  1.031216e+001 -9.142132e+000
  1.165585e+001 -9.365697e+000
  1.299954e+001 -9.576431e+000
  1.411929e+001 -9.760288e+000
  1.546298e+001 -9.976571e+000
  1.707541e+001 -1.022108e+001
  1.901033e+001 -1.049096e+001
  2.133223e+001 -1.078429e+001
  2.411851e+001 -1.109996e+001
  2.746205e+001 -1.143740e+001
  3.147429e+001 -1.179643e+001
  3.628899e+001 -1.209115e+001
  4.206662e+001 -1.239779e+001
  4.784425e+001 -1.267626e+001
  5.477741e+001 -1.302792e+001
  6.309721e+001 -1.343694e+001
  7.308096e+001 -1.379201e+001
  8.306470e+001 -1.416310e+001
  9.504520e+001 -1.459523e+001
  1.094218e+002 -1.507762e+001
  1.266737e+002 -1.546230e+001
  1.439256e+002 -1.583569e+001
  1.611776e+002 -1.617418e+001
  1.784295e+002 -1.653793e+001
  1.991318e+002 -1.697299e+001
  2.216318e+002 -1.733638e+001
  2.441318e+002 -1.772239e+001
  2.666318e+002 -1.810840e+001
  2.891318e+002 -1.848347e+001
  3.116318e+002 -1.877223e+001
  3.341318e+002 -1.904515e+001
  3.566318e+002 -1.930881e+001
  3.791318e+002 -1.954720e+001
  4.016318e+002 -1.981405e+001
  4.241318e+002 -2.009209e+001
  4.466318e+002 -2.037141e+001
  4.691318e+002 -2.064698e+001
  4.916318e+002 -2.091656e+001
  5.141318e+002 -2.117933e+001
  5.366318e+002 -2.138187e+001
  5.591318e+002 -2.160333e+001
  5.816318e+002 -2.183270e+001
  6.041318e+002 -2.206371e+001
  6.266318e+002 -2.229314e+001
  6.491318e+002 -2.251951e+001
  6.716318e+002 -2.269442e+001
  6.941318e+002 -2.288815e+001
  7.166318e+002 -2.306417e+001
  7.353818e+002 -2.322405e+001
  7.578818e+002 -2.342311e+001
  7.803818e+002 -2.362456e+001
  8.028818e+002 -2.382583e+001
  8.253818e+002 -2.402567e+001
  8.478818e+002 -2.422347e+001
  8.703818e+002 -2.441903e+001
  8.928818e+002 -2.461229e+001
  9.153818e+002 -2.480327e+001
  9.378818e+002 -2.499206e+001
  9.603818e+002 -2.517875e+001
  9.828818e+002 -2.536346e+001
  1.005382e+003 -2.550275e+001
  1.027882e+003 -2.566006e+001
  1.050382e+003 -2.582702e+001
  1.072882e+003 -2.599854e+001
  1.095382e+003 -2.617180e+001
  1.117882e+003 -2.634535e+001
  1.140382e+003 -2.651843e+001
  1.162882e+003 -2.666306e+001
  1.185382e+003 -2.680403e+001
  1.204132e+003 -2.691857e+001
  1.222882e+003 -2.704519e+001
  1.245382e+003 -2.717541e+001
  1.267882e+003 -2.732240e+001
  1.290382e+003 -2.747861e+001
  1.312882e+003 -2.763949e+001
  1.335382e+003 -2.777358e+001
  1.357882e+003 -2.792162e+001
  1.380382e+003 -2.807723e+001
  1.402882e+003 -2.823667e+001
  1.425382e+003 -2.839789e+001
  1.447882e+003 -2.855981e+001
  1.470382e+003 -2.872188e+001
  1.492882e+003 -2.888382e+001
  1.515382e+003 -2.904552e+001
  1.537882e+003 -2.920692e+001
  1.560382e+003 -2.936802e+001
  1.582882e+003 -2.952884e+001
  1.605382e+003 -2.968939e+001
  1.627882e+003 -2.984971e+001
  1.650382e+003 -3.000983e+001
  1.672882e+003 -3.016978e+001
  1.695382e+003 -3.030153e+001
  1.717882e+003 -3.044591e+001
  1.740382e+003 -3.059732e+001
  1.762882e+003 -3.075254e+001
  1.785382e+003 -3.090980e+001
  1.807882e+003 -3.106818e+001
  1.830382e+003 -3.122719e+001
  1.852882e+003 -3.138663e+001
  1.875382e+003 -3.154644e+001
  1.897882e+003 -3.167875e+001
  1.916632e+003 -3.179979e+001
  1.939132e+003 -3.195229e+001
  1.961632e+003 -3.210889e+001
  1.984132e+003 -3.226783e+001
  2.006632e+003 -3.242821e+001
  2.029132e+003 -3.258956e+001
  2.051632e+003 -3.272112e+001
  2.074132e+003 -3.286696e+001
  2.096632e+003 -3.302110e+001
  2.119132e+003 -3.318001e+001
  2.141632e+003 -3.334176e+001
  2.164132e+003 -3.350533e+001
  2.186632e+003 -3.367020e+001
  2.209132e+003 -3.383610e+001
  2.231632e+003 -3.400293e+001
  2.254132e+003 -3.417063e+001
  2.276632e+003 -3.433921e+001
  2.299132e+003 -3.450869e+001
  2.321632e+003 -3.467908e+001
  2.344132e+003 -3.485044e+001
  2.366632e+003 -3.502280e+001
  2.389132e+003 -3.519622e+001
  2.411632e+003 -3.537072e+001
  2.434132e+003 -3.554638e+001
  2.456632e+003 -3.572323e+001
  2.479132e+003 -3.586793e+001
  2.501632e+003 -3.600774e+001
  2.524132e+003 -3.616606e+001
  2.546632e+003 -3.633557e+001
  2.569132e+003 -3.651190e+001
  2.591632e+003 -3.669263e+001
  2.614132e+003 -3.687648e+001
  2.636632e+003 -3.702292e+001
  2.659132e+003 -3.718890e+001
  2.681632e+003 -3.736686e+001
  2.704132e+003 -3.755229e+001
  2.726632e+003 -3.770739e+001
  2.749132e+003 -3.788143e+001
  2.771632e+003 -3.806719e+001
  2.794132e+003 -3.826040e+001
  2.816632e+003 -3.845874e+001
  2.839132e+003 -3.862895e+001
  2.861632e+003 -3.881647e+001
  2.884132e+003 -3.901488e+001
  2.906632e+003 -3.922053e+001
  2.929132e+003 -3.943145e+001
  2.951632e+003 -3.964666e+001
  2.974132e+003 -3.986572e+001
  2.996632e+003 -4.008846e+001
  3.019132e+003 -4.031487e+001
  3.041632e+003 -4.054504e+001
  3.064132e+003 -4.077911e+001
  3.086632e+003 -4.101725e+001
  3.109132e+003 -4.125965e+001
  3.131632e+003 -4.150654e+001
  3.154132e+003 -4.175816e+001
  3.176632e+003 -4.201476e+001
  3.199132e+003 -4.227664e+001
  3.221632e+003 -4.254411e+001
  3.244132e+003 -4.281751e+001
  3.266632e+003 -4.304346e+001
  3.289132e+003 -4.327723e+001
  3.307882e+003 -4.349567e+001
  3.330382e+003 -4.377655e+001
  3.352882e+003 -4.407149e+001
  3.375382e+003 -4.433295e+001
  3.394132e+003 -4.454747e+001
  3.412882e+003 -4.479017e+001
  3.435382e+003 -4.510443e+001
  3.457882e+003 -4.543660e+001
  3.480382e+003 -4.578427e+001
  3.502882e+003 -4.614666e+001
  3.525382e+003 -4.646761e+001
  3.547882e+003 -4.682666e+001
  3.570382e+003 -4.721478e+001
  3.592882e+003 -4.762763e+001
  3.615382e+003 -4.806385e+001
  3.637882e+003 -4.852385e+001
  3.660382e+003 -4.900928e+001
  3.682882e+003 -4.952270e+001
  3.705382e+003 -5.006754e+001
  3.727882e+003 -5.064816e+001
  3.750382e+003 -5.127005e+001
  3.772882e+003 -5.194019e+001
  3.795382e+003 -5.266753e+001
  3.817882e+003 -5.346382e+001
  3.840382e+003 -5.434483e+001
  3.862882e+003 -5.531438e+001
  3.885382e+003 -5.641502e+001
  3.907882e+003 -5.770584e+001
  3.930382e+003 -5.937646e+001
  3.952882e+003 -6.180721e+001
  3.971632e+003 -6.535022e+001
  3.978392e+003 -6.716687e+001
  3.985152e+003 -7.059906e+001
  3.988742e+003 -7.451889e+001
  3.990111e+003 -7.849442e+001
  3.990491e+003 -8.124427e+001
  3.990618e+003 -8.303045e+001
  3.990692e+003 -8.493927e+001
  3.990737e+003 -8.669601e+001

Curve 2
X : Time
Y : Thickness of Element [Node 1]

       X              Y       
------------------------------
  0.000000e+000  9.300000e-001
  4.500000e-001  9.260727e-001
  9.000000e-001  9.239554e-001
  1.350000e+000  9.220591e-001
  1.890000e+000  9.206008e-001
  2.430000e+000  9.195186e-001
  2.970000e+000  9.157463e-001
  3.510000e+000  9.129831e-001
  4.050000e+000  9.106657e-001
  4.500000e+000  9.089266e-001
  4.950000e+000  9.071126e-001
  5.490000e+000  9.050359e-001
  6.138000e+000  9.027658e-001
  6.915600e+000  9.003391e-001
  7.848720e+000  8.977699e-001
  8.968464e+000  8.950577e-001
  1.031216e+001  8.930473e-001
  1.165585e+001  8.911478e-001
  1.299954e+001  8.893168e-001
  1.411929e+001  8.876911e-001
  1.546298e+001  8.857442e-001
  1.707541e+001  8.834986e-001
  1.901033e+001  8.809650e-001
  2.133223e+001  8.781446e-001
  2.411851e+001  8.750320e-001
  2.746205e+001  8.716165e-001
  3.147429e+001  8.678832e-001
  3.628899e+001  8.647420e-001
  4.206662e+001  8.613881e-001
  4.784425e+001  8.582804e-001
  5.477741e+001  8.542838e-001
  6.309721e+001  8.495318e-001
  7.308096e+001  8.452889e-001
  8.306470e+001  8.407652e-001
  9.504520e+001  8.353841e-001
  1.094218e+002  8.292348e-001
  1.266737e+002  8.242031e-001
  1.439256e+002  8.192175e-001
  1.611776e+002  8.146204e-001
  1.784295e+002  8.096133e-001
  1.991318e+002  8.035325e-001
  2.216318e+002  7.983631e-001
  2.441318e+002  7.927930e-001
  2.666318e+002  7.871421e-001
  2.891318e+002  7.815742e-001
  3.116318e+002  7.772371e-001
  3.341318e+002  7.730848e-001
  3.566318e+002  7.690358e-001
  3.791318e+002  7.653514e-001
  4.016318e+002  7.611989e-001
  4.241318e+002  7.568398e-001
  4.466318e+002  7.524268e-001
  4.691318e+002  7.480399e-001
  4.916318e+002  7.437167e-001
  5.141318e+002  7.394725e-001
  5.366318e+002  7.361747e-001
  5.591318e+002  7.325497e-001
  5.816318e+002  7.287756e-001
  6.041318e+002  7.249543e-001
  6.266318e+002  7.211393e-001
  6.491318e+002  7.173566e-001
  6.716318e+002  7.144226e-001
  6.941318e+002  7.111616e-001
  7.166318e+002  7.081847e-001
  7.353818e+002  7.054736e-001
  7.578818e+002  7.020880e-001
  7.803818e+002  6.986517e-001
  8.028818e+002  6.952075e-001
  8.253818e+002  6.917768e-001
  8.478818e+002  6.883701e-001
  8.703818e+002  6.849918e-001
  8.928818e+002  6.816432e-001
  9.153818e+002  6.783242e-001
  9.378818e+002  6.750340e-001
  9.603818e+002  6.717715e-001
  9.828818e+002  6.685354e-001
  1.005382e+003  6.660884e-001
  1.027882e+003  6.633183e-001
  1.050382e+003  6.603727e-001
  1.072882e+003  6.573404e-001
  1.095382e+003  6.542709e-001
  1.117882e+003  6.511904e-001
  1.140382e+003  6.481121e-001
  1.162882e+003  6.455353e-001
  1.185382e+003  6.430191e-001
  1.204132e+003  6.409727e-001
  1.222882e+003  6.387082e-001
  1.245382e+003  6.363770e-001
  1.267882e+003  6.337435e-001
  1.290382e+003  6.309420e-001
  1.312882e+003  6.280537e-001
  1.335382e+003  6.256431e-001
  1.357882e+003  6.229795e-001
  1.380382e+003  6.201776e-001
  1.402882e+003  6.173043e-001
  1.425382e+003  6.143967e-001
  1.447882e+003  6.114740e-001
  1.470382e+003  6.085464e-001
  1.492882e+003  6.056188e-001
  1.515382e+003  6.026936e-001
  1.537882e+003  5.997716e-001
  1.560382e+003  5.968532e-001
  1.582882e+003  5.939381e-001
  1.605382e+003  5.910262e-001
  1.627882e+003  5.881170e-001
  1.650382e+003  5.852099e-001
  1.672882e+003  5.823046e-001
  1.695382e+003  5.799094e-001
  1.717882e+003  5.772837e-001
  1.740382e+003  5.745294e-001
  1.762882e+003  5.717052e-001
  1.785382e+003  5.688435e-001
  1.807882e+003  5.659612e-001
  1.830382e+003  5.630670e-001
  1.852882e+003  5.601653e-001
  1.875382e+003  5.572580e-001
  1.897882e+003  5.548508e-001
  1.916632e+003  5.526493e-001
  1.939132e+003  5.498759e-001
  1.961632e+003  5.470297e-001
  1.984132e+003  5.441423e-001
  2.006632e+003  5.412301e-001
  2.029132e+003  5.383017e-001
  2.051632e+003  5.359146e-001
  2.074132e+003  5.332693e-001
  2.096632e+003  5.304752e-001
  2.119132e+003  5.275966e-001
  2.141632e+003  5.246685e-001
  2.164132e+003  5.217099e-001
  2.186632e+003  5.187302e-001
  2.209132e+003  5.157343e-001
  2.231632e+003  5.127245e-001
  2.254132e+003  5.097017e-001
  2.276632e+003  5.066660e-001
  2.299132e+003  5.036173e-001
  2.321632e+003  5.005553e-001
  2.344132e+003  4.974793e-001
  2.366632e+003  4.943890e-001
  2.389132e+003  4.912835e-001
  2.411632e+003  4.881624e-001
  2.434132e+003  4.850249e-001
  2.456632e+003  4.818704e-001
  2.479132e+003  4.792923e-001
  2.501632e+003  4.768035e-001
  2.524132e+003  4.739883e-001
  2.546632e+003  4.709781e-001
  2.569132e+003  4.678517e-001
  2.591632e+003  4.646528e-001
  2.614132e+003  4.614045e-001
  2.636632e+003  4.588223e-001
  2.659132e+003  4.558998e-001
  2.681632e+003  4.527724e-001
  2.704132e+003  4.495207e-001
  2.726632e+003  4.468066e-001
  2.749132e+003  4.437661e-001
  2.771632e+003  4.405281e-001
  2.794132e+003  4.371683e-001
  2.816632e+003  4.337284e-001
  2.839132e+003  4.307833e-001
  2.861632e+003  4.275457e-001
  2.884132e+003  4.241290e-001
  2.906632e+003  4.205982e-001
  2.929132e+003  4.169880e-001
  2.951632e+003  4.133162e-001
  2.974132e+003  4.095914e-001
  2.996632e+003  4.058172e-001
  3.019132e+003  4.019945e-001
  3.041632e+003  3.981228e-001
  3.064132e+003  3.942007e-001
  3.086632e+003  3.902264e-001
  3.109132e+003  3.861975e-001
  3.131632e+003  3.821117e-001
  3.154132e+003  3.779661e-001
  3.176632e+003  3.737578e-001
  3.199132e+003  3.694836e-001
  3.221632e+003  3.651399e-001
  3.244132e+003  3.607231e-001
  3.266632e+003  3.570925e-001
  3.289132e+003  3.533502e-001
  3.307882e+003  3.498675e-001
  3.330382e+003  3.454083e-001
  3.352882e+003  3.407542e-001
  3.375382e+003  3.366560e-001
  3.394132e+003  3.333114e-001
  3.412882e+003  3.295431e-001
  3.435382e+003  3.246909e-001
  3.457882e+003  3.196019e-001
  3.480382e+003  3.143200e-001
  3.502882e+003  3.088639e-001
  3.525382e+003  3.040768e-001
  3.547882e+003  2.987620e-001
  3.570382e+003  2.930708e-001
  3.592882e+003  2.870813e-001
  3.615382e+003  2.808268e-001
  3.637882e+003  2.743144e-001
  3.660382e+003  2.675352e-001
  3.682882e+003  2.604700e-001
  3.705382e+003  2.530909e-001
  3.727882e+003  2.453622e-001
  3.750382e+003  2.372395e-001
  3.772882e+003  2.286675e-001
  3.795382e+003  2.195775e-001
  3.817882e+003  2.098820e-001
  3.840382e+003  1.994680e-001
  3.862882e+003  1.883641e-001
  3.885382e+003  1.761426e-001
  3.907882e+003  1.623552e-001
  3.930382e+003  1.454058e-001
  3.952882e+003  1.225662e-001
  3.971632e+003  9.293180e-002
  3.978392e+003  8.013715e-002
  3.985152e+003  5.806143e-002
  3.988742e+003  3.712997e-002
  3.990111e+003  2.067065e-002
  3.990491e+003  1.327352e-002
  3.990618e+003  1.003275e-002
  3.990692e+003  7.524678e-003
  3.990737e+003  5.854923e-003
