HISTORY PLOT
job1

Curve 1
X : Time
Y : Displacement Y [Node 1]

       X              Y       
------------------------------
  0.000000e+000  0.000000e+000
  4.500000e-001 -2.976959e+000
  9.000000e-001 -3.509922e+000
  1.440000e+000 -3.866562e+000
  1.980000e+000 -4.106874e+000
  2.520000e+000 -4.348401e+000
  3.168000e+000 -4.942298e+000
  3.945600e+000 -5.544781e+000
  4.878720e+000 -6.054423e+000
  5.998464e+000 -6.384868e+000
  7.118208e+000 -6.711241e+000
  8.461901e+000 -6.989467e+000
  9.805593e+000 -7.265393e+000
  1.141803e+001 -7.567492e+000
  1.335294e+001 -7.884386e+000
  1.567484e+001 -8.210406e+000
  1.846112e+001 -8.543374e+000
  2.180466e+001 -8.882995e+000
  2.581691e+001 -9.142891e+000
  2.982915e+001 -9.377172e+000
  3.384140e+001 -9.592090e+000
  3.718494e+001 -9.778929e+000
  4.119718e+001 -9.998041e+000
  4.601188e+001 -1.019578e+001
  5.178951e+001 -1.044334e+001
  5.872267e+001 -1.073056e+001
  6.704246e+001 -1.104991e+001
  7.702621e+001 -1.139668e+001
  8.900671e+001 -1.176827e+001
  1.033833e+002 -1.209710e+001
  1.206352e+002 -1.242469e+001
  1.378871e+002 -1.272668e+001
  1.551391e+002 -1.303968e+001
  1.758414e+002 -1.340323e+001
  1.983414e+002 -1.369372e+001
  2.208414e+002 -1.400166e+001
  2.433414e+002 -1.430677e+001
  2.658414e+002 -1.459988e+001
  2.883414e+002 -1.487797e+001
  3.108414e+002 -1.514090e+001
  3.333414e+002 -1.533176e+001
  3.558414e+002 -1.552197e+001
  3.783414e+002 -1.569840e+001
  4.008414e+002 -1.589168e+001
  4.233414e+002 -1.605816e+001
  4.458414e+002 -1.623944e+001
  4.683414e+002 -1.642527e+001
  4.908414e+002 -1.661018e+001
  5.133414e+002 -1.679153e+001
  5.358414e+002 -1.696825e+001
  5.583414e+002 -1.714002e+001
  5.808414e+002 -1.730689e+001
  6.033414e+002 -1.746900e+001
  6.258414e+002 -1.762670e+001
  6.483414e+002 -1.778024e+001
  6.708414e+002 -1.792987e+001
  6.933414e+002 -1.807584e+001
  7.158414e+002 -1.821838e+001
  7.383414e+002 -1.835768e+001
  7.608414e+002 -1.849396e+001
  7.833414e+002 -1.862738e+001
  8.058414e+002 -1.875811e+001
  8.283414e+002 -1.886255e+001
  8.508414e+002 -1.896618e+001
  8.733414e+002 -1.907869e+001
  8.958414e+002 -1.917954e+001
  9.183414e+002 -1.928894e+001
  9.408414e+002 -1.940206e+001
  9.633414e+002 -1.951624e+001
  9.858414e+002 -1.960711e+001
  1.008341e+003 -1.970805e+001
  1.030841e+003 -1.981381e+001
  1.053341e+003 -1.992136e+001
  1.075841e+003 -2.002910e+001
  1.098341e+003 -2.013623e+001
  1.120841e+003 -2.024237e+001
  1.143341e+003 -2.034736e+001
  1.165841e+003 -2.045113e+001
  1.188341e+003 -2.055367e+001
  1.210841e+003 -2.065500e+001
  1.233341e+003 -2.075515e+001
  1.255841e+003 -2.085415e+001
  1.278341e+003 -2.095205e+001
  1.300841e+003 -2.104886e+001
  1.323341e+003 -2.114464e+001
  1.345841e+003 -2.123941e+001
  1.368341e+003 -2.133322e+001
  1.390841e+003 -2.142609e+001
  1.413341e+003 -2.151804e+001
  1.435841e+003 -2.160911e+001
  1.458341e+003 -2.169932e+001
  1.480841e+003 -2.178870e+001
  1.503341e+003 -2.187728e+001
  1.525841e+003 -2.196508e+001
  1.548341e+003 -2.205212e+001
  1.570841e+003 -2.213843e+001
  1.593341e+003 -2.222403e+001
  1.615841e+003 -2.230893e+001
  1.638341e+003 -2.239316e+001
  1.660841e+003 -2.247674e+001
  1.683341e+003 -2.255970e+001
  1.705841e+003 -2.264208e+001
  1.728341e+003 -2.272389e+001
  1.750841e+003 -2.280514e+001
  1.773341e+003 -2.288583e+001
  1.795841e+003 -2.296600e+001
  1.818341e+003 -2.304565e+001
  1.840841e+003 -2.312479e+001
  1.863341e+003 -2.320343e+001
  1.885841e+003 -2.328158e+001
  1.908341e+003 -2.335926e+001
  1.930841e+003 -2.343648e+001
  1.953341e+003 -2.351325e+001
  1.975841e+003 -2.358959e+001
  1.998341e+003 -2.366550e+001
  2.020841e+003 -2.374099e+001
  2.043341e+003 -2.381606e+001
  2.065841e+003 -2.389074e+001
  2.088341e+003 -2.396502e+001
  2.110841e+003 -2.403892e+001
  2.133341e+003 -2.411244e+001
  2.155841e+003 -2.418559e+001
  2.178341e+003 -2.425838e+001
  2.200841e+003 -2.433082e+001
  2.223341e+003 -2.440292e+001
  2.245841e+003 -2.447467e+001
  2.268341e+003 -2.454610e+001
  2.290841e+003 -2.461720e+001
  2.313341e+003 -2.468798e+001
  2.335841e+003 -2.475845e+001
  2.358341e+003 -2.482862e+001
  2.380841e+003 -2.489849e+001
  2.403341e+003 -2.496807e+001
  2.425841e+003 -2.503736e+001
  2.448341e+003 -2.510637e+001
  2.470841e+003 -2.517511e+001
  2.493341e+003 -2.524358e+001
  2.515841e+003 -2.531178e+001
  2.538341e+003 -2.537973e+001
  2.560841e+003 -2.544743e+001
  2.583341e+003 -2.551487e+001
  2.605841e+003 -2.558208e+001
  2.628341e+003 -2.564906e+001
  2.650841e+003 -2.571581e+001
  2.673341e+003 -2.578232e+001
  2.695841e+003 -2.584862e+001
  2.718341e+003 -2.591470e+001
  2.740841e+003 -2.598056e+001
  2.763341e+003 -2.604622e+001
  2.785841e+003 -2.611168e+001
  2.808341e+003 -2.617693e+001
  2.830841e+003 -2.624199e+001
  2.853341e+003 -2.630687e+001
  2.875841e+003 -2.637155e+001
  2.898341e+003 -2.643605e+001
  2.920841e+003 -2.650038e+001
  2.943341e+003 -2.656453e+001
  2.965841e+003 -2.662851e+001
  2.988341e+003 -2.669233e+001
  3.010841e+003 -2.675600e+001
  3.033341e+003 -2.681953e+001
  3.055841e+003 -2.688291e+001
  3.078341e+003 -2.694616e+001
  3.100841e+003 -2.700927e+001
  3.123341e+003 -2.707224e+001
  3.145841e+003 -2.713508e+001
  3.168341e+003 -2.719779e+001
  3.190841e+003 -2.726037e+001
  3.213341e+003 -2.732283e+001
  3.235841e+003 -2.738517e+001
  3.258341e+003 -2.744739e+001
  3.280841e+003 -2.750949e+001
  3.303341e+003 -2.757148e+001
  3.325841e+003 -2.763336e+001
  3.348341e+003 -2.769512e+001
  3.370841e+003 -2.775679e+001
  3.393341e+003 -2.781836e+001
  3.415841e+003 -2.787982e+001
  3.438341e+003 -2.794119e+001
  3.460841e+003 -2.800247e+001
  3.483341e+003 -2.806365e+001
  3.505841e+003 -2.812474e+001
  3.528341e+003 -2.818575e+001
  3.550841e+003 -2.824667e+001
  3.573341e+003 -2.830750e+001
  3.595841e+003 -2.836825e+001
  3.618341e+003 -2.842893e+001
  3.640841e+003 -2.848952e+001
  3.663341e+003 -2.855005e+001
  3.685841e+003 -2.861049e+001
  3.708341e+003 -2.867087e+001
  3.730841e+003 -2.873118e+001
  3.753341e+003 -2.879143e+001
  3.775841e+003 -2.885160e+001
  3.798341e+003 -2.891172e+001
  3.820841e+003 -2.897177e+001
  3.843341e+003 -2.903177e+001
  3.865841e+003 -2.909171e+001
  3.888341e+003 -2.915159e+001
  3.910841e+003 -2.921142e+001
  3.933341e+003 -2.927120e+001
  3.955841e+003 -2.933093e+001
  3.978341e+003 -2.939061e+001
  4.000841e+003 -2.945025e+001
  4.023341e+003 -2.950984e+001
  4.045841e+003 -2.956939e+001
  4.068341e+003 -2.962890e+001
  4.090841e+003 -2.968838e+001
  4.113341e+003 -2.974781e+001
  4.135841e+003 -2.980722e+001
  4.158341e+003 -2.986659e+001
  4.180841e+003 -2.992593e+001
  4.203341e+003 -2.998524e+001
  4.225841e+003 -3.004452e+001
  4.248341e+003 -3.010378e+001
  4.270841e+003 -3.016302e+001
  4.293341e+003 -3.022223e+001
  4.315841e+003 -3.028150e+001
  4.338341e+003 -3.034071e+001
  4.360841e+003 -3.039989e+001
  4.383341e+003 -3.045905e+001
  4.405841e+003 -3.051819e+001
  4.428341e+003 -3.057731e+001
  4.450841e+003 -3.063643e+001
  4.473341e+003 -3.069554e+001
  4.495841e+003 -3.075464e+001
  4.500000e+003 -3.076560e+001

Curve 2
X : Time
Y : Thickness of Element [Node 1]

       X              Y       
------------------------------
  0.000000e+000  9.300000e-001
  4.500000e-001  9.265234e-001
  9.000000e-001  9.250344e-001
  1.440000e+000  9.238232e-001
  1.980000e+000  9.229347e-001
  2.520000e+000  9.219917e-001
  3.168000e+000  9.194047e-001
  3.945600e+000  9.165459e-001
  4.878720e+000  9.138489e-001
  5.998464e+000  9.119575e-001
  7.118208e+000  9.100011e-001
  8.461901e+000  9.082451e-001
  9.805593e+000  9.064399e-001
  1.141803e+001  9.043895e-001
  1.335294e+001  9.021540e-001
  1.567484e+001  8.997622e-001
  1.846112e+001  8.972226e-001
  2.180466e+001  8.945319e-001
  2.581691e+001  8.923921e-001
  2.982915e+001  8.904115e-001
  3.384140e+001  8.885531e-001
  3.718494e+001  8.869083e-001
  4.119718e+001  8.849443e-001
  4.601188e+001  8.831388e-001
  5.178951e+001  8.808332e-001
  5.872267e+001  8.780980e-001
  6.704246e+001  8.749802e-001
  7.702621e+001  8.715031e-001
  8.900671e+001  8.676724e-001
  1.033833e+002  8.641922e-001
  1.206352e+002  8.606265e-001
  1.378871e+002  8.572659e-001
  1.551391e+002  8.537200e-001
  1.758414e+002  8.495188e-001
  1.983414e+002  8.460889e-001
  2.208414e+002  8.423889e-001
  2.433414e+002  8.386574e-001
  2.658414e+002  8.350108e-001
  2.883414e+002  8.314950e-001
  3.108414e+002  8.281212e-001
  3.333414e+002  8.256429e-001
  3.558414e+002  8.231452e-001
  3.783414e+002  8.208071e-001
  4.008414e+002  8.182250e-001
  4.233414e+002  8.159812e-001
  4.458414e+002  8.135197e-001
  4.683414e+002  8.109764e-001
  4.908414e+002  8.084257e-001
  5.133414e+002  8.059041e-001
  5.358414e+002  8.034279e-001
  5.583414e+002  8.010032e-001
  5.808414e+002  7.986309e-001
  6.033414e+002  7.963098e-001
  6.258414e+002  7.940376e-001
  6.483414e+002  7.918118e-001
  6.708414e+002  7.896296e-001
  6.933414e+002  7.874886e-001
  7.158414e+002  7.853865e-001
  7.383414e+002  7.833209e-001
  7.608414e+002  7.812899e-001
  7.833414e+002  7.792917e-001
  8.058414e+002  7.773245e-001
  8.283414e+002  7.757471e-001
  8.508414e+002  7.741763e-001
  8.733414e+002  7.724652e-001
  8.958414e+002  7.709264e-001
  9.183414e+002  7.692522e-001
  9.408414e+002  7.675152e-001
  9.633414e+002  7.657560e-001
  9.858414e+002  7.643523e-001
  1.008341e+003  7.627880e-001
  1.030841e+003  7.611442e-001
  1.053341e+003  7.594675e-001
  1.075841e+003  7.577826e-001
  1.098341e+003  7.561020e-001
  1.120841e+003  7.544320e-001
  1.143341e+003  7.527752e-001
  1.165841e+003  7.511329e-001
  1.188341e+003  7.495054e-001
  1.210841e+003  7.478925e-001
  1.233341e+003  7.462941e-001
  1.255841e+003  7.447097e-001
  1.278341e+003  7.431389e-001
  1.300841e+003  7.415813e-001
  1.323341e+003  7.400366e-001
  1.345841e+003  7.385044e-001
  1.368341e+003  7.369841e-001
  1.390841e+003  7.354756e-001
  1.413341e+003  7.339784e-001
  1.435841e+003  7.324922e-001
  1.458341e+003  7.310167e-001
  1.480841e+003  7.295516e-001
  1.503341e+003  7.280965e-001
  1.525841e+003  7.266512e-001
  1.548341e+003  7.252154e-001
  1.570841e+003  7.237889e-001
  1.593341e+003  7.223713e-001
  1.615841e+003  7.209625e-001
  1.638341e+003  7.195621e-001
  1.660841e+003  7.181700e-001
  1.683341e+003  7.167860e-001
  1.705841e+003  7.154098e-001
  1.728341e+003  7.140412e-001
  1.750841e+003  7.126800e-001
  1.773341e+003  7.113261e-001
  1.795841e+003  7.099792e-001
  1.818341e+003  7.086392e-001
  1.840841e+003  7.073059e-001
  1.863341e+003  7.059791e-001
  1.885841e+003  7.046587e-001
  1.908341e+003  7.033445e-001
  1.930841e+003  7.020364e-001
  1.953341e+003  7.007342e-001
  1.975841e+003  6.994378e-001
  1.998341e+003  6.981470e-001
  2.020841e+003  6.968618e-001
  2.043341e+003  6.955819e-001
  2.065841e+003  6.943073e-001
  2.088341e+003  6.930379e-001
  2.110841e+003  6.917735e-001
  2.133341e+003  6.905141e-001
  2.155841e+003  6.892594e-001
  2.178341e+003  6.880096e-001
  2.200841e+003  6.867643e-001
  2.223341e+003  6.855236e-001
  2.245841e+003  6.842873e-001
  2.268341e+003  6.830553e-001
  2.290841e+003  6.818276e-001
  2.313341e+003  6.806041e-001
  2.335841e+003  6.793847e-001
  2.358341e+003  6.781692e-001
  2.380841e+003  6.769577e-001
  2.403341e+003  6.757500e-001
  2.425841e+003  6.745461e-001
  2.448341e+003  6.733458e-001
  2.470841e+003  6.721491e-001
  2.493341e+003  6.709560e-001
  2.515841e+003  6.697663e-001
  2.538341e+003  6.685800e-001
  2.560841e+003  6.673970e-001
  2.583341e+003  6.662173e-001
  2.605841e+003  6.650407e-001
  2.628341e+003  6.638673e-001
  2.650841e+003  6.626969e-001
  2.673341e+003  6.615294e-001
  2.695841e+003  6.603649e-001
  2.718341e+003  6.592033e-001
  2.740841e+003  6.580444e-001
  2.763341e+003  6.568883e-001
  2.785841e+003  6.557348e-001
  2.808341e+003  6.545840e-001
  2.830841e+003  6.534357e-001
  2.853341e+003  6.522899e-001
  2.875841e+003  6.511466e-001
  2.898341e+003  6.500056e-001
  2.920841e+003  6.488670e-001
  2.943341e+003  6.477307e-001
  2.965841e+003  6.465966e-001
  2.988341e+003  6.454647e-001
  3.010841e+003  6.443350e-001
  3.033341e+003  6.432073e-001
  3.055841e+003  6.420817e-001
  3.078341e+003  6.409581e-001
  3.100841e+003  6.398364e-001
  3.123341e+003  6.387166e-001
  3.145841e+003  6.375986e-001
  3.168341e+003  6.364825e-001
  3.190841e+003  6.353682e-001
  3.213341e+003  6.342555e-001
  3.235841e+003  6.331446e-001
  3.258341e+003  6.320353e-001
  3.280841e+003  6.309275e-001
  3.303341e+003  6.298214e-001
  3.325841e+003  6.287167e-001
  3.348341e+003  6.276135e-001
  3.370841e+003  6.265118e-001
  3.393341e+003  6.254115e-001
  3.415841e+003  6.243125e-001
  3.438341e+003  6.232149e-001
  3.460841e+003  6.221185e-001
  3.483341e+003  6.210234e-001
  3.505841e+003  6.199295e-001
  3.528341e+003  6.188368e-001
  3.550841e+003  6.177453e-001
  3.573341e+003  6.166548e-001
  3.595841e+003  6.155655e-001
  3.618341e+003  6.144772e-001
  3.640841e+003  6.133900e-001
  3.663341e+003  6.123037e-001
  3.685841e+003  6.112185e-001
  3.708341e+003  6.101341e-001
  3.730841e+003  6.090507e-001
  3.753341e+003  6.079681e-001
  3.775841e+003  6.068864e-001
  3.798341e+003  6.058054e-001
  3.820841e+003  6.047253e-001
  3.843341e+003  6.036460e-001
  3.865841e+003  6.025673e-001
  3.888341e+003  6.014894e-001
  3.910841e+003  6.004122e-001
  3.933341e+003  5.993356e-001
  3.955841e+003  5.982596e-001
  3.978341e+003  5.971842e-001
  4.000841e+003  5.961094e-001
  4.023341e+003  5.950351e-001
  4.045841e+003  5.939614e-001
  4.068341e+003  5.928881e-001
  4.090841e+003  5.918153e-001
  4.113341e+003  5.907429e-001
  4.135841e+003  5.896710e-001
  4.158341e+003  5.885994e-001
  4.180841e+003  5.875282e-001
  4.203341e+003  5.864573e-001
  4.225841e+003  5.853867e-001
  4.248341e+003  5.843164e-001
  4.270841e+003  5.832463e-001
  4.293341e+003  5.821765e-001
  4.315841e+003  5.811053e-001
  4.338341e+003  5.800351e-001
  4.360841e+003  5.789654e-001
  4.383341e+003  5.778961e-001
  4.405841e+003  5.768269e-001
  4.428341e+003  5.757579e-001
  4.450841e+003  5.746889e-001
  4.473341e+003  5.736200e-001
  4.495841e+003  5.725511e-001
  4.500000e+003  5.723533e-001
