HISTORY PLOT
job1

Curve 1
X : Time
Y : Displacement Y [Node 1]

       X              Y       
------------------------------
  0.000000e+000  0.000000e+000
  7.000000e-002 -3.449167e+000
  1.400000e-001 -4.094383e+000
  2.240000e-001 -4.650112e+000
  3.248000e-001 -5.075366e+000
  4.457600e-001 -5.422427e+000
  5.909120e-001 -5.943340e+000
  7.650944e-001 -6.416852e+000
  9.392768e-001 -6.870985e+000
  1.148296e+000 -7.333752e+000
  1.399118e+000 -7.783117e+000
  1.700106e+000 -8.215211e+000
  2.061290e+000 -8.633154e+000
  2.494712e+000 -9.002019e+000
  3.014817e+000 -9.306419e+000
  3.534923e+000 -9.568361e+000
  4.055029e+000 -9.840792e+000
  4.679156e+000 -1.015364e+001
  5.428109e+000 -1.041731e+001
  6.177061e+000 -1.069386e+001
  7.075804e+000 -1.101435e+001
  8.154296e+000 -1.136911e+001
  9.448485e+000 -1.175214e+001
  1.100151e+001 -1.209020e+001
  1.286515e+001 -1.242576e+001
  1.472878e+001 -1.273004e+001
  1.659241e+001 -1.304870e+001
  1.882877e+001 -1.342040e+001
  2.151241e+001 -1.374102e+001
  2.473276e+001 -1.414703e+001
  2.823276e+001 -1.457665e+001
  3.173276e+001 -1.498097e+001
  3.523277e+001 -1.531567e+001
  3.873277e+001 -1.558374e+001
  4.223277e+001 -1.583950e+001
  4.514943e+001 -1.604502e+001
  4.806610e+001 -1.626805e+001
  5.156610e+001 -1.653964e+001
  5.506610e+001 -1.680641e+001
  5.856610e+001 -1.706467e+001
  6.206610e+001 -1.731327e+001
  6.556609e+001 -1.755223e+001
  6.906609e+001 -1.778199e+001
  7.256609e+001 -1.800322e+001
  7.606609e+001 -1.821661e+001
  7.956609e+001 -1.842281e+001
  8.306609e+001 -1.862243e+001
  8.656609e+001 -1.877423e+001
  9.006609e+001 -1.892603e+001
  9.356609e+001 -1.909140e+001
  9.706609e+001 -1.923092e+001
  1.005661e+002 -1.938618e+001
  1.040661e+002 -1.954835e+001
  1.075661e+002 -1.971238e+001
  1.110661e+002 -1.987566e+001
  1.145661e+002 -2.003693e+001
  1.180661e+002 -2.019564e+001
  1.215661e+002 -2.035160e+001
  1.250661e+002 -2.050480e+001
  1.285661e+002 -2.065530e+001
  1.320661e+002 -2.080319e+001
  1.355661e+002 -2.094859e+001
  1.390661e+002 -2.109162e+001
  1.425661e+002 -2.123237e+001
  1.460661e+002 -2.137099e+001
  1.495661e+002 -2.150754e+001
  1.530661e+002 -2.164213e+001
  1.565661e+002 -2.177485e+001
  1.600661e+002 -2.190578e+001
  1.635661e+002 -2.203500e+001
  1.670661e+002 -2.216259e+001
  1.705661e+002 -2.228862e+001
  1.740661e+002 -2.241316e+001
  1.775661e+002 -2.253627e+001
  1.810661e+002 -2.265809e+001
  1.845661e+002 -2.275769e+001
  1.874828e+002 -2.284816e+001
  1.909828e+002 -2.296101e+001
  1.944828e+002 -2.307559e+001
  1.979828e+002 -2.319053e+001
  2.014828e+002 -2.330513e+001
  2.049828e+002 -2.341909e+001
  2.084828e+002 -2.353226e+001
  2.119828e+002 -2.364458e+001
  2.154828e+002 -2.375601e+001
  2.189828e+002 -2.386657e+001
  2.224828e+002 -2.397627e+001
  2.259828e+002 -2.408514e+001
  2.294828e+002 -2.419319e+001
  2.329828e+002 -2.430046e+001
  2.364828e+002 -2.440697e+001
  2.399828e+002 -2.451274e+001
  2.434828e+002 -2.461779e+001
  2.469828e+002 -2.472214e+001
  2.504828e+002 -2.482582e+001
  2.539828e+002 -2.492884e+001
  2.574828e+002 -2.503123e+001
  2.609828e+002 -2.513301e+001
  2.644828e+002 -2.523419e+001
  2.679828e+002 -2.533479e+001
  2.714828e+002 -2.543487e+001
  2.749828e+002 -2.553438e+001
  2.784828e+002 -2.563336e+001
  2.819828e+002 -2.573182e+001
  2.854828e+002 -2.582978e+001
  2.889828e+002 -2.592726e+001
  2.924828e+002 -2.602428e+001
  2.959828e+002 -2.612086e+001
  2.994828e+002 -2.621699e+001
  3.029828e+002 -2.631271e+001
  3.064828e+002 -2.640802e+001
  3.099828e+002 -2.650294e+001
  3.134828e+002 -2.659748e+001
  3.169828e+002 -2.669166e+001
  3.204828e+002 -2.678552e+001
  3.239828e+002 -2.687907e+001
  3.274828e+002 -2.697232e+001
  3.309828e+002 -2.706526e+001
  3.344828e+002 -2.715791e+001
  3.379828e+002 -2.725028e+001
  3.414828e+002 -2.734238e+001
  3.449828e+002 -2.743421e+001
  3.484828e+002 -2.752579e+001
  3.519828e+002 -2.761712e+001
  3.554828e+002 -2.770820e+001
  3.589828e+002 -2.779910e+001
  3.624828e+002 -2.788981e+001
  3.659828e+002 -2.798031e+001
  3.694828e+002 -2.807056e+001
  3.729828e+002 -2.816059e+001
  3.764828e+002 -2.825043e+001
  3.799828e+002 -2.834007e+001
  3.834828e+002 -2.842953e+001
  3.869828e+002 -2.851882e+001
  3.904828e+002 -2.860795e+001
  3.939828e+002 -2.869692e+001
  3.974828e+002 -2.878575e+001
  4.009828e+002 -2.887443e+001
  4.044828e+002 -2.896298e+001
  4.079828e+002 -2.905140e+001
  4.114828e+002 -2.913970e+001
  4.149828e+002 -2.922788e+001
  4.184828e+002 -2.931595e+001
  4.219828e+002 -2.940392e+001
  4.254828e+002 -2.949179e+001
  4.289828e+002 -2.957957e+001
  4.324828e+002 -2.966726e+001
  4.359828e+002 -2.975487e+001
  4.394828e+002 -2.984241e+001
  4.429828e+002 -2.992987e+001
  4.464828e+002 -3.001728e+001
  4.499828e+002 -3.010463e+001
  4.534828e+002 -3.019193e+001
  4.569828e+002 -3.027918e+001
  4.604828e+002 -3.036640e+001
  4.639828e+002 -3.045358e+001
  4.674828e+002 -3.054074e+001
  4.709828e+002 -3.062787e+001
  4.744828e+002 -3.071499e+001
  4.779828e+002 -3.080210e+001
  4.814828e+002 -3.088921e+001
  4.849828e+002 -3.097632e+001
  4.884828e+002 -3.106343e+001
  4.919828e+002 -3.115056e+001
  4.954828e+002 -3.123770e+001
  4.989828e+002 -3.132487e+001
  5.024828e+002 -3.139491e+001
  5.059828e+002 -3.147560e+001
  5.094828e+002 -3.156058e+001
  5.129828e+002 -3.164721e+001
  5.164828e+002 -3.173445e+001
  5.199828e+002 -3.182200e+001
  5.234828e+002 -3.190972e+001
  5.269828e+002 -3.198082e+001
  5.304828e+002 -3.205967e+001
  5.339828e+002 -3.214282e+001
  5.374828e+002 -3.222829e+001
  5.409828e+002 -3.231501e+001
  5.444828e+002 -3.240244e+001
  5.479828e+002 -3.249028e+001
  5.514828e+002 -3.257840e+001
  5.549828e+002 -3.266672e+001
  5.584828e+002 -3.275523e+001
  5.619828e+002 -3.284388e+001
  5.654828e+002 -3.293269e+001
  5.689828e+002 -3.302166e+001
  5.724828e+002 -3.311078e+001
  5.759828e+002 -3.320006e+001
  5.794828e+002 -3.328951e+001
  5.829828e+002 -3.337912e+001
  5.864828e+002 -3.346892e+001
  5.899828e+002 -3.355889e+001
  5.934828e+002 -3.364905e+001
  5.969828e+002 -3.373941e+001
  6.004828e+002 -3.382996e+001
  6.039828e+002 -3.392072e+001
  6.074828e+002 -3.401169e+001
  6.109828e+002 -3.410287e+001
  6.144828e+002 -3.419429e+001
  6.179828e+002 -3.428593e+001
  6.214828e+002 -3.437780e+001
  6.249828e+002 -3.446992e+001
  6.284828e+002 -3.456228e+001
  6.319828e+002 -3.465491e+001
  6.354828e+002 -3.474779e+001
  6.389828e+002 -3.484095e+001
  6.424828e+002 -3.493438e+001
  6.459828e+002 -3.502809e+001
  6.494828e+002 -3.512209e+001
  6.529828e+002 -3.521639e+001
  6.564828e+002 -3.531100e+001
  6.599828e+002 -3.540592e+001
  6.634828e+002 -3.550117e+001
  6.669828e+002 -3.559674e+001
  6.704828e+002 -3.569265e+001
  6.739828e+002 -3.578925e+001
  6.774828e+002 -3.588602e+001
  6.809828e+002 -3.598307e+001
  6.844828e+002 -3.608046e+001
  6.879828e+002 -3.617820e+001
  6.914828e+002 -3.627633e+001
  6.949828e+002 -3.637484e+001
  6.984828e+002 -3.647377e+001
  7.000000e+002 -3.651689e+001

Curve 2
X : Time
Y : Thickness of Element [Node 1]

       X              Y       
------------------------------
  0.000000e+000  9.300000e-001
  7.000000e-002  9.250358e-001
  1.400000e-001  9.228816e-001
  2.240000e-001  9.206691e-001
  3.248000e-001  9.187722e-001
  4.457600e-001  9.170935e-001
  5.909120e-001  9.143294e-001
  7.650944e-001  9.116186e-001
  9.392768e-001  9.088702e-001
  1.148296e+000  9.058967e-001
  1.399118e+000  9.028287e-001
  1.700106e+000  8.997058e-001
  2.061290e+000  8.965232e-001
  2.494712e+000  8.935813e-001
  3.014817e+000  8.910438e-001
  3.534923e+000  8.887945e-001
  4.055029e+000  8.863990e-001
  4.679156e+000  8.835767e-001
  5.428109e+000  8.811243e-001
  6.177061e+000  8.784939e-001
  7.075804e+000  8.753718e-001
  8.154296e+000  8.718235e-001
  9.448485e+000  8.678834e-001
  1.100151e+001  8.643115e-001
  1.286515e+001  8.606625e-001
  1.472878e+001  8.572788e-001
  1.659241e+001  8.536703e-001
  1.882877e+001  8.493754e-001
  2.151241e+001  8.455804e-001
  2.473276e+001  8.406781e-001
  2.823276e+001  8.353730e-001
  3.173276e+001  8.302671e-001
  3.523277e+001  8.259566e-001
  3.873277e+001  8.224391e-001
  4.223277e+001  8.190380e-001
  4.514943e+001  8.162745e-001
  4.806610e+001  8.132489e-001
  5.156610e+001  8.095269e-001
  5.506610e+001  8.058302e-001
  5.856610e+001  8.022117e-001
  6.206610e+001  7.986918e-001
  6.556609e+001  7.952747e-001
  6.906609e+001  7.919576e-001
  7.256609e+001  7.887349e-001
  7.606609e+001  7.856001e-001
  7.956609e+001  7.825464e-001
  8.306609e+001  7.795678e-001
  8.656609e+001  7.772890e-001
  9.006609e+001  7.749961e-001
  9.356609e+001  7.724865e-001
  9.706609e+001  7.703589e-001
  1.005661e+002  7.679807e-001
  1.040661e+002  7.654854e-001
  1.075661e+002  7.629497e-001
  1.110661e+002  7.604137e-001
  1.145661e+002  7.578971e-001
  1.180661e+002  7.554090e-001
  1.215661e+002  7.529529e-001
  1.250661e+002  7.505297e-001
  1.285661e+002  7.481392e-001
  1.320661e+002  7.457803e-001
  1.355661e+002  7.434519e-001
  1.390661e+002  7.411526e-001
  1.425661e+002  7.388813e-001
  1.460661e+002  7.366366e-001
  1.495661e+002  7.344175e-001
  1.530661e+002  7.322227e-001
  1.565661e+002  7.300513e-001
  1.600661e+002  7.279022e-001
  1.635661e+002  7.257744e-001
  1.670661e+002  7.236672e-001
  1.705661e+002  7.215797e-001
  1.740661e+002  7.195110e-001
  1.775661e+002  7.174604e-001
  1.810661e+002  7.154273e-001
  1.845661e+002  7.137611e-001
  1.874828e+002  7.122451e-001
  1.909828e+002  7.103504e-001
  1.944828e+002  7.084233e-001
  1.979828e+002  7.064862e-001
  2.014828e+002  7.045506e-001
  2.049828e+002  7.026223e-001
  2.084828e+002  7.007038e-001
  2.119828e+002  6.987963e-001
  2.154828e+002  6.969002e-001
  2.189828e+002  6.950154e-001
  2.224828e+002  6.931418e-001
  2.259828e+002  6.912791e-001
  2.294828e+002  6.894270e-001
  2.329828e+002  6.875852e-001
  2.364828e+002  6.857535e-001
  2.399828e+002  6.839314e-001
  2.434828e+002  6.821187e-001
  2.469828e+002  6.803152e-001
  2.504828e+002  6.785205e-001
  2.539828e+002  6.767344e-001
  2.574828e+002  6.749567e-001
  2.609828e+002  6.731870e-001
  2.644828e+002  6.714251e-001
  2.679828e+002  6.696708e-001
  2.714828e+002  6.679224e-001
  2.749828e+002  6.661819e-001
  2.784828e+002  6.644487e-001
  2.819828e+002  6.627225e-001
  2.854828e+002  6.610028e-001
  2.889828e+002  6.592895e-001
  2.924828e+002  6.575823e-001
  2.959828e+002  6.558810e-001
  2.994828e+002  6.541855e-001
  3.029828e+002  6.524954e-001
  3.064828e+002  6.508107e-001
  3.099828e+002  6.491312e-001
  3.134828e+002  6.474567e-001
  3.169828e+002  6.457870e-001
  3.204828e+002  6.441220e-001
  3.239828e+002  6.424615e-001
  3.274828e+002  6.408053e-001
  3.309828e+002  6.391534e-001
  3.344828e+002  6.375056e-001
  3.379828e+002  6.358616e-001
  3.414828e+002  6.342215e-001
  3.449828e+002  6.325850e-001
  3.484828e+002  6.309520e-001
  3.519828e+002  6.293224e-001
  3.554828e+002  6.276961e-001
  3.589828e+002  6.260704e-001
  3.624828e+002  6.244468e-001
  3.659828e+002  6.228258e-001
  3.694828e+002  6.212096e-001
  3.729828e+002  6.195970e-001
  3.764828e+002  6.179875e-001
  3.799828e+002  6.163807e-001
  3.834828e+002  6.147763e-001
  3.869828e+002  6.131742e-001
  3.904828e+002  6.115743e-001
  3.939828e+002  6.099764e-001
  3.974828e+002  6.083805e-001
  4.009828e+002  6.067865e-001
  4.044828e+002  6.051942e-001
  4.079828e+002  6.036036e-001
  4.114828e+002  6.020145e-001
  4.149828e+002  6.004269e-001
  4.184828e+002  5.988407e-001
  4.219828e+002  5.972559e-001
  4.254828e+002  5.956722e-001
  4.289828e+002  5.940897e-001
  4.324828e+002  5.925083e-001
  4.359828e+002  5.909278e-001
  4.394828e+002  5.893482e-001
  4.429828e+002  5.877694e-001
  4.464828e+002  5.861913e-001
  4.499828e+002  5.846139e-001
  4.534828e+002  5.830370e-001
  4.569828e+002  5.814605e-001
  4.604828e+002  5.798845e-001
  4.639828e+002  5.783087e-001
  4.674828e+002  5.767332e-001
  4.709828e+002  5.751579e-001
  4.744828e+002  5.735825e-001
  4.779828e+002  5.720072e-001
  4.814828e+002  5.704317e-001
  4.849828e+002  5.688561e-001
  4.884828e+002  5.672802e-001
  4.919828e+002  5.657039e-001
  4.954828e+002  5.641272e-001
  4.989828e+002  5.625500e-001
  5.024828e+002  5.612830e-001
  5.059828e+002  5.598223e-001
  5.094828e+002  5.582836e-001
  5.129828e+002  5.567145e-001
  5.164828e+002  5.551340e-001
  5.199828e+002  5.535489e-001
  5.234828e+002  5.519612e-001
  5.269828e+002  5.506762e-001
  5.304828e+002  5.492514e-001
  5.339828e+002  5.477493e-001
  5.374828e+002  5.462056e-001
  5.409828e+002  5.446396e-001
  5.444828e+002  5.430613e-001
  5.479828e+002  5.414760e-001
  5.514828e+002  5.398861e-001
  5.549828e+002  5.382930e-001
  5.584828e+002  5.366974e-001
  5.619828e+002  5.350994e-001
  5.654828e+002  5.334992e-001
  5.689828e+002  5.318968e-001
  5.724828e+002  5.302922e-001
  5.759828e+002  5.286852e-001
  5.794828e+002  5.270759e-001
  5.829828e+002  5.254642e-001
  5.864828e+002  5.238499e-001
  5.899828e+002  5.222331e-001
  5.934828e+002  5.206136e-001
  5.969828e+002  5.189913e-001
  6.004828e+002  5.173661e-001
  6.039828e+002  5.157381e-001
  6.074828e+002  5.141070e-001
  6.109828e+002  5.124728e-001
  6.144828e+002  5.108354e-001
  6.179828e+002  5.091948e-001
  6.214828e+002  5.075508e-001
  6.249828e+002  5.059034e-001
  6.284828e+002  5.042524e-001
  6.319828e+002  5.025978e-001
  6.354828e+002  5.009395e-001
  6.389828e+002  4.992773e-001
  6.424828e+002  4.976112e-001
  6.459828e+002  4.959411e-001
  6.494828e+002  4.942669e-001
  6.529828e+002  4.925885e-001
  6.564828e+002  4.909058e-001
  6.599828e+002  4.892187e-001
  6.634828e+002  4.875270e-001
  6.669828e+002  4.858307e-001
  6.704828e+002  4.841296e-001
  6.739828e+002  4.824174e-001
  6.774828e+002  4.807034e-001
  6.809828e+002  4.789859e-001
  6.844828e+002  4.772641e-001
  6.879828e+002  4.755373e-001
  6.914828e+002  4.738053e-001
  6.949828e+002  4.720678e-001
  6.984828e+002  4.703247e-001
  7.000000e+002  4.695658e-001
