HISTORY PLOT
job1

Curve 1
X : Time
Y : Displacement Y [Node 1]

       X              Y       
------------------------------
  0.000000e+000  0.000000e+000
  4.500000e-001 -3.487379e+000
  9.000000e-001 -4.141009e+000
  1.440000e+000 -4.642917e+000
  1.980000e+000 -4.958677e+000
  2.520000e+000 -5.182802e+000
  3.060000e+000 -5.908434e+000
  3.600000e+000 -6.415685e+000
  4.140000e+000 -6.891663e+000
  4.788000e+000 -7.369246e+000
  5.565600e+000 -7.827261e+000
  6.498720e+000 -8.263130e+000
  7.618464e+000 -8.681109e+000
  8.962157e+000 -9.013376e+000
  1.057459e+001 -9.299719e+000
  1.218702e+001 -9.556721e+000
  1.379945e+001 -9.823885e+000
  1.573437e+001 -1.013123e+001
  1.805627e+001 -1.038127e+001
  2.037817e+001 -1.064737e+001
  2.316445e+001 -1.095888e+001
  2.650799e+001 -1.130567e+001
  3.052024e+001 -1.168097e+001
  3.533493e+001 -1.208085e+001
  4.111256e+001 -1.239900e+001
  4.689019e+001 -1.267927e+001
  5.382336e+001 -1.303434e+001
  6.214315e+001 -1.344791e+001
  7.212690e+001 -1.379919e+001
  8.211065e+001 -1.416993e+001
  9.409115e+001 -1.460392e+001
  1.084678e+002 -1.508952e+001
  1.257197e+002 -1.549876e+001
  1.429716e+002 -1.585340e+001
  1.602235e+002 -1.620659e+001
  1.774754e+002 -1.657777e+001
  1.981777e+002 -1.701680e+001
  2.206777e+002 -1.738193e+001
  2.431777e+002 -1.776765e+001
  2.656777e+002 -1.815262e+001
  2.881777e+002 -1.852648e+001
  3.106777e+002 -1.880694e+001
  3.331777e+002 -1.906704e+001
  3.556777e+002 -1.931612e+001
  3.781777e+002 -1.956918e+001
  4.006777e+002 -1.984360e+001
  4.231777e+002 -2.012503e+001
  4.456777e+002 -2.040554e+001
  4.681777e+002 -2.068120e+001
  4.906777e+002 -2.095035e+001
  5.131777e+002 -2.121245e+001
  5.356777e+002 -2.146759e+001
  5.581777e+002 -2.171604e+001
  5.806777e+002 -2.195819e+001
  6.031777e+002 -2.219448e+001
  6.256777e+002 -2.242533e+001
  6.481777e+002 -2.260347e+001
  6.706777e+002 -2.277092e+001
  6.931777e+002 -2.295927e+001
  7.156777e+002 -2.315812e+001
  7.381777e+002 -2.336114e+001
  7.606777e+002 -2.352869e+001
  7.831777e+002 -2.371182e+001
  8.056777e+002 -2.390248e+001
  8.281777e+002 -2.409598e+001
  8.506777e+002 -2.428978e+001
  8.731777e+002 -2.448260e+001
  8.956777e+002 -2.467380e+001
  9.181777e+002 -2.486312e+001
  9.406777e+002 -2.505048e+001
  9.631777e+002 -2.523588e+001
  9.856777e+002 -2.541939e+001
  1.008178e+003 -2.556454e+001
  1.030678e+003 -2.572456e+001
  1.053178e+003 -2.589235e+001
  1.075678e+003 -2.606372e+001
  1.098178e+003 -2.623637e+001
  1.120678e+003 -2.640908e+001
  1.143178e+003 -2.658124e+001
  1.165678e+003 -2.671239e+001
  1.188178e+003 -2.686059e+001
  1.210678e+003 -2.701826e+001
  1.233178e+003 -2.715333e+001
  1.255678e+003 -2.730280e+001
  1.278178e+003 -2.746013e+001
  1.300678e+003 -2.762142e+001
  1.323178e+003 -2.775443e+001
  1.345678e+003 -2.790152e+001
  1.368178e+003 -2.805636e+001
  1.390678e+003 -2.821518e+001
  1.413178e+003 -2.837590e+001
  1.435678e+003 -2.853738e+001
  1.458178e+003 -2.869906e+001
  1.480678e+003 -2.886064e+001
  1.503178e+003 -2.902200e+001
  1.525678e+003 -2.918306e+001
  1.548178e+003 -2.934383e+001
  1.570678e+003 -2.950432e+001
  1.593178e+003 -2.966455e+001
  1.615678e+003 -2.982455e+001
  1.638178e+003 -2.998435e+001
  1.660678e+003 -3.014399e+001
  1.683178e+003 -3.027403e+001
  1.705678e+003 -3.039737e+001
  1.728178e+003 -3.053649e+001
  1.750678e+003 -3.068473e+001
  1.773178e+003 -3.083803e+001
  1.795678e+003 -3.099411e+001
  1.818178e+003 -3.115172e+001
  1.840678e+003 -3.131023e+001
  1.863178e+003 -3.143430e+001
  1.885678e+003 -3.157415e+001
  1.908178e+003 -3.172668e+001
  1.930678e+003 -3.188288e+001
  1.953178e+003 -3.201144e+001
  1.975678e+003 -3.215441e+001
  1.998178e+003 -3.230578e+001
  2.020678e+003 -3.246199e+001
  2.043178e+003 -3.262105e+001
  2.065678e+003 -3.275232e+001
  2.084428e+003 -3.287361e+001
  2.106928e+003 -3.302740e+001
  2.129428e+003 -3.318602e+001
  2.151928e+003 -3.334755e+001
  2.174428e+003 -3.351095e+001
  2.196928e+003 -3.367571e+001
  2.219428e+003 -3.384157e+001
  2.241928e+003 -3.400839e+001
  2.264428e+003 -3.417613e+001
  2.286928e+003 -3.434480e+001
  2.309428e+003 -3.451439e+001
  2.331928e+003 -3.468495e+001
  2.354428e+003 -3.485651e+001
  2.376928e+003 -3.502913e+001
  2.399428e+003 -3.520282e+001
  2.421928e+003 -3.537766e+001
  2.444428e+003 -3.555369e+001
  2.466928e+003 -3.573096e+001
  2.489428e+003 -3.590954e+001
  2.511928e+003 -3.604851e+001
  2.534428e+003 -3.620648e+001
  2.556928e+003 -3.637610e+001
  2.579428e+003 -3.655290e+001
  2.601928e+003 -3.673436e+001
  2.624428e+003 -3.691913e+001
  2.646928e+003 -3.707194e+001
  2.669428e+003 -3.724202e+001
  2.691928e+003 -3.742280e+001
  2.714428e+003 -3.761042e+001
  2.736928e+003 -3.776981e+001
  2.755678e+003 -3.791745e+001
  2.778178e+003 -3.810548e+001
  2.800678e+003 -3.830059e+001
  2.823178e+003 -3.850070e+001
  2.845678e+003 -3.866813e+001
  2.868178e+003 -3.885459e+001
  2.890678e+003 -3.905315e+001
  2.913178e+003 -3.925973e+001
  2.935678e+003 -3.947213e+001
  2.958178e+003 -3.968919e+001
  2.980678e+003 -3.991038e+001
  3.003178e+003 -4.013549e+001
  3.025678e+003 -4.036450e+001
  3.048178e+003 -4.059748e+001
  3.070678e+003 -4.083457e+001
  3.093178e+003 -4.107596e+001
  3.115678e+003 -4.132185e+001
  3.138178e+003 -4.157248e+001
  3.160678e+003 -4.182811e+001
  3.183178e+003 -4.208904e+001
  3.205678e+003 -4.235557e+001
  3.228178e+003 -4.262805e+001
  3.250678e+003 -4.290685e+001
  3.273178e+003 -4.314986e+001
  3.295678e+003 -4.338194e+001
  3.318178e+003 -4.364558e+001
  3.340678e+003 -4.393101e+001
  3.363178e+003 -4.419825e+001
  3.385678e+003 -4.449271e+001
  3.408178e+003 -4.481656e+001
  3.430678e+003 -4.515218e+001
  3.453178e+003 -4.549999e+001
  3.475678e+003 -4.586070e+001
  3.498178e+003 -4.623526e+001
  3.520678e+003 -4.655736e+001
  3.543178e+003 -4.692239e+001
  3.565678e+003 -4.732012e+001
  3.588178e+003 -4.774545e+001
  3.610678e+003 -4.819667e+001
  3.633178e+003 -4.867419e+001
  3.655678e+003 -4.917989e+001
  3.678178e+003 -4.971675e+001
  3.700678e+003 -5.028884e+001
  3.723178e+003 -5.090139e+001
  3.745678e+003 -5.156112e+001
  3.768178e+003 -5.227666e+001
  3.790678e+003 -5.305932e+001
  3.813178e+003 -5.392429e+001
  3.835678e+003 -5.489256e+001
  3.858178e+003 -5.595531e+001
  3.880678e+003 -5.721516e+001
  3.903178e+003 -5.883246e+001
  3.925678e+003 -6.109032e+001
  3.944428e+003 -6.429217e+001
  3.955604e+003 -6.778101e+001
  3.959933e+003 -7.018990e+001
  3.963541e+003 -7.478654e+001
  3.964481e+003 -7.735985e+001
  3.964936e+003 -8.001201e+001
  3.965113e+003 -8.205256e+001
  3.965191e+003 -8.373201e+001
  3.965245e+003 -8.663876e+001

Curve 2
X : Time
Y : Thickness of Element [Node 1]

       X              Y       
------------------------------
  0.000000e+000  9.300000e-001
  4.500000e-001  9.262655e-001
  9.000000e-001  9.241847e-001
  1.440000e+000  9.221646e-001
  1.980000e+000  9.207560e-001
  2.520000e+000  9.196945e-001
  3.060000e+000  9.158666e-001
  3.600000e+000  9.129385e-001
  4.140000e+000  9.100299e-001
  4.788000e+000  9.069264e-001
  5.565600e+000  9.037596e-001
  6.498720e+000  9.005669e-001
  7.618464e+000  8.973405e-001
  8.962157e+000  8.946588e-001
  1.057459e+001  8.922501e-001
  1.218702e+001  8.900239e-001
  1.379945e+001  8.876553e-001
  1.573437e+001  8.848614e-001
  1.805627e+001  8.825199e-001
  2.037817e+001  8.799740e-001
  2.316445e+001  8.769238e-001
  2.650799e+001  8.734396e-001
  3.052024e+001  8.695637e-001
  3.533493e+001  8.653148e-001
  4.111256e+001  8.618276e-001
  4.689019e+001  8.586915e-001
  5.382336e+001  8.546447e-001
  6.214315e+001  8.498253e-001
  7.212690e+001  8.456151e-001
  8.211065e+001  8.410823e-001
  9.409115e+001  8.356619e-001
  1.084678e+002  8.294529e-001
  1.257197e+002  8.240717e-001
  1.429716e+002  8.193182e-001
  1.602235e+002  8.144995e-001
  1.774754e+002  8.093660e-001
  1.981777e+002  8.032012e-001
  2.206777e+002  7.979745e-001
  2.431777e+002  7.923766e-001
  2.656777e+002  7.867115e-001
  2.881777e+002  7.811345e-001
  3.106777e+002  7.768971e-001
  3.331777e+002  7.729243e-001
  3.556777e+002  7.690871e-001
  3.781777e+002  7.651589e-001
  4.006777e+002  7.608702e-001
  4.231777e+002  7.564394e-001
  4.456777e+002  7.519897e-001
  4.681777e+002  7.475838e-001
  4.906777e+002  7.432506e-001
  5.131777e+002  7.390011e-001
  5.356777e+002  7.348372e-001
  5.581777e+002  7.307566e-001
  5.806777e+002  7.267553e-001
  6.031777e+002  7.228284e-001
  6.256777e+002  7.189708e-001
  6.481777e+002  7.159773e-001
  6.706777e+002  7.131534e-001
  6.931777e+002  7.099673e-001
  7.156777e+002  7.065931e-001
  7.381777e+002  7.031362e-001
  7.606777e+002  7.002704e-001
  7.831777e+002  6.971297e-001
  8.056777e+002  6.938508e-001
  8.281777e+002  6.905131e-001
  8.506777e+002  6.871601e-001
  8.731777e+002  6.838144e-001
  8.956777e+002  6.804870e-001
  9.181777e+002  6.771829e-001
  9.406777e+002  6.739042e-001
  9.631777e+002  6.706510e-001
  9.856777e+002  6.674229e-001
  1.008178e+003  6.648614e-001
  1.030678e+003  6.620320e-001
  1.053178e+003  6.590593e-001
  1.075678e+003  6.560171e-001
  1.098178e+003  6.529461e-001
  1.120678e+003  6.498680e-001
  1.143178e+003  6.467938e-001
  1.165678e+003  6.444481e-001
  1.188178e+003  6.417945e-001
  1.210678e+003  6.389684e-001
  1.233178e+003  6.365447e-001
  1.255678e+003  6.338596e-001
  1.278178e+003  6.310304e-001
  1.300678e+003  6.281270e-001
  1.323178e+003  6.257294e-001
  1.345678e+003  6.230756e-001
  1.368178e+003  6.202797e-001
  1.390678e+003  6.174095e-001
  1.413178e+003  6.145025e-001
  1.435678e+003  6.115791e-001
  1.458178e+003  6.086498e-001
  1.480678e+003  6.057200e-001
  1.503178e+003  6.027922e-001
  1.525678e+003  5.998675e-001
  1.548178e+003  5.969461e-001
  1.570678e+003  5.940280e-001
  1.593178e+003  5.911129e-001
  1.615678e+003  5.882005e-001
  1.638178e+003  5.852901e-001
  1.660678e+003  5.823814e-001
  1.683178e+003  5.800103e-001
  1.705678e+003  5.777601e-001
  1.728178e+003  5.752213e-001
  1.750678e+003  5.725153e-001
  1.773178e+003  5.697163e-001
  1.795678e+003  5.668663e-001
  1.818178e+003  5.639879e-001
  1.840678e+003  5.610930e-001
  1.863178e+003  5.588272e-001
  1.885678e+003  5.562734e-001
  1.908178e+003  5.534871e-001
  1.930678e+003  5.506355e-001
  1.953178e+003  5.482893e-001
  1.975678e+003  5.456812e-001
  1.998178e+003  5.429209e-001
  2.020678e+003  5.400739e-001
  2.043178e+003  5.371767e-001
  2.065678e+003  5.347860e-001
  2.084428e+003  5.325784e-001
  2.106928e+003  5.297799e-001
  2.129428e+003  5.268960e-001
  2.151928e+003  5.239615e-001
  2.174428e+003  5.209951e-001
  2.196928e+003  5.180066e-001
  2.219428e+003  5.150011e-001
  2.241928e+003  5.119807e-001
  2.264428e+003  5.089466e-001
  2.286928e+003  5.058989e-001
  2.309428e+003  5.028374e-001
  2.331928e+003  4.997619e-001
  2.354428e+003  4.966718e-001
  2.376928e+003  4.935666e-001
  2.399428e+003  4.904455e-001
  2.421928e+003  4.873080e-001
  2.444428e+003  4.841534e-001
  2.466928e+003  4.809808e-001
  2.489428e+003  4.777896e-001
  2.511928e+003  4.753097e-001
  2.534428e+003  4.724933e-001
  2.556928e+003  4.694731e-001
  2.579428e+003  4.663299e-001
  2.601928e+003  4.631094e-001
  2.624428e+003  4.598361e-001
  2.646928e+003  4.571341e-001
  2.669428e+003  4.541317e-001
  2.691928e+003  4.509466e-001
  2.714428e+003  4.476485e-001
  2.736928e+003  4.448521e-001
  2.755678e+003  4.422668e-001
  2.778178e+003  4.389798e-001
  2.800678e+003  4.355774e-001
  2.823178e+003  4.320971e-001
  2.845678e+003  4.291927e-001
  2.868178e+003  4.259647e-001
  2.890678e+003  4.225363e-001
  2.913178e+003  4.189798e-001
  2.935678e+003  4.153347e-001
  2.958178e+003  4.116218e-001
  2.980678e+003  4.078512e-001
  3.003178e+003  4.040275e-001
  3.025678e+003  4.001520e-001
  3.048178e+003  3.962242e-001
  3.070678e+003  3.922428e-001
  3.093178e+003  3.882059e-001
  3.115678e+003  3.841111e-001
  3.138178e+003  3.799555e-001
  3.160678e+003  3.757364e-001
  3.183178e+003  3.714504e-001
  3.205678e+003  3.670939e-001
  3.228178e+003  3.626632e-001
  3.250678e+003  3.581540e-001
  3.273178e+003  3.542453e-001
  3.295678e+003  3.505279e-001
  3.318178e+003  3.463219e-001
  3.340678e+003  3.417927e-001
  3.363178e+003  3.375784e-001
  3.385678e+003  3.329604e-001
  3.408178e+003  3.279154e-001
  3.430678e+003  3.227259e-001
  3.453178e+003  3.173926e-001
  3.475678e+003  3.119105e-001
  3.498178e+003  3.062712e-001
  3.520678e+003  3.014686e-001
  3.543178e+003  2.960696e-001
  3.565678e+003  2.902440e-001
  3.588178e+003  2.840824e-001
  3.610678e+003  2.776248e-001
  3.633178e+003  2.708805e-001
  3.655678e+003  2.638398e-001
  3.678178e+003  2.564804e-001
  3.700678e+003  2.487695e-001
  3.723178e+003  2.406646e-001
  3.745678e+003  2.321116e-001
  3.768178e+003  2.230429e-001
  3.790678e+003  2.133723e-001
  3.813178e+003  2.029885e-001
  3.835678e+003  1.917441e-001
  3.858178e+003  1.798343e-001
  3.880678e+003  1.662108e-001
  3.903178e+003  1.495639e-001
  3.925678e+003  1.278617e-001
  3.944428e+003  1.000831e-001
  3.955604e+003  7.421473e-002
  3.959933e+003  5.932306e-002
  3.963541e+003  3.394694e-002
  3.964481e+003  2.380356e-002
  3.964936e+003  1.562457e-002
  3.965113e+003  1.125560e-002
  3.965191e+003  8.687297e-003
  3.965245e+003  5.716575e-003
