HISTORY PLOT
job1

Curve 1
X : Time
Y : Displacement Y [Node 1]

       X              Y       
------------------------------
  0.000000e+000  0.000000e+000
  4.500000e-001 -3.024179e+000
  9.000000e-001 -3.572092e+000
  1.350000e+000 -3.897107e+000
  1.890000e+000 -4.227316e+000
  2.538000e+000 -4.482458e+000
  3.186000e+000 -5.046465e+000
  3.963600e+000 -5.638895e+000
  4.896720e+000 -6.096247e+000
  6.016464e+000 -6.442418e+000
  7.136208e+000 -6.778925e+000
  8.479900e+000 -7.049478e+000
  9.823593e+000 -7.323925e+000
  1.143602e+001 -7.628004e+000
  1.337094e+001 -7.948545e+000
  1.569284e+001 -8.278580e+000
  1.847913e+001 -8.615178e+000
  2.182266e+001 -8.957686e+000
  2.583491e+001 -9.217260e+000
  2.984715e+001 -9.448134e+000
  3.466185e+001 -9.733417e+000
  4.043948e+001 -1.005812e+001
  4.737264e+001 -1.032011e+001
  5.430580e+001 -1.059816e+001
  6.262559e+001 -1.092204e+001
  7.260934e+001 -1.128082e+001
  8.458984e+001 -1.166750e+001
  9.896644e+001 -1.207819e+001
  1.162184e+002 -1.239132e+001
  1.334703e+002 -1.268765e+001
  1.541726e+002 -1.305808e+001
  1.766726e+002 -1.344731e+001
  1.991726e+002 -1.373118e+001
  2.216726e+002 -1.403258e+001
  2.441726e+002 -1.433200e+001
  2.666726e+002 -1.462025e+001
  2.891726e+002 -1.489410e+001
  3.116726e+002 -1.515319e+001
  3.341726e+002 -1.534613e+001
  3.566726e+002 -1.553350e+001
  3.791726e+002 -1.571267e+001
  4.016726e+002 -1.590511e+001
  4.241726e+002 -1.607185e+001
  4.466726e+002 -1.625100e+001
  4.691726e+002 -1.643367e+001
  4.916726e+002 -1.661506e+001
  5.141726e+002 -1.679286e+001
  5.366726e+002 -1.696609e+001
  5.591726e+002 -1.713448e+001
  5.816726e+002 -1.729806e+001
  6.041726e+002 -1.742321e+001
  6.266726e+002 -1.756037e+001
  6.491726e+002 -1.770250e+001
  6.716726e+002 -1.784555e+001
  6.941726e+002 -1.798745e+001
  7.166726e+002 -1.812720e+001
  7.391726e+002 -1.826436e+001
  7.616726e+002 -1.839882e+001
  7.841726e+002 -1.853058e+001
  8.066726e+002 -1.865972e+001
  8.291726e+002 -1.878635e+001
  8.516726e+002 -1.891069e+001
  8.741726e+002 -1.903282e+001
  8.966726e+002 -1.915283e+001
  9.191726e+002 -1.927083e+001
  9.416726e+002 -1.938689e+001
  9.641726e+002 -1.950110e+001
  9.866726e+002 -1.959256e+001
  1.009173e+003 -1.969226e+001
  1.031673e+003 -1.979584e+001
  1.054173e+003 -1.990079e+001
  1.076673e+003 -2.000578e+001
  1.099173e+003 -2.011012e+001
  1.121673e+003 -2.021347e+001
  1.144173e+003 -2.031569e+001
  1.166673e+003 -2.041673e+001
  1.189173e+003 -2.051657e+001
  1.211673e+003 -2.061524e+001
  1.234173e+003 -2.071276e+001
  1.256673e+003 -2.080916e+001
  1.279173e+003 -2.090448e+001
  1.301673e+003 -2.099875e+001
  1.324173e+003 -2.109202e+001
  1.346673e+003 -2.118419e+001
  1.369173e+003 -2.127546e+001
  1.391673e+003 -2.136584e+001
  1.414173e+003 -2.145536e+001
  1.436673e+003 -2.154401e+001
  1.459173e+003 -2.163184e+001
  1.481673e+003 -2.171886e+001
  1.504173e+003 -2.180510e+001
  1.526673e+003 -2.189058e+001
  1.549173e+003 -2.197533e+001
  1.571673e+003 -2.205935e+001
  1.594173e+003 -2.214269e+001
  1.616673e+003 -2.222535e+001
  1.639173e+003 -2.230735e+001
  1.661673e+003 -2.238872e+001
  1.684173e+003 -2.246947e+001
  1.706673e+003 -2.254963e+001
  1.729173e+003 -2.262923e+001
  1.751673e+003 -2.270830e+001
  1.774173e+003 -2.278683e+001
  1.796673e+003 -2.286484e+001
  1.819173e+003 -2.294234e+001
  1.841673e+003 -2.301935e+001
  1.864173e+003 -2.309588e+001
  1.886673e+003 -2.317193e+001
  1.909173e+003 -2.324751e+001
  1.931673e+003 -2.332264e+001
  1.954173e+003 -2.339733e+001
  1.976673e+003 -2.345553e+001
  1.999173e+003 -2.352064e+001
  2.021673e+003 -2.358950e+001
  2.044173e+003 -2.366021e+001
  2.066673e+003 -2.373172e+001
  2.089173e+003 -2.380347e+001
  2.111673e+003 -2.387517e+001
  2.134173e+003 -2.394666e+001
  2.156673e+003 -2.401788e+001
  2.179173e+003 -2.408879e+001
  2.201673e+003 -2.415938e+001
  2.224173e+003 -2.422964e+001
  2.246673e+003 -2.429957e+001
  2.269173e+003 -2.436918e+001
  2.291673e+003 -2.443847e+001
  2.314173e+003 -2.450744e+001
  2.336673e+003 -2.457611e+001
  2.359173e+003 -2.464448e+001
  2.381673e+003 -2.471256e+001
  2.404173e+003 -2.478034e+001
  2.426673e+003 -2.484785e+001
  2.449173e+003 -2.491507e+001
  2.471673e+003 -2.498202e+001
  2.494173e+003 -2.504871e+001
  2.516673e+003 -2.511514e+001
  2.539173e+003 -2.518131e+001
  2.561673e+003 -2.524723e+001
  2.584173e+003 -2.531291e+001
  2.606673e+003 -2.537834e+001
  2.629173e+003 -2.544354e+001
  2.651673e+003 -2.550854e+001
  2.674173e+003 -2.557329e+001
  2.696673e+003 -2.563782e+001
  2.719173e+003 -2.570214e+001
  2.741673e+003 -2.576623e+001
  2.764173e+003 -2.583012e+001
  2.786673e+003 -2.589381e+001
  2.809173e+003 -2.595729e+001
  2.831673e+003 -2.602058e+001
  2.854173e+003 -2.608368e+001
  2.876673e+003 -2.614660e+001
  2.899173e+003 -2.620933e+001
  2.921673e+003 -2.627189e+001
  2.944173e+003 -2.633427e+001
  2.966673e+003 -2.639648e+001
  2.989173e+003 -2.645852e+001
  3.011673e+003 -2.652040e+001
  3.034173e+003 -2.658212e+001
  3.056673e+003 -2.664368e+001
  3.079173e+003 -2.670510e+001
  3.101673e+003 -2.676638e+001
  3.124173e+003 -2.682753e+001
  3.146673e+003 -2.688856e+001
  3.169173e+003 -2.694945e+001
  3.191673e+003 -2.701021e+001
  3.214173e+003 -2.707085e+001
  3.236673e+003 -2.713136e+001
  3.259173e+003 -2.719175e+001
  3.281673e+003 -2.725204e+001
  3.304173e+003 -2.731220e+001
  3.326673e+003 -2.737225e+001
  3.349173e+003 -2.743219e+001
  3.371673e+003 -2.749203e+001
  3.394173e+003 -2.755176e+001
  3.416673e+003 -2.761138e+001
  3.439173e+003 -2.767090e+001
  3.461673e+003 -2.773033e+001
  3.484173e+003 -2.777771e+001
  3.502923e+003 -2.782165e+001
  3.525423e+003 -2.787735e+001
  3.547923e+003 -2.793461e+001
  3.570423e+003 -2.799267e+001
  3.592923e+003 -2.805111e+001
  3.615423e+003 -2.810970e+001
  3.637923e+003 -2.816835e+001
  3.660423e+003 -2.822697e+001
  3.682923e+003 -2.828556e+001
  3.705423e+003 -2.834409e+001
  3.727923e+003 -2.840256e+001
  3.750423e+003 -2.846096e+001
  3.772923e+003 -2.851930e+001
  3.795423e+003 -2.857757e+001
  3.817923e+003 -2.863578e+001
  3.840423e+003 -2.869392e+001
  3.862923e+003 -2.875201e+001
  3.885423e+003 -2.881004e+001
  3.907923e+003 -2.886801e+001
  3.930423e+003 -2.892592e+001
  3.952923e+003 -2.898378e+001
  3.975423e+003 -2.904160e+001
  3.997923e+003 -2.909936e+001
  4.020423e+003 -2.915707e+001
  4.042923e+003 -2.921474e+001
  4.065423e+003 -2.927236e+001
  4.087923e+003 -2.932994e+001
  4.110422e+003 -2.938748e+001
  4.132922e+003 -2.944498e+001
  4.155422e+003 -2.950244e+001
  4.177922e+003 -2.955986e+001
  4.200422e+003 -2.961726e+001
  4.222922e+003 -2.967462e+001
  4.245422e+003 -2.973195e+001
  4.267922e+003 -2.978924e+001
  4.290422e+003 -2.984652e+001
  4.312922e+003 -2.990376e+001
  4.335422e+003 -2.996099e+001
  4.357922e+003 -3.001819e+001
  4.380422e+003 -3.007537e+001
  4.402922e+003 -3.013253e+001
  4.425422e+003 -3.018967e+001
  4.447922e+003 -3.024687e+001
  4.470422e+003 -3.030408e+001
  4.492922e+003 -3.036123e+001
  4.500000e+003 -3.037924e+001

Curve 2
X : Time
Y : Thickness of Element [Node 1]

       X              Y       
------------------------------
  0.000000e+000  9.300000e-001
  4.500000e-001  9.264495e-001
  9.000000e-001  9.248416e-001
  1.350000e+000  9.237553e-001
  1.890000e+000  9.225259e-001
  2.538000e+000  9.214950e-001
  3.186000e+000  9.189532e-001
  3.963600e+000  9.160662e-001
  4.896720e+000  9.136279e-001
  6.016464e+000  9.116163e-001
  7.136208e+000  9.095653e-001
  8.479900e+000  9.078301e-001
  9.823593e+000  9.060072e-001
  1.143602e+001  9.039134e-001
  1.337094e+001  9.016201e-001
  1.569284e+001  8.991648e-001
  1.847913e+001  8.965616e-001
  2.182266e+001  8.938102e-001
  2.583491e+001  8.916424e-001
  2.984715e+001  8.896675e-001
  3.466185e+001  8.871714e-001
  4.043948e+001  8.842532e-001
  4.737264e+001  8.818234e-001
  5.430580e+001  8.791853e-001
  6.262559e+001  8.760359e-001
  7.260934e+001  8.724512e-001
  8.458984e+001  8.684753e-001
  9.896644e+001  8.641257e-001
  1.162184e+002  8.607069e-001
  1.334703e+002  8.574003e-001
  1.541726e+002  8.531862e-001
  1.766726e+002  8.486580e-001
  1.991726e+002  8.452747e-001
  2.216726e+002  8.416207e-001
  2.441726e+002  8.379281e-001
  2.666726e+002  8.343136e-001
  2.891726e+002  8.308256e-001
  3.116726e+002  8.274771e-001
  3.341726e+002  8.249513e-001
  3.566726e+002  8.224716e-001
  3.791726e+002  8.200790e-001
  4.016726e+002  8.174890e-001
  4.241726e+002  8.152247e-001
  4.466726e+002  8.127743e-001
  4.691726e+002  8.102565e-001
  4.916726e+002  8.077369e-001
  5.141726e+002  8.052480e-001
  5.366726e+002  8.028049e-001
  5.591726e+002  8.004129e-001
  5.816726e+002  7.980729e-001
  6.041726e+002  7.962711e-001
  6.266726e+002  7.942853e-001
  6.491726e+002  7.922163e-001
  6.716726e+002  7.901220e-001
  6.941726e+002  7.880331e-001
  7.166726e+002  7.859649e-001
  7.391726e+002  7.839242e-001
  7.616726e+002  7.819138e-001
  7.841726e+002  7.799341e-001
  8.066726e+002  7.779846e-001
  8.291726e+002  7.760643e-001
  8.516726e+002  7.741721e-001
  8.741726e+002  7.723067e-001
  8.966726e+002  7.704670e-001
  9.191726e+002  7.686518e-001
  9.416726e+002  7.668600e-001
  9.641726e+002  7.650906e-001
  9.866726e+002  7.636689e-001
  1.009173e+003  7.621147e-001
  1.031673e+003  7.604953e-001
  1.054173e+003  7.588494e-001
  1.076673e+003  7.571980e-001
  1.099173e+003  7.555519e-001
  1.121673e+003  7.539165e-001
  1.144173e+003  7.522942e-001
  1.166673e+003  7.506862e-001
  1.189173e+003  7.490927e-001
  1.211673e+003  7.475136e-001
  1.234173e+003  7.459486e-001
  1.256673e+003  7.443975e-001
  1.279173e+003  7.428597e-001
  1.301673e+003  7.413350e-001
  1.324173e+003  7.398229e-001
  1.346673e+003  7.383241e-001
  1.369173e+003  7.368367e-001
  1.391673e+003  7.353605e-001
  1.414173e+003  7.338954e-001
  1.436673e+003  7.324409e-001
  1.459173e+003  7.309970e-001
  1.481673e+003  7.295633e-001
  1.504173e+003  7.281394e-001
  1.526673e+003  7.267252e-001
  1.549173e+003  7.253203e-001
  1.571673e+003  7.239245e-001
  1.594173e+003  7.225375e-001
  1.616673e+003  7.211591e-001
  1.639173e+003  7.197891e-001
  1.661673e+003  7.184272e-001
  1.684173e+003  7.170732e-001
  1.706673e+003  7.157270e-001
  1.729173e+003  7.143882e-001
  1.751673e+003  7.130568e-001
  1.774173e+003  7.117325e-001
  1.796673e+003  7.104152e-001
  1.819173e+003  7.091046e-001
  1.841673e+003  7.078007e-001
  1.864173e+003  7.065032e-001
  1.886673e+003  7.052119e-001
  1.909173e+003  7.039268e-001
  1.931673e+003  7.026477e-001
  1.954173e+003  7.013744e-001
  1.976673e+003  7.003818e-001
  1.999173e+003  6.992696e-001
  2.021673e+003  6.980919e-001
  2.044173e+003  6.968811e-001
  2.066673e+003  6.956552e-001
  2.089173e+003  6.944236e-001
  2.111673e+003  6.931915e-001
  2.134173e+003  6.919614e-001
  2.156673e+003  6.907346e-001
  2.179173e+003  6.895118e-001
  2.201673e+003  6.882931e-001
  2.224173e+003  6.870787e-001
  2.246673e+003  6.858686e-001
  2.269173e+003  6.846628e-001
  2.291673e+003  6.834612e-001
  2.314173e+003  6.822638e-001
  2.336673e+003  6.810704e-001
  2.359173e+003  6.798810e-001
  2.381673e+003  6.786955e-001
  2.404173e+003  6.775138e-001
  2.426673e+003  6.763358e-001
  2.449173e+003  6.751615e-001
  2.471673e+003  6.739909e-001
  2.494173e+003  6.728237e-001
  2.516673e+003  6.716600e-001
  2.539173e+003  6.704997e-001
  2.561673e+003  6.693427e-001
  2.584173e+003  6.681890e-001
  2.606673e+003  6.670384e-001
  2.629173e+003  6.658910e-001
  2.651673e+003  6.647459e-001
  2.674173e+003  6.636041e-001
  2.696673e+003  6.624655e-001
  2.719173e+003  6.613298e-001
  2.741673e+003  6.601970e-001
  2.764173e+003  6.590669e-001
  2.786673e+003  6.579396e-001
  2.809173e+003  6.568149e-001
  2.831673e+003  6.556928e-001
  2.854173e+003  6.545732e-001
  2.876673e+003  6.534561e-001
  2.899173e+003  6.523413e-001
  2.921673e+003  6.512290e-001
  2.944173e+003  6.501190e-001
  2.966673e+003  6.490112e-001
  2.989173e+003  6.479056e-001
  3.011673e+003  6.468022e-001
  3.034173e+003  6.457009e-001
  3.056673e+003  6.446017e-001
  3.079173e+003  6.435045e-001
  3.101673e+003  6.424092e-001
  3.124173e+003  6.413159e-001
  3.146673e+003  6.402245e-001
  3.169173e+003  6.391350e-001
  3.191673e+003  6.380472e-001
  3.214173e+003  6.369612e-001
  3.236673e+003  6.358768e-001
  3.259173e+003  6.347942e-001
  3.281673e+003  6.337132e-001
  3.304173e+003  6.326338e-001
  3.326673e+003  6.315559e-001
  3.349173e+003  6.304796e-001
  3.371673e+003  6.294047e-001
  3.394173e+003  6.283313e-001
  3.416673e+003  6.272593e-001
  3.439173e+003  6.261886e-001
  3.461673e+003  6.251193e-001
  3.484173e+003  6.242672e-001
  3.502923e+003  6.234763e-001
  3.525423e+003  6.224733e-001
  3.547923e+003  6.214416e-001
  3.570423e+003  6.203953e-001
  3.592923e+003  6.193417e-001
  3.615423e+003  6.182849e-001
  3.637923e+003  6.172269e-001
  3.660423e+003  6.161688e-001
  3.682923e+003  6.151111e-001
  3.705423e+003  6.140540e-001
  3.727923e+003  6.129977e-001
  3.750423e+003  6.119423e-001
  3.772923e+003  6.108877e-001
  3.795423e+003  6.098340e-001
  3.817923e+003  6.087811e-001
  3.840423e+003  6.077290e-001
  3.862923e+003  6.066777e-001
  3.885423e+003  6.056272e-001
  3.907923e+003  6.045774e-001
  3.930423e+003  6.035283e-001
  3.952923e+003  6.024799e-001
  3.975423e+003  6.014322e-001
  3.997923e+003  6.003850e-001
  4.020423e+003  5.993385e-001
  4.042923e+003  5.982926e-001
  4.065423e+003  5.972472e-001
  4.087923e+003  5.962023e-001
  4.110422e+003  5.951579e-001
  4.132922e+003  5.941141e-001
  4.155422e+003  5.930706e-001
  4.177922e+003  5.920276e-001
  4.200422e+003  5.909850e-001
  4.222922e+003  5.899428e-001
  4.245422e+003  5.889009e-001
  4.267922e+003  5.878594e-001
  4.290422e+003  5.868182e-001
  4.312922e+003  5.857772e-001
  4.335422e+003  5.847365e-001
  4.357922e+003  5.836960e-001
  4.380422e+003  5.826558e-001
  4.402922e+003  5.816157e-001
  4.425422e+003  5.805758e-001
  4.447922e+003  5.795345e-001
  4.470422e+003  5.784928e-001
  4.492922e+003  5.774522e-001
  4.500000e+003  5.771247e-001
