HISTORY PLOT
job1

Curve 1
X : Time
Y : Displacement Y [Node 1]

       X              Y       
------------------------------
  0.000000e+000  0.000000e+000
  7.000000e-002 -3.189785e+000
  1.400000e-001 -3.783522e+000
  2.100000e-001 -4.151410e+000
  2.800000e-001 -4.496545e+000
  3.640000e-001 -4.789473e+000
  4.648000e-001 -5.208282e+000
  5.857600e-001 -5.673527e+000
  7.309120e-001 -6.084985e+000
  9.050944e-001 -6.384749e+000
  1.079277e+000 -6.686043e+000
  1.288296e+000 -6.945275e+000
  1.539118e+000 -7.253962e+000
  1.840106e+000 -7.588237e+000
  2.201290e+000 -7.934255e+000
  2.634712e+000 -8.285790e+000
  3.154818e+000 -8.640983e+000
  3.778944e+000 -9.000133e+000
  4.527897e+000 -9.264864e+000
  5.276849e+000 -9.511497e+000
  6.025802e+000 -9.765195e+000
  6.924545e+000 -1.005604e+001
  8.003036e+000 -1.030331e+001
  9.081528e+000 -1.056292e+001
  1.037572e+001 -1.086462e+001
  1.192875e+001 -1.119979e+001
  1.379238e+001 -1.156305e+001
  1.602874e+001 -1.195142e+001
  1.871237e+001 -1.225504e+001
  2.139600e+001 -1.254550e+001
  2.407964e+001 -1.280786e+001
  2.676327e+001 -1.308636e+001
  2.998363e+001 -1.341539e+001
  3.348362e+001 -1.368755e+001
  3.698362e+001 -1.397496e+001
  4.048362e+001 -1.425989e+001
  4.398362e+001 -1.453426e+001
  4.748362e+001 -1.479535e+001
  5.098362e+001 -1.504290e+001
  5.448362e+001 -1.527773e+001
  5.798362e+001 -1.545415e+001
  6.148362e+001 -1.564479e+001
  6.498363e+001 -1.583907e+001
  6.848363e+001 -1.599740e+001
  7.198363e+001 -1.616858e+001
  7.548363e+001 -1.634359e+001
  7.898363e+001 -1.651762e+001
  8.248363e+001 -1.668839e+001
  8.598363e+001 -1.685496e+001
  8.948363e+001 -1.701704e+001
  9.298363e+001 -1.717466e+001
  9.648363e+001 -1.732801e+001
  9.998363e+001 -1.747732e+001
  1.034836e+002 -1.762281e+001
  1.069836e+002 -1.776471e+001
  1.104836e+002 -1.790324e+001
  1.139836e+002 -1.803861e+001
  1.174836e+002 -1.817099e+001
  1.209836e+002 -1.830057e+001
  1.244836e+002 -1.842750e+001
  1.279836e+002 -1.855193e+001
  1.314836e+002 -1.867399e+001
  1.349836e+002 -1.879381e+001
  1.384836e+002 -1.891160e+001
  1.419836e+002 -1.902743e+001
  1.454836e+002 -1.914137e+001
  1.489836e+002 -1.925354e+001
  1.524836e+002 -1.936397e+001
  1.559836e+002 -1.947275e+001
  1.594836e+002 -1.955720e+001
  1.629836e+002 -1.965109e+001
  1.664836e+002 -1.974953e+001
  1.699836e+002 -1.984970e+001
  1.734836e+002 -1.995012e+001
  1.769836e+002 -2.005004e+001
  1.804836e+002 -2.014910e+001
  1.839836e+002 -2.024715e+001
  1.874836e+002 -2.034413e+001
  1.909836e+002 -2.044001e+001
  1.944836e+002 -2.053482e+001
  1.979836e+002 -2.062857e+001
  2.014836e+002 -2.072130e+001
  2.049836e+002 -2.081304e+001
  2.084836e+002 -2.090381e+001
  2.119836e+002 -2.099364e+001
  2.154836e+002 -2.108258e+001
  2.189836e+002 -2.117063e+001
  2.224836e+002 -2.124102e+001
  2.259836e+002 -2.131863e+001
  2.294836e+002 -2.139982e+001
  2.329836e+002 -2.148253e+001
  2.364836e+002 -2.156565e+001
  2.399836e+002 -2.164863e+001
  2.434836e+002 -2.173120e+001
  2.469836e+002 -2.181322e+001
  2.504836e+002 -2.189465e+001
  2.539836e+002 -2.197545e+001
  2.574836e+002 -2.205564e+001
  2.609836e+002 -2.213521e+001
  2.644836e+002 -2.221418e+001
  2.679836e+002 -2.229256e+001
  2.714836e+002 -2.237037e+001
  2.749836e+002 -2.244763e+001
  2.784836e+002 -2.252434e+001
  2.819836e+002 -2.258303e+001
  2.854836e+002 -2.264944e+001
  2.889836e+002 -2.271993e+001
  2.924836e+002 -2.279237e+001
  2.959836e+002 -2.286559e+001
  2.994836e+002 -2.293899e+001
  3.029836e+002 -2.301228e+001
  3.064836e+002 -2.308530e+001
  3.099836e+002 -2.315797e+001
  3.134836e+002 -2.323026e+001
  3.169836e+002 -2.330217e+001
  3.204836e+002 -2.337369e+001
  3.239836e+002 -2.344483e+001
  3.274836e+002 -2.351559e+001
  3.309836e+002 -2.358599e+001
  3.344836e+002 -2.365602e+001
  3.379836e+002 -2.372569e+001
  3.414836e+002 -2.379502e+001
  3.449836e+002 -2.386400e+001
  3.484836e+002 -2.393264e+001
  3.519836e+002 -2.400096e+001
  3.554836e+002 -2.406895e+001
  3.589836e+002 -2.413663e+001
  3.624836e+002 -2.420399e+001
  3.659836e+002 -2.427105e+001
  3.694836e+002 -2.433782e+001
  3.729836e+002 -2.440429e+001
  3.764836e+002 -2.447047e+001
  3.799836e+002 -2.453637e+001
  3.834836e+002 -2.460200e+001
  3.869836e+002 -2.466735e+001
  3.904836e+002 -2.473244e+001
  3.939836e+002 -2.479727e+001
  3.974836e+002 -2.486185e+001
  4.009836e+002 -2.492617e+001
  4.044836e+002 -2.499025e+001
  4.079836e+002 -2.505408e+001
  4.114836e+002 -2.511768e+001
  4.149836e+002 -2.518105e+001
  4.184836e+002 -2.524418e+001
  4.219836e+002 -2.530710e+001
  4.254836e+002 -2.536980e+001
  4.289836e+002 -2.543228e+001
  4.324836e+002 -2.549457e+001
  4.359836e+002 -2.555665e+001
  4.394836e+002 -2.561852e+001
  4.429836e+002 -2.568019e+001
  4.464836e+002 -2.574166e+001
  4.499836e+002 -2.580294e+001
  4.534836e+002 -2.586403e+001
  4.569836e+002 -2.592494e+001
  4.604836e+002 -2.598567e+001
  4.639836e+002 -2.604623e+001
  4.674836e+002 -2.610661e+001
  4.709836e+002 -2.616682e+001
  4.744836e+002 -2.622687e+001
  4.779836e+002 -2.628676e+001
  4.814836e+002 -2.634648e+001
  4.849836e+002 -2.640605e+001
  4.884836e+002 -2.646547e+001
  4.919836e+002 -2.652474e+001
  4.954836e+002 -2.658386e+001
  4.989836e+002 -2.664284e+001
  5.024836e+002 -2.668856e+001
  5.059836e+002 -2.674025e+001
  5.094836e+002 -2.679520e+001
  5.129836e+002 -2.685183e+001
  5.164836e+002 -2.690927e+001
  5.199836e+002 -2.696707e+001
  5.234836e+002 -2.702500e+001
  5.269836e+002 -2.708293e+001
  5.304836e+002 -2.714082e+001
  5.339836e+002 -2.719863e+001
  5.374836e+002 -2.725635e+001
  5.409836e+002 -2.731398e+001
  5.444836e+002 -2.737150e+001
  5.479836e+002 -2.742892e+001
  5.514836e+002 -2.748625e+001
  5.549836e+002 -2.754348e+001
  5.584836e+002 -2.760061e+001
  5.619836e+002 -2.765765e+001
  5.654836e+002 -2.771461e+001
  5.689836e+002 -2.777147e+001
  5.724836e+002 -2.782826e+001
  5.759836e+002 -2.788496e+001
  5.794836e+002 -2.794158e+001
  5.829836e+002 -2.799811e+001
  5.864836e+002 -2.805457e+001
  5.899836e+002 -2.811095e+001
  5.934836e+002 -2.816726e+001
  5.969836e+002 -2.822349e+001
  6.004836e+002 -2.827966e+001
  6.039836e+002 -2.833575e+001
  6.074836e+002 -2.839177e+001
  6.109836e+002 -2.844773e+001
  6.144836e+002 -2.850363e+001
  6.179836e+002 -2.855946e+001
  6.214836e+002 -2.861523e+001
  6.249836e+002 -2.867094e+001
  6.284836e+002 -2.872659e+001
  6.319836e+002 -2.878218e+001
  6.354836e+002 -2.883772e+001
  6.389836e+002 -2.889321e+001
  6.424836e+002 -2.894865e+001
  6.459836e+002 -2.900403e+001
  6.494836e+002 -2.905937e+001
  6.529836e+002 -2.911466e+001
  6.564836e+002 -2.916990e+001
  6.599836e+002 -2.922510e+001
  6.634836e+002 -2.928025e+001
  6.669836e+002 -2.933537e+001
  6.704836e+002 -2.939044e+001
  6.739836e+002 -2.944548e+001
  6.774836e+002 -2.950048e+001
  6.809836e+002 -2.955544e+001
  6.844836e+002 -2.961037e+001
  6.879836e+002 -2.966527e+001
  6.914836e+002 -2.972013e+001
  6.949836e+002 -2.977497e+001
  6.984836e+002 -2.982978e+001
  7.000000e+002 -2.985355e+001

Curve 2
X : Time
Y : Thickness of Element [Node 1]

       X              Y       
------------------------------
  0.000000e+000  9.300000e-001
  7.000000e-002  9.257385e-001
  1.400000e-001  9.238535e-001
  2.100000e-001  9.225031e-001
  2.800000e-001  9.211356e-001
  3.640000e-001  9.198834e-001
  4.648000e-001  9.179303e-001
  5.857600e-001  9.156231e-001
  7.309120e-001  9.134277e-001
  9.050944e-001  9.117069e-001
  1.079277e+000  9.099023e-001
  1.288296e+000  9.082766e-001
  1.539118e+000  9.062685e-001
  1.840106e+000  9.040035e-001
  2.201290e+000  9.015569e-001
  2.634712e+000  8.989633e-001
  3.154818e+000  8.962318e-001
  3.778944e+000  8.933567e-001
  4.527897e+000  8.911539e-001
  5.276849e+000  8.890447e-001
  6.025802e+000  8.868266e-001
  6.924545e+000  8.842219e-001
  8.003036e+000  8.819440e-001
  9.081528e+000  8.795010e-001
  1.037572e+001  8.765960e-001
  1.192875e+001  8.732853e-001
  1.379238e+001  8.695981e-001
  1.602874e+001  8.655428e-001
  1.871237e+001  8.622776e-001
  2.139600e+001  8.590839e-001
  2.407964e+001  8.561448e-001
  2.676327e+001  8.529750e-001
  2.998363e+001  8.491630e-001
  3.348362e+001  8.459475e-001
  3.698362e+001  8.424963e-001
  4.048362e+001  8.390180e-001
  4.398362e+001  8.356145e-001
  4.748362e+001  8.323264e-001
  5.098362e+001  8.291645e-001
  5.448362e+001  8.261258e-001
  5.798362e+001  8.238155e-001
  6.148362e+001  8.212988e-001
  6.498363e+001  8.187122e-001
  6.848363e+001  8.165850e-001
  7.198363e+001  8.142689e-001
  7.548363e+001  8.118832e-001
  7.898363e+001  8.094925e-001
  8.248363e+001  8.071289e-001
  8.598363e+001  8.048064e-001
  8.948363e+001  8.025304e-001
  9.298363e+001  8.003017e-001
  9.648363e+001  7.981192e-001
  9.998363e+001  7.959811e-001
  1.034836e+002  7.938850e-001
  1.069836e+002  7.918288e-001
  1.104836e+002  7.898100e-001
  1.139836e+002  7.878268e-001
  1.174836e+002  7.858772e-001
  1.209836e+002  7.839593e-001
  1.244836e+002  7.820715e-001
  1.279836e+002  7.802124e-001
  1.314836e+002  7.783804e-001
  1.349836e+002  7.765743e-001
  1.384836e+002  7.747929e-001
  1.419836e+002  7.730350e-001
  1.454836e+002  7.712996e-001
  1.489836e+002  7.695857e-001
  1.524836e+002  7.678924e-001
  1.559836e+002  7.662188e-001
  1.594836e+002  7.649158e-001
  1.629836e+002  7.634632e-001
  1.664836e+002  7.619360e-001
  1.699836e+002  7.603774e-001
  1.734836e+002  7.588103e-001
  1.769836e+002  7.572463e-001
  1.804836e+002  7.556913e-001
  1.839836e+002  7.541478e-001
  1.874836e+002  7.526171e-001
  1.909836e+002  7.510994e-001
  1.944836e+002  7.495947e-001
  1.979836e+002  7.481028e-001
  2.014836e+002  7.466234e-001
  2.049836e+002  7.451561e-001
  2.084836e+002  7.437007e-001
  2.119836e+002  7.422567e-001
  2.154836e+002  7.408240e-001
  2.189836e+002  7.394020e-001
  2.224836e+002  7.382632e-001
  2.259836e+002  7.370050e-001
  2.294836e+002  7.356860e-001
  2.329836e+002  7.343396e-001
  2.364836e+002  7.329835e-001
  2.399836e+002  7.316269e-001
  2.434836e+002  7.302742e-001
  2.469836e+002  7.289278e-001
  2.504836e+002  7.275886e-001
  2.539836e+002  7.262571e-001
  2.574836e+002  7.249332e-001
  2.609836e+002  7.236170e-001
  2.644836e+002  7.223084e-001
  2.679836e+002  7.210072e-001
  2.714836e+002  7.197132e-001
  2.749836e+002  7.184263e-001
  2.784836e+002  7.171462e-001
  2.819836e+002  7.161662e-001
  2.854836e+002  7.150560e-001
  2.889836e+002  7.138759e-001
  2.924836e+002  7.126616e-001
  2.959836e+002  7.114326e-001
  2.994836e+002  7.101988e-001
  3.029836e+002  7.089655e-001
  3.064836e+002  7.077351e-001
  3.099836e+002  7.065090e-001
  3.134836e+002  7.052876e-001
  3.169836e+002  7.040713e-001
  3.204836e+002  7.028600e-001
  3.239836e+002  7.016537e-001
  3.274836e+002  7.004524e-001
  3.309836e+002  6.992559e-001
  3.344836e+002  6.980643e-001
  3.379836e+002  6.968773e-001
  3.414836e+002  6.956950e-001
  3.449836e+002  6.945172e-001
  3.484836e+002  6.933437e-001
  3.519836e+002  6.921746e-001
  3.554836e+002  6.910097e-001
  3.589836e+002  6.898490e-001
  3.624836e+002  6.886924e-001
  3.659836e+002  6.875397e-001
  3.694836e+002  6.863910e-001
  3.729836e+002  6.852461e-001
  3.764836e+002  6.841049e-001
  3.799836e+002  6.829675e-001
  3.834836e+002  6.818337e-001
  3.869836e+002  6.807034e-001
  3.904836e+002  6.795767e-001
  3.939836e+002  6.784533e-001
  3.974836e+002  6.773333e-001
  4.009836e+002  6.762166e-001
  4.044836e+002  6.751032e-001
  4.079836e+002  6.739929e-001
  4.114836e+002  6.728857e-001
  4.149836e+002  6.717815e-001
  4.184836e+002  6.706804e-001
  4.219836e+002  6.695822e-001
  4.254836e+002  6.684868e-001
  4.289836e+002  6.673943e-001
  4.324836e+002  6.663040e-001
  4.359836e+002  6.652166e-001
  4.394836e+002  6.641321e-001
  4.429836e+002  6.630503e-001
  4.464836e+002  6.619711e-001
  4.499836e+002  6.608944e-001
  4.534836e+002  6.598202e-001
  4.569836e+002  6.587484e-001
  4.604836e+002  6.576790e-001
  4.639836e+002  6.566119e-001
  4.674836e+002  6.555471e-001
  4.709836e+002  6.544844e-001
  4.744836e+002  6.534240e-001
  4.779836e+002  6.523657e-001
  4.814836e+002  6.513095e-001
  4.849836e+002  6.502553e-001
  4.884836e+002  6.492032e-001
  4.919836e+002  6.481530e-001
  4.954836e+002  6.471047e-001
  4.989836e+002  6.460584e-001
  5.024836e+002  6.452473e-001
  5.059836e+002  6.443299e-001
  5.094836e+002  6.433541e-001
  5.129836e+002  6.423480e-001
  5.164836e+002  6.413271e-001
  5.199836e+002  6.402993e-001
  5.234836e+002  6.392689e-001
  5.269836e+002  6.382378e-001
  5.304836e+002  6.372071e-001
  5.339836e+002  6.361774e-001
  5.374836e+002  6.351490e-001
  5.409836e+002  6.341218e-001
  5.444836e+002  6.330960e-001
  5.479836e+002  6.320715e-001
  5.514836e+002  6.310484e-001
  5.549836e+002  6.300267e-001
  5.584836e+002  6.290062e-001
  5.619836e+002  6.279869e-001
  5.654836e+002  6.269689e-001
  5.689836e+002  6.259521e-001
  5.724836e+002  6.249365e-001
  5.759836e+002  6.239221e-001
  5.794836e+002  6.229087e-001
  5.829836e+002  6.218965e-001
  5.864836e+002  6.208853e-001
  5.899836e+002  6.198751e-001
  5.934836e+002  6.188660e-001
  5.969836e+002  6.178578e-001
  6.004836e+002  6.168506e-001
  6.039836e+002  6.158444e-001
  6.074836e+002  6.148390e-001
  6.109836e+002  6.138345e-001
  6.144836e+002  6.128309e-001
  6.179836e+002  6.118281e-001
  6.214836e+002  6.108262e-001
  6.249836e+002  6.098250e-001
  6.284836e+002  6.088246e-001
  6.319836e+002  6.078249e-001
  6.354836e+002  6.068260e-001
  6.389836e+002  6.058277e-001
  6.424836e+002  6.048301e-001
  6.459836e+002  6.038332e-001
  6.494836e+002  6.028369e-001
  6.529836e+002  6.018412e-001
  6.564836e+002  6.008461e-001
  6.599836e+002  5.998516e-001
  6.634836e+002  5.988576e-001
  6.669836e+002  5.978641e-001
  6.704836e+002  5.968711e-001
  6.739836e+002  5.958786e-001
  6.774836e+002  5.948866e-001
  6.809836e+002  5.938950e-001
  6.844836e+002  5.929038e-001
  6.879836e+002  5.919131e-001
  6.914836e+002  5.909226e-001
  6.949836e+002  5.899326e-001
  6.984836e+002  5.889429e-001
  7.000000e+002  5.885138e-001
