HISTORY PLOT
job1

Curve 1
X : Time
Y : Displacement Y [Node 1]

       X              Y       
------------------------------
  0.000000e+000  0.000000e+000
  1.700000e-001 -3.359739e+000
  3.400000e-001 -4.009323e+000
  5.100000e-001 -4.487685e+000
  7.140000e-001 -4.837864e+000
  9.180000e-001 -5.088817e+000
  1.122000e+000 -5.566830e+000
  1.366800e+000 -6.088706e+000
  1.660560e+000 -6.454745e+000
  1.954320e+000 -6.811921e+000
  2.306832e+000 -7.098850e+000
  2.659344e+000 -7.389097e+000
  3.082358e+000 -7.709013e+000
  3.589976e+000 -8.044622e+000
  4.199116e+000 -8.388939e+000
  4.930085e+000 -8.739306e+000
  5.807248e+000 -9.025455e+000
  6.859843e+000 -9.298422e+000
  7.912438e+000 -9.549699e+000
  8.965034e+000 -9.808183e+000
  1.022815e+001 -1.010436e+001
  1.174389e+001 -1.034851e+001
  1.325962e+001 -1.060886e+001
  1.507851e+001 -1.091373e+001
  1.726117e+001 -1.125357e+001
  1.988036e+001 -1.162229e+001
  2.302339e+001 -1.201646e+001
  2.679503e+001 -1.233942e+001
  3.056667e+001 -1.261856e+001
  3.509264e+001 -1.297533e+001
  4.052380e+001 -1.339167e+001
  4.704119e+001 -1.375185e+001
  5.486206e+001 -1.420213e+001
  6.336206e+001 -1.467327e+001
  7.186206e+001 -1.511270e+001
  8.036206e+001 -1.542857e+001
  8.886206e+001 -1.571937e+001
  9.736206e+001 -1.600175e+001
  1.058621e+002 -1.630239e+001
  1.143621e+002 -1.660380e+001
  1.228621e+002 -1.689752e+001
  1.313621e+002 -1.718020e+001
  1.398621e+002 -1.738926e+001
  1.483621e+002 -1.761851e+001
  1.568621e+002 -1.785397e+001
  1.653621e+002 -1.808813e+001
  1.738621e+002 -1.831745e+001
  1.823621e+002 -1.854054e+001
  1.908621e+002 -1.875704e+001
  1.993621e+002 -1.892250e+001
  2.078621e+002 -1.910423e+001
  2.163621e+002 -1.926538e+001
  2.234454e+002 -1.941174e+001
  2.319454e+002 -1.956199e+001
  2.404454e+002 -1.972801e+001
  2.489454e+002 -1.990071e+001
  2.574454e+002 -2.007498e+001
  2.659454e+002 -2.024822e+001
  2.744454e+002 -2.041919e+001
  2.829454e+002 -2.058737e+001
  2.914454e+002 -2.075259e+001
  2.999454e+002 -2.091483e+001
  3.084454e+002 -2.107420e+001
  3.169454e+002 -2.123079e+001
  3.254454e+002 -2.138475e+001
  3.339454e+002 -2.153620e+001
  3.424454e+002 -2.168525e+001
  3.509454e+002 -2.183202e+001
  3.594454e+002 -2.197664e+001
  3.679454e+002 -2.211919e+001
  3.764454e+002 -2.225979e+001
  3.849454e+002 -2.239852e+001
  3.934454e+002 -2.253547e+001
  4.019454e+002 -2.264127e+001
  4.104454e+002 -2.274665e+001
  4.189454e+002 -2.286416e+001
  4.274454e+002 -2.296610e+001
  4.359454e+002 -2.308065e+001
  4.444454e+002 -2.320161e+001
  4.529454e+002 -2.332537e+001
  4.614454e+002 -2.344999e+001
  4.699454e+002 -2.357450e+001
  4.784454e+002 -2.369839e+001
  4.869454e+002 -2.382144e+001
  4.954454e+002 -2.394354e+001
  5.039454e+002 -2.406467e+001
  5.124454e+002 -2.418483e+001
  5.209454e+002 -2.430403e+001
  5.294454e+002 -2.442230e+001
  5.379454e+002 -2.453967e+001
  5.464454e+002 -2.465616e+001
  5.549454e+002 -2.477180e+001
  5.634454e+002 -2.488663e+001
  5.719454e+002 -2.500066e+001
  5.804454e+002 -2.511392e+001
  5.889454e+002 -2.522645e+001
  5.974454e+002 -2.533826e+001
  6.059454e+002 -2.544944e+001
  6.144454e+002 -2.555991e+001
  6.229454e+002 -2.566972e+001
  6.314454e+002 -2.577890e+001
  6.399454e+002 -2.588748e+001
  6.484454e+002 -2.599548e+001
  6.569454e+002 -2.610291e+001
  6.654454e+002 -2.620981e+001
  6.739454e+002 -2.631619e+001
  6.824454e+002 -2.642206e+001
  6.909454e+002 -2.652745e+001
  6.994454e+002 -2.663238e+001
  7.079454e+002 -2.671692e+001
  7.164454e+002 -2.681044e+001
  7.249454e+002 -2.689141e+001
  7.334454e+002 -2.698262e+001
  7.419454e+002 -2.707936e+001
  7.504454e+002 -2.717889e+001
  7.589454e+002 -2.727970e+001
  7.674454e+002 -2.738102e+001
  7.759454e+002 -2.748243e+001
  7.844454e+002 -2.758376e+001
  7.929454e+002 -2.768489e+001
  8.014454e+002 -2.776409e+001
  8.099454e+002 -2.785313e+001
  8.184454e+002 -2.794751e+001
  8.269454e+002 -2.804463e+001
  8.354454e+002 -2.814305e+001
  8.439454e+002 -2.824202e+001
  8.524454e+002 -2.834118e+001
  8.609454e+002 -2.844033e+001
  8.694454e+002 -2.853938e+001
  8.779454e+002 -2.863828e+001
  8.864454e+002 -2.873703e+001
  8.949454e+002 -2.883561e+001
  9.034454e+002 -2.893403e+001
  9.119454e+002 -2.903229e+001
  9.204454e+002 -2.913040e+001
  9.289454e+002 -2.922837e+001
  9.374454e+002 -2.932620e+001
  9.459454e+002 -2.942390e+001
  9.544454e+002 -2.952149e+001
  9.629454e+002 -2.961896e+001
  9.714454e+002 -2.971633e+001
  9.799454e+002 -2.981361e+001
  9.884454e+002 -2.991080e+001
  9.969454e+002 -3.000791e+001
  1.005445e+003 -3.010494e+001
  1.013945e+003 -3.020192e+001
  1.022445e+003 -3.029884e+001
  1.030945e+003 -3.039571e+001
  1.039445e+003 -3.049255e+001
  1.047945e+003 -3.058936e+001
  1.056445e+003 -3.068614e+001
  1.064945e+003 -3.078291e+001
  1.073445e+003 -3.087967e+001
  1.081945e+003 -3.097643e+001
  1.090445e+003 -3.107320e+001
  1.098945e+003 -3.116999e+001
  1.107445e+003 -3.126680e+001
  1.115945e+003 -3.136364e+001
  1.124445e+003 -3.143954e+001
  1.132945e+003 -3.152518e+001
  1.141445e+003 -3.161626e+001
  1.149945e+003 -3.171030e+001
  1.158445e+003 -3.180590e+001
  1.166945e+003 -3.190236e+001
  1.175445e+003 -3.197869e+001
  1.183945e+003 -3.206480e+001
  1.192445e+003 -3.215638e+001
  1.200945e+003 -3.225095e+001
  1.209445e+003 -3.234713e+001
  1.217945e+003 -3.244420e+001
  1.226445e+003 -3.254181e+001
  1.234945e+003 -3.263976e+001
  1.243445e+003 -3.273798e+001
  1.251945e+003 -3.283643e+001
  1.260445e+003 -3.293507e+001
  1.268945e+003 -3.303390e+001
  1.277445e+003 -3.313293e+001
  1.285945e+003 -3.323216e+001
  1.294445e+003 -3.333159e+001
  1.302945e+003 -3.343124e+001
  1.311445e+003 -3.353110e+001
  1.319945e+003 -3.363120e+001
  1.328445e+003 -3.373152e+001
  1.336945e+003 -3.383209e+001
  1.345445e+003 -3.393291e+001
  1.353945e+003 -3.403400e+001
  1.362445e+003 -3.413535e+001
  1.370945e+003 -3.423697e+001
  1.379445e+003 -3.433889e+001
  1.387945e+003 -3.444109e+001
  1.396445e+003 -3.454360e+001
  1.404945e+003 -3.464642e+001
  1.413445e+003 -3.474956e+001
  1.421945e+003 -3.485303e+001
  1.430445e+003 -3.495684e+001
  1.438945e+003 -3.506100e+001
  1.447445e+003 -3.516552e+001
  1.455945e+003 -3.527041e+001
  1.464445e+003 -3.537569e+001
  1.472945e+003 -3.548135e+001
  1.481445e+003 -3.558742e+001
  1.489945e+003 -3.569390e+001
  1.498445e+003 -3.580122e+001
  1.506945e+003 -3.590876e+001
  1.515445e+003 -3.601665e+001
  1.523945e+003 -3.612495e+001
  1.532445e+003 -3.623369e+001
  1.540945e+003 -3.634291e+001
  1.549445e+003 -3.645262e+001
  1.557945e+003 -3.656284e+001
  1.566445e+003 -3.667358e+001
  1.574945e+003 -3.678487e+001
  1.583445e+003 -3.689672e+001
  1.591945e+003 -3.698462e+001
  1.600445e+003 -3.708425e+001
  1.608945e+003 -3.719072e+001
  1.617445e+003 -3.730113e+001
  1.625945e+003 -3.741391e+001
  1.634445e+003 -3.752824e+001
  1.642945e+003 -3.764371e+001
  1.651445e+003 -3.776011e+001
  1.659945e+003 -3.787734e+001
  1.668445e+003 -3.799537e+001
  1.676945e+003 -3.811418e+001
  1.685445e+003 -3.823377e+001
  1.693945e+003 -3.835416e+001
  1.700000e+003 -3.844054e+001

Curve 2
X : Time
Y : Thickness of Element [Node 1]

       X              Y       
------------------------------
  0.000000e+000  9.300000e-001
  1.700000e-001  9.259752e-001
  3.400000e-001  9.238210e-001
  5.100000e-001  9.219645e-001
  7.140000e-001  9.204576e-001
  9.180000e-001  9.193027e-001
  1.122000e+000  9.168976e-001
  1.366800e+000  9.141180e-001
  1.660560e+000  9.119989e-001
  1.954320e+000  9.098304e-001
  2.306832e+000  9.079913e-001
  2.659344e+000  9.060620e-001
  3.082358e+000  9.038540e-001
  3.589976e+000  9.014435e-001
  4.199116e+000  8.988686e-001
  4.930085e+000  8.961418e-001
  5.807248e+000  8.938336e-001
  6.859843e+000  8.915534e-001
  7.912438e+000  8.893959e-001
  8.965034e+000  8.871266e-001
  1.022815e+001  8.844627e-001
  1.174389e+001  8.822040e-001
  1.325962e+001  8.797440e-001
  1.507851e+001  8.767963e-001
  1.726117e+001  8.734255e-001
  1.988036e+001  8.696668e-001
  2.302339e+001  8.655325e-001
  2.679503e+001  8.620382e-001
  3.056667e+001  8.589629e-001
  3.509264e+001  8.549569e-001
  4.052380e+001  8.501725e-001
  4.704119e+001  8.459156e-001
  5.486206e+001  8.404734e-001
  6.336206e+001  8.346364e-001
  7.186206e+001  8.290583e-001
  8.036206e+001  8.249529e-001
  8.886206e+001  8.211127e-001
  9.736206e+001  8.173339e-001
  1.058621e+002  8.132627e-001
  1.143621e+002  8.091292e-001
  1.228621e+002  8.050500e-001
  1.313621e+002  8.010760e-001
  1.398621e+002  7.981004e-001
  1.483621e+002  7.948087e-001
  1.568621e+002  7.913973e-001
  1.653621e+002  7.879741e-001
  1.738621e+002  7.845921e-001
  1.823621e+002  7.812745e-001
  1.908621e+002  7.780291e-001
  1.993621e+002  7.755314e-001
  2.078621e+002  7.727738e-001
  2.163621e+002  7.703137e-001
  2.234454e+002  7.680695e-001
  2.319454e+002  7.657548e-001
  2.404454e+002  7.631866e-001
  2.489454e+002  7.605024e-001
  2.574454e+002  7.577803e-001
  2.659454e+002  7.550610e-001
  2.744454e+002  7.523643e-001
  2.829454e+002  7.496991e-001
  2.914454e+002  7.470688e-001
  2.999454e+002  7.444743e-001
  3.084454e+002  7.419148e-001
  3.169454e+002  7.393894e-001
  3.254454e+002  7.368966e-001
  3.339454e+002  7.344350e-001
  3.424454e+002  7.320032e-001
  3.509454e+002  7.295997e-001
  3.594454e+002  7.272233e-001
  3.679454e+002  7.248727e-001
  3.764454e+002  7.225468e-001
  3.849454e+002  7.202444e-001
  3.934454e+002  7.179646e-001
  4.019454e+002  7.161995e-001
  4.104454e+002  7.144375e-001
  4.189454e+002  7.124687e-001
  4.274454e+002  7.107574e-001
  4.359454e+002  7.088307e-001
  4.444454e+002  7.067921e-001
  4.529454e+002  7.047019e-001
  4.614454e+002  7.025928e-001
  4.699454e+002  7.004813e-001
  4.784454e+002  6.983759e-001
  4.869454e+002  6.962806e-001
  4.954454e+002  6.941972e-001
  5.039454e+002  6.921262e-001
  5.124454e+002  6.900679e-001
  5.209454e+002  6.880221e-001
  5.294454e+002  6.859884e-001
  5.379454e+002  6.839666e-001
  5.464454e+002  6.819563e-001
  5.549454e+002  6.799571e-001
  5.634454e+002  6.779686e-001
  5.719454e+002  6.759905e-001
  5.804454e+002  6.740225e-001
  5.889454e+002  6.720642e-001
  5.974454e+002  6.701153e-001
  6.059454e+002  6.681736e-001
  6.144454e+002  6.662417e-001
  6.229454e+002  6.643188e-001
  6.314454e+002  6.624043e-001
  6.399454e+002  6.604979e-001
  6.484454e+002  6.585992e-001
  6.569454e+002  6.567078e-001
  6.654454e+002  6.548236e-001
  6.739454e+002  6.529462e-001
  6.824454e+002  6.510754e-001
  6.909454e+002  6.492110e-001
  6.994454e+002  6.473528e-001
  7.079454e+002  6.458542e-001
  7.164454e+002  6.441954e-001
  7.249454e+002  6.427584e-001
  7.334454e+002  6.411386e-001
  7.419454e+002  6.394192e-001
  7.504454e+002  6.376492e-001
  7.589454e+002  6.358551e-001
  7.674454e+002  6.340508e-001
  7.759454e+002  6.322433e-001
  7.844454e+002  6.304362e-001
  7.929454e+002  6.286313e-001
  8.014454e+002  6.272172e-001
  8.099454e+002  6.256265e-001
  8.184454e+002  6.239391e-001
  8.269454e+002  6.222020e-001
  8.354454e+002  6.204406e-001
  8.439454e+002  6.186682e-001
  8.524454e+002  6.168915e-001
  8.609454e+002  6.151140e-001
  8.694454e+002  6.133375e-001
  8.779454e+002  6.115625e-001
  8.864454e+002  6.097895e-001
  8.949454e+002  6.080187e-001
  9.034454e+002  6.062499e-001
  9.119454e+002  6.044831e-001
  9.204454e+002  6.027183e-001
  9.289454e+002  6.009553e-001
  9.374454e+002  5.991940e-001
  9.459454e+002  5.974344e-001
  9.544454e+002  5.956762e-001
  9.629454e+002  5.939194e-001
  9.714454e+002  5.921639e-001
  9.799454e+002  5.904095e-001
  9.884454e+002  5.886561e-001
  9.969454e+002  5.869037e-001
  1.005445e+003  5.851521e-001
  1.013945e+003  5.834011e-001
  1.022445e+003  5.816507e-001
  1.030945e+003  5.799008e-001
  1.039445e+003  5.781512e-001
  1.047945e+003  5.764019e-001
  1.056445e+003  5.746527e-001
  1.064945e+003  5.729035e-001
  1.073445e+003  5.711542e-001
  1.081945e+003  5.694048e-001
  1.090445e+003  5.676550e-001
  1.098945e+003  5.659047e-001
  1.107445e+003  5.641540e-001
  1.115945e+003  5.624026e-001
  1.124445e+003  5.610305e-001
  1.132945e+003  5.594825e-001
  1.141445e+003  5.578362e-001
  1.149945e+003  5.561371e-001
  1.158445e+003  5.544098e-001
  1.166945e+003  5.526674e-001
  1.175445e+003  5.512891e-001
  1.183945e+003  5.497344e-001
  1.192445e+003  5.480810e-001
  1.200945e+003  5.463742e-001
  1.209445e+003  5.446388e-001
  1.217945e+003  5.428876e-001
  1.226445e+003  5.411274e-001
  1.234945e+003  5.393614e-001
  1.243445e+003  5.375914e-001
  1.251945e+003  5.358181e-001
  1.260445e+003  5.340418e-001
  1.268945e+003  5.322627e-001
  1.277445e+003  5.304809e-001
  1.285945e+003  5.286961e-001
  1.294445e+003  5.269084e-001
  1.302945e+003  5.251177e-001
  1.311445e+003  5.233238e-001
  1.319945e+003  5.215267e-001
  1.328445e+003  5.197263e-001
  1.336945e+003  5.179223e-001
  1.345445e+003  5.161148e-001
  1.353945e+003  5.143036e-001
  1.362445e+003  5.124885e-001
  1.370945e+003  5.106695e-001
  1.379445e+003  5.088465e-001
  1.387945e+003  5.070193e-001
  1.396445e+003  5.051878e-001
  1.404945e+003  5.033518e-001
  1.413445e+003  5.015113e-001
  1.421945e+003  4.996662e-001
  1.430445e+003  4.978162e-001
  1.438945e+003  4.959612e-001
  1.447445e+003  4.941012e-001
  1.455945e+003  4.922360e-001
  1.464445e+003  4.903654e-001
  1.472945e+003  4.884892e-001
  1.481445e+003  4.866075e-001
  1.489945e+003  4.847199e-001
  1.498445e+003  4.828186e-001
  1.506945e+003  4.809151e-001
  1.515445e+003  4.790074e-001
  1.523945e+003  4.770942e-001
  1.532445e+003  4.751749e-001
  1.540945e+003  4.732491e-001
  1.549445e+003  4.713165e-001
  1.557945e+003  4.693768e-001
  1.566445e+003  4.674299e-001
  1.574945e+003  4.654755e-001
  1.583445e+003  4.635134e-001
  1.591945e+003  4.619740e-001
  1.600445e+003  4.602301e-001
  1.608945e+003  4.583686e-001
  1.617445e+003  4.564406e-001
  1.625945e+003  4.544737e-001
  1.634445e+003  4.524825e-001
  1.642945e+003  4.504742e-001
  1.651445e+003  4.484525e-001
  1.659945e+003  4.464193e-001
  1.668445e+003  4.443754e-001
  1.676945e+003  4.423209e-001
  1.685445e+003  4.402559e-001
  1.693945e+003  4.381803e-001
  1.700000e+003  4.366934e-001
