HISTORY PLOT
job1

Curve 1
X : Time
Y : Displacement Y [Node 1]

       X              Y       
------------------------------
  0.000000e+000  0.000000e+000
  4.500000e-001 -3.464195e+000
  9.000000e-001 -4.088362e+000
  1.350000e+000 -4.563812e+000
  1.890000e+000 -4.895021e+000
  2.430000e+000 -5.126205e+000
  2.970000e+000 -5.844619e+000
  3.510000e+000 -6.334135e+000
  4.050000e+000 -6.721910e+000
  4.500000e+000 -6.993721e+000
  4.950000e+000 -7.266561e+000
  5.490000e+000 -7.567470e+000
  6.138000e+000 -7.884028e+000
  6.915600e+000 -8.209678e+000
  7.848720e+000 -8.541693e+000
  8.968464e+000 -8.879504e+000
  1.031216e+001 -9.131182e+000
  1.165585e+001 -9.359985e+000
  1.299954e+001 -9.558964e+000
  1.434324e+001 -9.771702e+000
  1.595567e+001 -1.002268e+001
  1.789058e+001 -1.024336e+001
  2.021249e+001 -1.052007e+001
  2.299877e+001 -1.083967e+001
  2.634230e+001 -1.119234e+001
  3.035455e+001 -1.157185e+001
  3.516924e+001 -1.197472e+001
  4.094688e+001 -1.228754e+001
  4.672451e+001 -1.257247e+001
  5.153920e+001 -1.278906e+001
  5.555145e+001 -1.298624e+001
  6.036614e+001 -1.322585e+001
  6.614378e+001 -1.350431e+001
  7.307693e+001 -1.374951e+001
  8.001009e+001 -1.401151e+001
  8.832989e+001 -1.432427e+001
  9.831364e+001 -1.468251e+001
  1.102941e+002 -1.508303e+001
  1.246707e+002 -1.542435e+001
  1.390473e+002 -1.572905e+001
  1.534239e+002 -1.603263e+001
  1.706759e+002 -1.641509e+001
  1.913782e+002 -1.686577e+001
  2.138782e+002 -1.727807e+001
  2.363782e+002 -1.762330e+001
  2.551282e+002 -1.793124e+001
  2.776282e+002 -1.830279e+001
  3.001282e+002 -1.866525e+001
  3.226282e+002 -1.893987e+001
  3.451282e+002 -1.920353e+001
  3.676282e+002 -1.949068e+001
  3.901282e+002 -1.972930e+001
  4.126282e+002 -1.999333e+001
  4.351282e+002 -2.026698e+001
  4.576282e+002 -2.054130e+001
  4.801282e+002 -2.081183e+001
  5.026282e+002 -2.107658e+001
  5.251282e+002 -2.127684e+001
  5.476282e+002 -2.149848e+001
  5.701282e+002 -2.172933e+001
  5.926282e+002 -2.196245e+001
  6.151282e+002 -2.219421e+001
  6.376282e+002 -2.242292e+001
  6.601282e+002 -2.259579e+001
  6.826282e+002 -2.277394e+001
  7.051282e+002 -2.296908e+001
  7.276282e+002 -2.317205e+001
  7.501282e+002 -2.337758e+001
  7.726282e+002 -2.354194e+001
  7.951282e+002 -2.372387e+001
  8.176282e+002 -2.391437e+001
  8.401282e+002 -2.410820e+001
  8.626282e+002 -2.430257e+001
  8.851282e+002 -2.449605e+001
  9.076282e+002 -2.468795e+001
  9.301282e+002 -2.487800e+001
  9.526282e+002 -2.506609e+001
  9.751282e+002 -2.525224e+001
  9.976282e+002 -2.543665e+001
  1.020128e+003 -2.558007e+001
  1.042628e+003 -2.573976e+001
  1.065128e+003 -2.590792e+001
  1.087628e+003 -2.607997e+001
  1.110128e+003 -2.625340e+001
  1.132628e+003 -2.642694e+001
  1.155128e+003 -2.659993e+001
  1.177628e+003 -2.673729e+001
  1.200128e+003 -2.688977e+001
  1.222628e+003 -2.705032e+001
  1.245128e+003 -2.718118e+001
  1.267628e+003 -2.732884e+001
  1.290128e+003 -2.748568e+001
  1.312628e+003 -2.764714e+001
  1.335128e+003 -2.777976e+001
  1.357628e+003 -2.792723e+001
  1.380128e+003 -2.808278e+001
  1.402628e+003 -2.824242e+001
  1.425128e+003 -2.840397e+001
  1.447628e+003 -2.856626e+001
  1.470128e+003 -2.872873e+001
  1.492628e+003 -2.889108e+001
  1.515128e+003 -2.905319e+001
  1.537628e+003 -2.921499e+001
  1.560128e+003 -2.937650e+001
  1.582628e+003 -2.953770e+001
  1.605128e+003 -2.969865e+001
  1.627628e+003 -2.985935e+001
  1.650128e+003 -3.001985e+001
  1.672628e+003 -3.018018e+001
  1.695128e+003 -3.030818e+001
  1.717628e+003 -3.045065e+001
  1.740128e+003 -3.060123e+001
  1.762628e+003 -3.075620e+001
  1.785128e+003 -3.091350e+001
  1.807628e+003 -3.107207e+001
  1.830128e+003 -3.123136e+001
  1.852628e+003 -3.139110e+001
  1.875128e+003 -3.155123e+001
  1.897628e+003 -3.168409e+001
  1.916378e+003 -3.180557e+001
  1.938878e+003 -3.195855e+001
  1.961378e+003 -3.211557e+001
  1.983878e+003 -3.227490e+001
  2.006378e+003 -3.243563e+001
  2.028878e+003 -3.259732e+001
  2.051378e+003 -3.272633e+001
  2.073878e+003 -3.287091e+001
  2.096378e+003 -3.302452e+001
  2.118878e+003 -3.318329e+001
  2.141378e+003 -3.334511e+001
  2.163878e+003 -3.350885e+001
  2.186378e+003 -3.367392e+001
  2.208878e+003 -3.384004e+001
  2.231378e+003 -3.400710e+001
  2.253878e+003 -3.417502e+001
  2.276378e+003 -3.434382e+001
  2.298878e+003 -3.451351e+001
  2.321378e+003 -3.468411e+001
  2.343878e+003 -3.485566e+001
  2.366378e+003 -3.502821e+001
  2.388878e+003 -3.520180e+001
  2.411378e+003 -3.537648e+001
  2.433878e+003 -3.555229e+001
  2.456378e+003 -3.572929e+001
  2.478878e+003 -3.586769e+001
  2.501378e+003 -3.601365e+001
  2.523878e+003 -3.617569e+001
  2.546378e+003 -3.634737e+001
  2.568878e+003 -3.652496e+001
  2.591378e+003 -3.670643e+001
  2.613878e+003 -3.689074e+001
  2.636378e+003 -3.703992e+001
  2.658878e+003 -3.720766e+001
  2.681378e+003 -3.738673e+001
  2.703878e+003 -3.757284e+001
  2.726378e+003 -3.772878e+001
  2.748878e+003 -3.790346e+001
  2.771378e+003 -3.808967e+001
  2.793878e+003 -3.828320e+001
  2.816378e+003 -3.848177e+001
  2.838878e+003 -3.864817e+001
  2.857628e+003 -3.880275e+001
  2.880128e+003 -3.899988e+001
  2.902628e+003 -3.920461e+001
  2.925128e+003 -3.941478e+001
  2.947628e+003 -3.962931e+001
  2.970128e+003 -3.984768e+001
  2.992628e+003 -4.006972e+001
  3.015128e+003 -4.029539e+001
  3.037628e+003 -4.052477e+001
  3.060128e+003 -4.075797e+001
  3.082628e+003 -4.099519e+001
  3.105128e+003 -4.123659e+001
  3.127628e+003 -4.148240e+001
  3.150128e+003 -4.173284e+001
  3.172628e+003 -4.198818e+001
  3.195128e+003 -4.224869e+001
  3.217628e+003 -4.251468e+001
  3.240128e+003 -4.278646e+001
  3.262628e+003 -4.301029e+001
  3.285128e+003 -4.324217e+001
  3.303878e+003 -4.345904e+001
  3.326378e+003 -4.373791e+001
  3.348878e+003 -4.403065e+001
  3.371378e+003 -4.428622e+001
  3.393878e+003 -4.454869e+001
  3.416378e+003 -4.484226e+001
  3.438878e+003 -4.512847e+001
  3.461378e+003 -4.544389e+001
  3.483878e+003 -4.578103e+001
  3.506378e+003 -4.613614e+001
  3.528878e+003 -4.645073e+001
  3.551378e+003 -4.680448e+001
  3.573878e+003 -4.718772e+001
  3.596378e+003 -4.759567e+001
  3.618878e+003 -4.802666e+001
  3.641378e+003 -4.848093e+001
  3.663878e+003 -4.895991e+001
  3.686378e+003 -4.946600e+001
  3.708878e+003 -5.000239e+001
  3.731378e+003 -5.057319e+001
  3.753878e+003 -5.118353e+001
  3.776378e+003 -5.183990e+001
  3.798878e+003 -5.255060e+001
  3.821378e+003 -5.332643e+001
  3.843878e+003 -5.418177e+001
  3.866378e+003 -5.509393e+001
  3.888878e+003 -5.611315e+001
  3.911378e+003 -5.731616e+001
  3.933878e+003 -5.884868e+001
  3.956378e+003 -6.085905e+001
  3.978878e+003 -6.441756e+001
  3.992154e+003 -6.863643e+001
  3.996446e+003 -7.115968e+001
  3.999029e+003 -7.372521e+001
  4.000640e+003 -7.660928e+001
  4.001349e+003 -7.902988e+001
  4.001710e+003 -8.162490e+001
  4.001833e+003 -8.297770e+001
  4.001936e+003 -8.585813e+001
  4.001981e+003 -8.815834e+001

Curve 2
X : Time
Y : Thickness of Element [Node 1]

       X              Y       
------------------------------
  0.000000e+000  9.300000e-001
  4.500000e-001  9.260019e-001
  9.000000e-001  9.238856e-001
  1.350000e+000  9.220029e-001
  1.890000e+000  9.205529e-001
  2.430000e+000  9.194748e-001
  2.970000e+000  9.157403e-001
  3.510000e+000  9.129627e-001
  4.050000e+000  9.106080e-001
  4.500000e+000  9.088761e-001
  4.950000e+000  9.070792e-001
  5.490000e+000  9.050265e-001
  6.138000e+000  9.027835e-001
  6.915600e+000  9.003843e-001
  7.848720e+000  8.978417e-001
  8.968464e+000  8.951545e-001
  1.031216e+001  8.930747e-001
  1.165585e+001  8.911338e-001
  1.299954e+001  8.894099e-001
  1.434324e+001  8.875329e-001
  1.595567e+001  8.852731e-001
  1.789058e+001  8.832378e-001
  2.021249e+001  8.806329e-001
  2.299877e+001  8.775505e-001
  2.634230e+001  8.740568e-001
  3.035455e+001  8.701882e-001
  3.516924e+001  8.659586e-001
  4.094688e+001  8.625696e-001
  4.672451e+001  8.594150e-001
  5.153920e+001  8.569764e-001
  5.555145e+001  8.547274e-001
  6.036614e+001  8.519577e-001
  6.614378e+001  8.486891e-001
  7.307693e+001  8.457568e-001
  8.001009e+001  8.425791e-001
  8.832989e+001  8.387254e-001
  9.831364e+001  8.342322e-001
  1.102941e+002  8.291097e-001
  1.246707e+002  8.246464e-001
  1.390473e+002  8.205975e-001
  1.534239e+002  8.165029e-001
  1.706759e+002  8.112773e-001
  1.913782e+002  8.050207e-001
  2.138782e+002  7.991996e-001
  2.363782e+002  7.942231e-001
  2.551282e+002  7.897301e-001
  2.776282e+002  7.842426e-001
  3.001282e+002  7.788217e-001
  3.226282e+002  7.746601e-001
  3.451282e+002  7.706290e-001
  3.676282e+002  7.662069e-001
  3.901282e+002  7.624986e-001
  4.126282e+002  7.583678e-001
  4.351282e+002  7.540566e-001
  4.576282e+002  7.497034e-001
  4.801282e+002  7.453793e-001
  5.026282e+002  7.411178e-001
  5.251282e+002  7.378698e-001
  5.476282e+002  7.342561e-001
  5.701282e+002  7.304718e-001
  5.926282e+002  7.266297e-001
  6.151282e+002  7.227893e-001
  6.376282e+002  7.189801e-001
  6.601282e+002  7.160866e-001
  6.826282e+002  7.130924e-001
  7.051282e+002  7.098032e-001
  7.276282e+002  7.063715e-001
  7.501282e+002  7.028848e-001
  7.726282e+002  7.000847e-001
  7.951282e+002  6.969770e-001
  8.176282e+002  6.937137e-001
  8.401282e+002  6.903835e-001
  8.626282e+002  6.870342e-001
  8.851282e+002  6.836904e-001
  9.076282e+002  6.803641e-001
  9.301282e+002  6.770608e-001
  9.526282e+002  6.737824e-001
  9.751282e+002  6.705294e-001
  9.976282e+002  6.672959e-001
  1.020128e+003  6.647754e-001
  1.042628e+003  6.619635e-001
  1.065128e+003  6.589967e-001
  1.087628e+003  6.559553e-001
  1.110128e+003  6.528831e-001
  1.132628e+003  6.498032e-001
  1.155128e+003  6.467272e-001
  1.177628e+003  6.442803e-001
  1.200128e+003  6.415612e-001
  1.222628e+003  6.386952e-001
  1.245128e+003  6.363565e-001
  1.267628e+003  6.337150e-001
  1.290128e+003  6.309063e-001
  1.312628e+003  6.280116e-001
  1.335128e+003  6.256310e-001
  1.357628e+003  6.229814e-001
  1.380128e+003  6.201845e-001
  1.402628e+003  6.173117e-001
  1.425128e+003  6.144022e-001
  1.447628e+003  6.114767e-001
  1.470128e+003  6.085458e-001
  1.492628e+003  6.056147e-001
  1.515128e+003  6.026860e-001
  1.537628e+003  5.997606e-001
  1.560128e+003  5.968388e-001
  1.582628e+003  5.939205e-001
  1.605128e+003  5.910054e-001
  1.627628e+003  5.880930e-001
  1.650128e+003  5.851829e-001
  1.672628e+003  5.822747e-001
  1.695128e+003  5.799513e-001
  1.717628e+003  5.773642e-001
  1.740128e+003  5.746289e-001
  1.762628e+003  5.718134e-001
  1.785128e+003  5.689547e-001
  1.807628e+003  5.660728e-001
  1.830128e+003  5.631776e-001
  1.852628e+003  5.602742e-001
  1.875128e+003  5.573651e-001
  1.897628e+003  5.549512e-001
  1.916378e+003  5.527447e-001
  1.938878e+003  5.499665e-001
  1.961378e+003  5.471165e-001
  1.983878e+003  5.442261e-001
  2.006378e+003  5.413115e-001
  2.028878e+003  5.383812e-001
  2.051378e+003  5.360437e-001
  2.073878e+003  5.334252e-001
  2.096378e+003  5.306447e-001
  2.118878e+003  5.277724e-001
  2.141378e+003  5.248473e-001
  2.163878e+003  5.218899e-001
  2.186378e+003  5.189106e-001
  2.208878e+003  5.159149e-001
  2.231378e+003  5.129052e-001
  2.253878e+003  5.098826e-001
  2.276378e+003  5.068472e-001
  2.298878e+003  5.037990e-001
  2.321378e+003  5.007375e-001
  2.343878e+003  4.976624e-001
  2.366378e+003  4.945731e-001
  2.388878e+003  4.914688e-001
  2.411378e+003  4.883491e-001
  2.433878e+003  4.852132e-001
  2.456378e+003  4.820605e-001
  2.478878e+003  4.795984e-001
  2.501378e+003  4.770036e-001
  2.523878e+003  4.741262e-001
  2.546378e+003  4.710818e-001
  2.568878e+003  4.679377e-001
  2.591378e+003  4.647303e-001
  2.613878e+003  4.614787e-001
  2.636378e+003  4.588521e-001
  2.658878e+003  4.559030e-001
  2.681378e+003  4.527612e-001
  2.703878e+003  4.495027e-001
  2.726378e+003  4.467780e-001
  2.748878e+003  4.437312e-001
  2.771378e+003  4.404904e-001
  2.793878e+003  4.371305e-001
  2.816378e+003  4.336921e-001
  2.838878e+003  4.308179e-001
  2.857628e+003  4.281534e-001
  2.880128e+003  4.247623e-001
  2.902628e+003  4.212507e-001
  2.925128e+003  4.176569e-001
  2.947628e+003  4.140004e-001
  2.970128e+003  4.102908e-001
  2.992628e+003  4.065322e-001
  3.015128e+003  4.027257e-001
  3.037628e+003  3.988710e-001
  3.060128e+003  3.949669e-001
  3.082628e+003  3.910115e-001
  3.105128e+003  3.870027e-001
  3.127628e+003  3.829381e-001
  3.150128e+003  3.788150e-001
  3.172628e+003  3.746306e-001
  3.195128e+003  3.703817e-001
  3.217628e+003  3.660650e-001
  3.240128e+003  3.616769e-001
  3.262628e+003  3.580824e-001
  3.285128e+003  3.543722e-001
  3.303878e+003  3.509162e-001
  3.326378e+003  3.464908e-001
  3.348878e+003  3.418730e-001
  3.371378e+003  3.378683e-001
  3.393878e+003  3.337760e-001
  3.416378e+003  3.292233e-001
  3.438878e+003  3.248146e-001
  3.461378e+003  3.199866e-001
  3.483878e+003  3.148664e-001
  3.506378e+003  3.095201e-001
  3.528878e+003  3.048274e-001
  3.551378e+003  2.995903e-001
  3.573878e+003  2.939697e-001
  3.596378e+003  2.880499e-001
  3.618878e+003  2.818681e-001
  3.641378e+003  2.754337e-001
  3.663878e+003  2.687401e-001
  3.686378e+003  2.617694e-001
  3.708878e+003  2.544960e-001
  3.731378e+003  2.468864e-001
  3.753878e+003  2.388991e-001
  3.776378e+003  2.304826e-001
  3.798878e+003  2.215729e-001
  3.821378e+003  2.120895e-001
  3.843878e+003  2.019287e-001
  3.866378e+003  1.914189e-001
  3.888878e+003  1.800090e-001
  3.911378e+003  1.670116e-001
  3.933878e+003  1.512523e-001
  3.956378e+003  1.320118e-001
  3.978878e+003  1.010923e-001
  3.992154e+003  6.992195e-002
  3.996446e+003  5.499547e-002
  3.999029e+003  4.180737e-002
  4.000640e+003  2.923037e-002
  4.001349e+003  2.082398e-002
  4.001710e+003  1.385351e-002
  4.001833e+003  1.123727e-002
  4.001936e+003  7.216123e-003
  4.001981e+003  5.221624e-003
