HISTORY PLOT
job1

Curve 1
X : Time
Y : Displacement Y [Node 1]

       X              Y       
------------------------------
  0.000000e+000  0.000000e+000
  1.700000e-001 -3.867205e+000
  3.400000e-001 -4.819262e+000
  5.100000e-001 -5.308723e+000
  6.800000e-001 -5.624951e+000
  8.500000e-001 -5.856862e+000
  1.020000e+000 -6.480905e+000
  1.190000e+000 -6.950546e+000
  1.394000e+000 -7.466071e+000
  1.638800e+000 -7.974877e+000
  1.932560e+000 -8.458587e+000
  2.285072e+000 -8.916362e+000
  2.708086e+000 -9.194202e+000
  3.131101e+000 -9.448031e+000
  3.638718e+000 -9.764041e+000
  4.247859e+000 -1.012319e+001
  4.978827e+000 -1.039802e+001
  5.709796e+000 -1.069024e+001
  6.586959e+000 -1.103117e+001
  7.639555e+000 -1.140810e+001
  8.902669e+000 -1.181220e+001
  1.041841e+001 -1.209942e+001
  1.223729e+001 -1.243287e+001
  1.405617e+001 -1.272508e+001
  1.587506e+001 -1.303647e+001
  1.805772e+001 -1.340444e+001
  2.067691e+001 -1.372536e+001
  2.381995e+001 -1.412601e+001
  2.759159e+001 -1.459002e+001
  3.211755e+001 -1.510431e+001
  3.754871e+001 -1.550196e+001
  4.297987e+001 -1.587516e+001
  4.841103e+001 -1.620984e+001
  5.384219e+001 -1.657298e+001
  6.035958e+001 -1.701094e+001
  6.818046e+001 -1.740042e+001
  7.668046e+001 -1.785170e+001
  8.518046e+001 -1.830305e+001
  9.368046e+001 -1.874041e+001
  1.021805e+002 -1.906520e+001
  1.106805e+002 -1.936238e+001
  1.177638e+002 -1.960062e+001
  1.262638e+002 -1.991535e+001
  1.347638e+002 -2.024076e+001
  1.432638e+002 -2.056617e+001
  1.517638e+002 -2.088598e+001
  1.602638e+002 -2.119766e+001
  1.687638e+002 -2.143236e+001
  1.758471e+002 -2.164635e+001
  1.843471e+002 -2.191265e+001
  1.928471e+002 -2.218102e+001
  2.013471e+002 -2.244744e+001
  2.098471e+002 -2.265609e+001
  2.183471e+002 -2.288379e+001
  2.268471e+002 -2.307619e+001
  2.339305e+002 -2.325514e+001
  2.424305e+002 -2.344193e+001
  2.509305e+002 -2.365013e+001
  2.594305e+002 -2.386963e+001
  2.679305e+002 -2.409405e+001
  2.764305e+002 -2.431970e+001
  2.849305e+002 -2.454457e+001
  2.934305e+002 -2.476760e+001
  3.019305e+002 -2.498831e+001
  3.104305e+002 -2.520651e+001
  3.189305e+002 -2.542218e+001
  3.274305e+002 -2.557878e+001
  3.359305e+002 -2.575668e+001
  3.444305e+002 -2.594681e+001
  3.529305e+002 -2.614329e+001
  3.614305e+002 -2.634260e+001
  3.699305e+002 -2.654275e+001
  3.784305e+002 -2.669550e+001
  3.869305e+002 -2.686724e+001
  3.954305e+002 -2.705004e+001
  4.039305e+002 -2.720613e+001
  4.124305e+002 -2.737861e+001
  4.209305e+002 -2.756053e+001
  4.294305e+002 -2.774751e+001
  4.379305e+002 -2.793703e+001
  4.464305e+002 -2.812761e+001
  4.549305e+002 -2.831849e+001
  4.634305e+002 -2.850924e+001
  4.719305e+002 -2.869967e+001
  4.804305e+002 -2.888970e+001
  4.889305e+002 -2.907932e+001
  4.974305e+002 -2.926854e+001
  5.059305e+002 -2.945741e+001
  5.144305e+002 -2.964597e+001
  5.229305e+002 -2.983428e+001
  5.314305e+002 -3.002239e+001
  5.399305e+002 -3.021037e+001
  5.484305e+002 -3.035586e+001
  5.569305e+002 -3.049540e+001
  5.640138e+002 -3.062813e+001
  5.725138e+002 -3.079944e+001
  5.810138e+002 -3.097791e+001
  5.895138e+002 -3.116060e+001
  5.980138e+002 -3.134584e+001
  6.065138e+002 -3.149323e+001
  6.150138e+002 -3.163434e+001
  6.235138e+002 -3.179518e+001
  6.320138e+002 -3.196840e+001
  6.405138e+002 -3.214919e+001
  6.490138e+002 -3.233465e+001
  6.575138e+002 -3.252311e+001
  6.660138e+002 -3.271366e+001
  6.745138e+002 -3.290582e+001
  6.830138e+002 -3.309933e+001
  6.915138e+002 -3.329409e+001
  7.000138e+002 -3.349007e+001
  7.085138e+002 -3.368727e+001
  7.170138e+002 -3.388575e+001
  7.255138e+002 -3.408556e+001
  7.340138e+002 -3.428677e+001
  7.425138e+002 -3.448944e+001
  7.510138e+002 -3.469366e+001
  7.595138e+002 -3.489952e+001
  7.680138e+002 -3.510711e+001
  7.765138e+002 -3.531652e+001
  7.850138e+002 -3.552785e+001
  7.935138e+002 -3.574121e+001
  8.020138e+002 -3.595671e+001
  8.105138e+002 -3.612983e+001
  8.175971e+002 -3.629103e+001
  8.260971e+002 -3.649744e+001
  8.345971e+002 -3.671252e+001
  8.430971e+002 -3.693382e+001
  8.515971e+002 -3.710785e+001
  8.600971e+002 -3.730641e+001
  8.685971e+002 -3.752131e+001
  8.770971e+002 -3.774730e+001
  8.855971e+002 -3.798129e+001
  8.940971e+002 -3.822158e+001
  9.025971e+002 -3.846728e+001
  9.110971e+002 -3.871801e+001
  9.195971e+002 -3.897368e+001
  9.280971e+002 -3.923434e+001
  9.365971e+002 -3.950017e+001
  9.450971e+002 -3.977142e+001
  9.535971e+002 -4.004839e+001
  9.620971e+002 -4.033142e+001
  9.705971e+002 -4.062090e+001
  9.790971e+002 -4.091727e+001
  9.875971e+002 -4.122100e+001
  9.960971e+002 -4.153262e+001
  1.004597e+003 -4.185272e+001
  1.013097e+003 -4.218195e+001
  1.021597e+003 -4.252106e+001
  1.030097e+003 -4.287085e+001
  1.038597e+003 -4.323226e+001
  1.047097e+003 -4.360634e+001
  1.055597e+003 -4.392461e+001
  1.064097e+003 -4.428317e+001
  1.072597e+003 -4.462424e+001
  1.081097e+003 -4.496478e+001
  1.089597e+003 -4.535488e+001
  1.098097e+003 -4.572981e+001
  1.106597e+003 -4.615719e+001
  1.115097e+003 -4.662820e+001
  1.123597e+003 -4.713908e+001
  1.132097e+003 -4.763383e+001
  1.139180e+003 -4.809391e+001
  1.147680e+003 -4.869754e+001
  1.156180e+003 -4.935678e+001
  1.164680e+003 -5.007921e+001
  1.173180e+003 -5.087613e+001
  1.181680e+003 -5.176380e+001
  1.190180e+003 -5.276561e+001
  1.198680e+003 -5.401167e+001
  1.207180e+003 -5.555276e+001
  1.215680e+003 -5.753861e+001
  1.224180e+003 -6.087006e+001
  1.229196e+003 -6.511154e+001
  1.230817e+003 -6.765838e+001
  1.231793e+003 -7.038194e+001
  1.232187e+003 -7.213784e+001
  1.232516e+003 -7.507224e+001
  1.232622e+003 -7.681619e+001
  1.232695e+003 -7.923806e+001
  1.232727e+003 -8.196114e+001
  1.232744e+003 -8.557919e+001

Curve 2
X : Time
Y : Thickness of Element [Node 1]

       X              Y       
------------------------------
  0.000000e+000  9.300000e-001
  1.700000e-001  9.261275e-001
  3.400000e-001  9.224857e-001
  5.100000e-001  9.201789e-001
  6.800000e-001  9.185509e-001
  8.500000e-001  9.172918e-001
  1.020000e+000  9.135874e-001
  1.190000e+000  9.106475e-001
  1.394000e+000  9.072279e-001
  1.638800e+000  9.036250e-001
  1.932560e+000  8.999787e-001
  2.285072e+000  8.963271e-001
  2.708086e+000  8.939901e-001
  3.131101e+000  8.917938e-001
  3.638718e+000  8.889872e-001
  4.247859e+000  8.857011e-001
  4.978827e+000  8.830954e-001
  5.709796e+000  8.802584e-001
  6.586959e+000  8.768643e-001
  7.639555e+000  8.730066e-001
  8.902669e+000  8.687484e-001
  1.041841e+001  8.656423e-001
  1.223729e+001  8.619316e-001
  1.405617e+001  8.586083e-001
  1.587506e+001  8.550038e-001
  1.805772e+001  8.506604e-001
  2.067691e+001  8.467790e-001
  2.381995e+001  8.418376e-001
  2.759159e+001  8.359842e-001
  3.211755e+001  8.293333e-001
  3.754871e+001  8.240400e-001
  4.297987e+001  8.189664e-001
  4.841103e+001  8.143385e-001
  5.384219e+001  8.092496e-001
  6.035958e+001  8.030195e-001
  6.818046e+001  7.973691e-001
  7.668046e+001  7.907233e-001
  8.518046e+001  7.839713e-001
  9.368046e+001  7.773279e-001
  1.021805e+002  7.723095e-001
  1.106805e+002  7.676654e-001
  1.177638e+002  7.639111e-001
  1.262638e+002  7.589160e-001
  1.347638e+002  7.537092e-001
  1.432638e+002  7.484584e-001
  1.517638e+002  7.432541e-001
  1.602638e+002  7.381405e-001
  1.687638e+002  7.342494e-001
  1.758471e+002  7.306826e-001
  1.843471e+002  7.262182e-001
  1.928471e+002  7.216931e-001
  2.013471e+002  7.171746e-001
  2.098471e+002  7.136118e-001
  2.183471e+002  7.097098e-001
  2.268471e+002  7.063970e-001
  2.339305e+002  7.033067e-001
  2.424305e+002  7.000700e-001
  2.509305e+002  6.964520e-001
  2.594305e+002  6.926252e-001
  2.679305e+002  6.886993e-001
  2.764305e+002  6.847383e-001
  2.849305e+002  6.807779e-001
  2.934305e+002  6.768365e-001
  3.019305e+002  6.729236e-001
  3.104305e+002  6.690428e-001
  3.189305e+002  6.651955e-001
  3.274305e+002  6.623914e-001
  3.359305e+002  6.591989e-001
  3.444305e+002  6.557789e-001
  3.529305e+002  6.522367e-001
  3.614305e+002  6.486355e-001
  3.699305e+002  6.450112e-001
  3.784305e+002  6.422385e-001
  3.869305e+002  6.391174e-001
  3.954305e+002  6.357913e-001
  4.039305e+002  6.329449e-001
  4.124305e+002  6.297964e-001
  4.209305e+002  6.264721e-001
  4.294305e+002  6.230516e-001
  4.379305e+002  6.195815e-001
  4.464305e+002  6.160881e-001
  4.549305e+002  6.125858e-001
  4.634305e+002  6.090821e-001
  4.719305e+002  6.055809e-001
  4.804305e+002  6.020838e-001
  4.889305e+002  5.985913e-001
  4.974305e+002  5.951032e-001
  5.059305e+002  5.916190e-001
  5.144305e+002  5.881379e-001
  5.229305e+002  5.846593e-001
  5.314305e+002  5.811823e-001
  5.399305e+002  5.777058e-001
  5.484305e+002  5.750124e-001
  5.569305e+002  5.724274e-001
  5.640138e+002  5.699680e-001
  5.725138e+002  5.667919e-001
  5.810138e+002  5.634829e-001
  5.895138e+002  5.600954e-001
  5.980138e+002  5.566606e-001
  6.065138e+002  5.539273e-001
  6.150138e+002  5.513106e-001
  6.235138e+002  5.483286e-001
  6.320138e+002  5.451187e-001
  6.405138e+002  5.417704e-001
  6.490138e+002  5.383378e-001
  6.575138e+002  5.348519e-001
  6.660138e+002  5.313300e-001
  6.745138e+002  5.277814e-001
  6.830138e+002  5.242107e-001
  6.915138e+002  5.206202e-001
  7.000138e+002  5.170106e-001
  7.085138e+002  5.133820e-001
  7.170138e+002  5.097338e-001
  7.255138e+002  5.060652e-001
  7.340138e+002  5.023753e-001
  7.425138e+002  4.986631e-001
  7.510138e+002  4.949273e-001
  7.595138e+002  4.911668e-001
  7.680138e+002  4.873803e-001
  7.765138e+002  4.835664e-001
  7.850138e+002  4.797238e-001
  7.935138e+002  4.758510e-001
  8.020138e+002  4.719463e-001
  8.105138e+002  4.688139e-001
  8.175971e+002  4.659011e-001
  8.260971e+002  4.621757e-001
  8.345971e+002  4.583014e-001
  8.430971e+002  4.543240e-001
  8.515971e+002  4.512038e-001
  8.600971e+002  4.476497e-001
  8.685971e+002  4.438119e-001
  8.770971e+002  4.397871e-001
  8.855971e+002  4.356323e-001
  8.940971e+002  4.313794e-001
  9.025971e+002  4.270453e-001
  9.110971e+002  4.226382e-001
  9.195971e+002  4.181610e-001
  9.280971e+002  4.136139e-001
  9.365971e+002  4.089952e-001
  9.450971e+002  4.043021e-001
  9.535971e+002  3.995310e-001
  9.620971e+002  3.946777e-001
  9.705971e+002  3.897376e-001
  9.790971e+002  3.847054e-001
  9.875971e+002  3.795754e-001
  9.960971e+002  3.743413e-001
  1.004597e+003  3.689962e-001
  1.013097e+003  3.635323e-001
  1.021597e+003  3.579412e-001
  1.030097e+003  3.522135e-001
  1.038597e+003  3.463388e-001
  1.047097e+003  3.403053e-001
  1.055597e+003  3.352140e-001
  1.064097e+003  3.295109e-001
  1.072597e+003  3.241293e-001
  1.081097e+003  3.187918e-001
  1.089597e+003  3.127205e-001
  1.098097e+003  3.069416e-001
  1.106597e+003  3.004104e-001
  1.115097e+003  2.932947e-001
  1.123597e+003  2.856811e-001
  1.132097e+003  2.784189e-001
  1.139180e+003  2.717424e-001
  1.147680e+003  2.631002e-001
  1.156180e+003  2.538444e-001
  1.164680e+003  2.439269e-001
  1.173180e+003  2.332613e-001
  1.181680e+003  2.217203e-001
  1.190180e+003  2.091237e-001
  1.198680e+003  1.940325e-001
  1.207180e+003  1.762244e-001
  1.215680e+003  1.546957e-001
  1.224180e+003  1.213647e-001
  1.229196e+003  8.446298e-002
  1.230817e+003  6.662972e-002
  1.231793e+003  5.003042e-002
  1.232187e+003  4.099916e-002
  1.232516e+003  2.745782e-002
  1.232622e+003  2.121135e-002
  1.232695e+003  1.416578e-002
  1.232727e+003  9.018307e-003
  1.232744e+003  5.185833e-003
