HISTORY PLOT
job1

Curve 1
X : Time
Y : Displacement Y [Node 1]

       X              Y       
------------------------------
  0.000000e+000  0.000000e+000
  4.000000e-002 -3.350942e+000
  8.000000e-002 -4.011002e+000
  1.200000e-001 -4.533648e+000
  1.680000e-001 -4.926109e+000
  2.256000e-001 -5.250145e+000
  2.947200e-001 -5.693030e+000
  3.776640e-001 -6.126286e+000
  4.771968e-001 -6.493327e+000
  5.767296e-001 -6.845124e+000
  6.961690e-001 -7.121835e+000
  7.957017e-001 -7.358971e+000
  9.151411e-001 -7.626816e+000
  1.058468e+000 -7.914520e+000
  1.230461e+000 -8.215699e+000
  1.436852e+000 -8.527149e+000
  1.684522e+000 -8.847629e+000
  1.981725e+000 -9.089673e+000
  2.338369e+000 -9.350780e+000
  2.695013e+000 -9.582040e+000
  3.051657e+000 -9.823682e+000
  3.479630e+000 -1.010388e+001
  3.993197e+000 -1.033808e+001
  4.506765e+000 -1.058754e+001
  5.123045e+000 -1.088036e+001
  5.862583e+000 -1.120776e+001
  6.750027e+000 -1.156395e+001
  7.814960e+000 -1.194552e+001
  9.092880e+000 -1.224148e+001
  1.037080e+001 -1.252690e+001
  1.164872e+001 -1.278807e+001
  1.292664e+001 -1.306219e+001
  1.446014e+001 -1.338472e+001
  1.630035e+001 -1.366194e+001
  1.830035e+001 -1.394230e+001
  1.996702e+001 -1.419543e+001
  2.196702e+001 -1.450047e+001
  2.396702e+001 -1.479562e+001
  2.596702e+001 -1.507675e+001
  2.796702e+001 -1.534314e+001
  2.996702e+001 -1.554404e+001
  3.196702e+001 -1.572769e+001
  3.396701e+001 -1.592912e+001
  3.596701e+001 -1.610310e+001
  3.763368e+001 -1.626107e+001
  3.963368e+001 -1.645553e+001
  4.163368e+001 -1.664897e+001
  4.363368e+001 -1.683855e+001
  4.563368e+001 -1.702308e+001
  4.763368e+001 -1.720219e+001
  4.963368e+001 -1.733313e+001
  5.163368e+001 -1.747960e+001
  5.363368e+001 -1.763280e+001
  5.563368e+001 -1.778759e+001
  5.763368e+001 -1.794124e+001
  5.963368e+001 -1.809248e+001
  6.163368e+001 -1.824075e+001
  6.363368e+001 -1.838587e+001
  6.563368e+001 -1.852785e+001
  6.763368e+001 -1.866679e+001
  6.963368e+001 -1.877234e+001
  7.163368e+001 -1.887574e+001
  7.363368e+001 -1.897976e+001
  7.563368e+001 -1.909453e+001
  7.763368e+001 -1.919444e+001
  7.963368e+001 -1.930523e+001
  8.163368e+001 -1.942122e+001
  8.363368e+001 -1.953910e+001
  8.563368e+001 -1.965708e+001
  8.763368e+001 -1.977423e+001
  8.963368e+001 -1.989011e+001
  9.163368e+001 -2.000453e+001
  9.363368e+001 -2.011742e+001
  9.563368e+001 -2.022877e+001
  9.763368e+001 -2.033862e+001
  9.963368e+001 -2.044700e+001
  1.016337e+002 -2.055396e+001
  1.036337e+002 -2.065955e+001
  1.056337e+002 -2.076382e+001
  1.076337e+002 -2.086681e+001
  1.096337e+002 -2.096857e+001
  1.116337e+002 -2.106915e+001
  1.136337e+002 -2.116858e+001
  1.156337e+002 -2.124759e+001
  1.176337e+002 -2.133455e+001
  1.196337e+002 -2.142551e+001
  1.216337e+002 -2.151817e+001
  1.236337e+002 -2.161128e+001
  1.256337e+002 -2.170420e+001
  1.276337e+002 -2.179659e+001
  1.296337e+002 -2.188830e+001
  1.316337e+002 -2.197925e+001
  1.336337e+002 -2.206944e+001
  1.356337e+002 -2.215885e+001
  1.376337e+002 -2.224751e+001
  1.396337e+002 -2.233541e+001
  1.416337e+002 -2.242260e+001
  1.436337e+002 -2.250908e+001
  1.456337e+002 -2.257615e+001
  1.476337e+002 -2.265119e+001
  1.496337e+002 -2.271872e+001
  1.516337e+002 -2.279358e+001
  1.536337e+002 -2.287231e+001
  1.556337e+002 -2.295287e+001
  1.576337e+002 -2.303414e+001
  1.596337e+002 -2.311551e+001
  1.616337e+002 -2.319669e+001
  1.636337e+002 -2.327752e+001
  1.656337e+002 -2.335792e+001
  1.676337e+002 -2.343788e+001
  1.696337e+002 -2.351738e+001
  1.716337e+002 -2.359641e+001
  1.736337e+002 -2.367499e+001
  1.756337e+002 -2.375312e+001
  1.776337e+002 -2.383080e+001
  1.796337e+002 -2.390805e+001
  1.816337e+002 -2.398488e+001
  1.836337e+002 -2.406129e+001
  1.856337e+002 -2.413730e+001
  1.876337e+002 -2.421291e+001
  1.896337e+002 -2.428813e+001
  1.916337e+002 -2.436298e+001
  1.936337e+002 -2.443746e+001
  1.956337e+002 -2.451157e+001
  1.976337e+002 -2.458533e+001
  1.996337e+002 -2.465874e+001
  2.016337e+002 -2.473181e+001
  2.036337e+002 -2.480455e+001
  2.056337e+002 -2.487697e+001
  2.076337e+002 -2.494907e+001
  2.096337e+002 -2.502085e+001
  2.116337e+002 -2.509234e+001
  2.136337e+002 -2.516352e+001
  2.156337e+002 -2.523442e+001
  2.176337e+002 -2.530503e+001
  2.196337e+002 -2.537536e+001
  2.216337e+002 -2.544545e+001
  2.236337e+002 -2.551525e+001
  2.256337e+002 -2.558479e+001
  2.276337e+002 -2.565407e+001
  2.296337e+002 -2.572310e+001
  2.316337e+002 -2.579189e+001
  2.336337e+002 -2.586045e+001
  2.356337e+002 -2.592876e+001
  2.376337e+002 -2.599685e+001
  2.396337e+002 -2.606472e+001
  2.416337e+002 -2.613238e+001
  2.436337e+002 -2.619982e+001
  2.456337e+002 -2.626706e+001
  2.476337e+002 -2.633409e+001
  2.496337e+002 -2.640092e+001
  2.516337e+002 -2.646757e+001
  2.536337e+002 -2.653402e+001
  2.556337e+002 -2.660029e+001
  2.576337e+002 -2.666639e+001
  2.596337e+002 -2.671830e+001
  2.616337e+002 -2.677642e+001
  2.636337e+002 -2.683798e+001
  2.656337e+002 -2.690134e+001
  2.676337e+002 -2.696560e+001
  2.696337e+002 -2.703024e+001
  2.716337e+002 -2.709503e+001
  2.736337e+002 -2.715983e+001
  2.756337e+002 -2.722458e+001
  2.776337e+002 -2.728923e+001
  2.796337e+002 -2.735377e+001
  2.816337e+002 -2.741819e+001
  2.836337e+002 -2.748249e+001
  2.856337e+002 -2.754667e+001
  2.876337e+002 -2.761074e+001
  2.896337e+002 -2.767469e+001
  2.916337e+002 -2.773854e+001
  2.936337e+002 -2.780228e+001
  2.956337e+002 -2.786592e+001
  2.976337e+002 -2.792945e+001
  2.996337e+002 -2.799288e+001
  3.016337e+002 -2.805621e+001
  3.036337e+002 -2.811945e+001
  3.056337e+002 -2.818260e+001
  3.076337e+002 -2.824566e+001
  3.096337e+002 -2.830863e+001
  3.116337e+002 -2.837152e+001
  3.136337e+002 -2.843432e+001
  3.156337e+002 -2.849704e+001
  3.176337e+002 -2.855969e+001
  3.196337e+002 -2.862226e+001
  3.216337e+002 -2.868476e+001
  3.236337e+002 -2.874719e+001
  3.256337e+002 -2.880955e+001
  3.276337e+002 -2.887184e+001
  3.296337e+002 -2.893407e+001
  3.316337e+002 -2.899624e+001
  3.336337e+002 -2.905835e+001
  3.356337e+002 -2.912041e+001
  3.376337e+002 -2.918240e+001
  3.396337e+002 -2.924435e+001
  3.416337e+002 -2.930625e+001
  3.436337e+002 -2.936809e+001
  3.456337e+002 -2.942989e+001
  3.476337e+002 -2.949165e+001
  3.496337e+002 -2.955336e+001
  3.516337e+002 -2.961504e+001
  3.536337e+002 -2.967668e+001
  3.556337e+002 -2.973828e+001
  3.576337e+002 -2.979985e+001
  3.596337e+002 -2.986139e+001
  3.616337e+002 -2.992289e+001
  3.636337e+002 -2.998438e+001
  3.656337e+002 -3.004583e+001
  3.676337e+002 -3.010726e+001
  3.696337e+002 -3.016868e+001
  3.716337e+002 -3.023015e+001
  3.736337e+002 -3.029157e+001
  3.756337e+002 -3.035295e+001
  3.776337e+002 -3.041431e+001
  3.796337e+002 -3.047566e+001
  3.816337e+002 -3.053699e+001
  3.836337e+002 -3.059832e+001
  3.856337e+002 -3.065965e+001
  3.876337e+002 -3.072097e+001
  3.896337e+002 -3.078229e+001
  3.916337e+002 -3.084361e+001
  3.936337e+002 -3.090493e+001
  3.956337e+002 -3.096627e+001
  3.976337e+002 -3.102761e+001
  3.996337e+002 -3.108896e+001
  4.000000e+002 -3.110023e+001

Curve 2
X : Time
Y : Thickness of Element [Node 1]

       X              Y       
------------------------------
  0.000000e+000  9.300000e-001
  4.000000e-002  9.260506e-001
  8.000000e-002  9.238562e-001
  1.200000e-001  9.218243e-001
  1.680000e-001  9.201154e-001
  2.256000e-001  9.185886e-001
  2.947200e-001  9.163162e-001
  3.776640e-001  9.139617e-001
  4.771968e-001  9.118103e-001
  5.767296e-001  9.096496e-001
  6.961690e-001  9.078587e-001
  7.957017e-001  9.062723e-001
  9.151411e-001  9.044230e-001
  1.058468e+000  9.023680e-001
  1.230461e+000  9.001395e-001
  1.436852e+000  8.977513e-001
  1.684522e+000  8.952049e-001
  1.981725e+000  8.932127e-001
  2.338369e+000  8.910029e-001
  2.695013e+000  8.889967e-001
  3.051657e+000  8.868572e-001
  3.479630e+000  8.843199e-001
  3.993197e+000  8.821411e-001
  4.506765e+000  8.797734e-001
  5.123045e+000  8.769322e-001
  5.862583e+000  8.736764e-001
  6.750027e+000  8.700395e-001
  7.814960e+000  8.660344e-001
  9.092880e+000  8.628357e-001
  1.037080e+001  8.596827e-001
  1.164872e+001  8.567429e-001
  1.292664e+001  8.536093e-001
  1.446014e+001  8.498578e-001
  1.630035e+001  8.465764e-001
  1.830035e+001  8.431877e-001
  1.996702e+001  8.400822e-001
  2.196702e+001  8.362823e-001
  2.396702e+001  8.325463e-001
  2.596702e+001  8.289326e-001
  2.796702e+001  8.254595e-001
  2.996702e+001  8.228043e-001
  3.196702e+001  8.203540e-001
  3.396701e+001  8.176443e-001
  3.596701e+001  8.152817e-001
  3.763368e+001  8.131214e-001
  3.963368e+001  8.104418e-001
  4.163368e+001  8.077547e-001
  4.363368e+001  8.050997e-001
  4.563368e+001  8.024948e-001
  4.763368e+001  7.999469e-001
  4.963368e+001  7.980711e-001
  5.163368e+001  7.959608e-001
  5.363368e+001  7.937401e-001
  5.563368e+001  7.914829e-001
  5.763368e+001  7.892283e-001
  5.963368e+001  7.869962e-001
  6.163368e+001  7.847953e-001
  6.363368e+001  7.826293e-001
  6.563368e+001  7.804988e-001
  6.763368e+001  7.784033e-001
  6.963368e+001  7.768050e-001
  7.163368e+001  7.752334e-001
  7.363368e+001  7.736468e-001
  7.563368e+001  7.718904e-001
  7.763368e+001  7.703565e-001
  7.963368e+001  7.686500e-001
  8.163368e+001  7.668574e-001
  8.363368e+001  7.650295e-001
  8.563368e+001  7.631938e-001
  8.763368e+001  7.613649e-001
  8.963368e+001  7.595495e-001
  9.163368e+001  7.577512e-001
  9.363368e+001  7.559710e-001
  9.563368e+001  7.542093e-001
  9.763368e+001  7.524661e-001
  9.963368e+001  7.507407e-001
  1.016337e+002  7.490328e-001
  1.036337e+002  7.473418e-001
  1.056337e+002  7.456671e-001
  1.076337e+002  7.440083e-001
  1.096337e+002  7.423646e-001
  1.116337e+002  7.407357e-001
  1.136337e+002  7.391211e-001
  1.156337e+002  7.378351e-001
  1.176337e+002  7.364166e-001
  1.196337e+002  7.349294e-001
  1.216337e+002  7.334108e-001
  1.236337e+002  7.318812e-001
  1.256337e+002  7.303515e-001
  1.276337e+002  7.288269e-001
  1.296337e+002  7.273101e-001
  1.316337e+002  7.258025e-001
  1.336337e+002  7.243045e-001
  1.356337e+002  7.228162e-001
  1.376337e+002  7.213376e-001
  1.396337e+002  7.198684e-001
  1.416337e+002  7.184085e-001
  1.436337e+002  7.169575e-001
  1.456337e+002  7.158309e-001
  1.476337e+002  7.145687e-001
  1.496337e+002  7.134315e-001
  1.516337e+002  7.121690e-001
  1.536337e+002  7.108394e-001
  1.556337e+002  7.094770e-001
  1.576337e+002  7.081007e-001
  1.596337e+002  7.067206e-001
  1.616337e+002  7.053418e-001
  1.636337e+002  7.039669e-001
  1.656337e+002  7.025973e-001
  1.676337e+002  7.012336e-001
  1.696337e+002  6.998759e-001
  1.716337e+002  6.985243e-001
  1.736337e+002  6.971788e-001
  1.756337e+002  6.958392e-001
  1.776337e+002  6.945055e-001
  1.796337e+002  6.931776e-001
  1.816337e+002  6.918552e-001
  1.836337e+002  6.905383e-001
  1.856337e+002  6.892268e-001
  1.876337e+002  6.879205e-001
  1.896337e+002  6.866193e-001
  1.916337e+002  6.853232e-001
  1.936337e+002  6.840320e-001
  1.956337e+002  6.827455e-001
  1.976337e+002  6.814638e-001
  1.996337e+002  6.801866e-001
  2.016337e+002  6.789139e-001
  2.036337e+002  6.776457e-001
  2.056337e+002  6.763817e-001
  2.076337e+002  6.751219e-001
  2.096337e+002  6.738662e-001
  2.116337e+002  6.726146e-001
  2.136337e+002  6.713669e-001
  2.156337e+002  6.701231e-001
  2.176337e+002  6.688830e-001
  2.196337e+002  6.676466e-001
  2.216337e+002  6.664130e-001
  2.236337e+002  6.651834e-001
  2.256337e+002  6.639574e-001
  2.276337e+002  6.627349e-001
  2.296337e+002  6.615157e-001
  2.316337e+002  6.602998e-001
  2.336337e+002  6.590871e-001
  2.356337e+002  6.578774e-001
  2.376337e+002  6.566708e-001
  2.396337e+002  6.554670e-001
  2.416337e+002  6.542662e-001
  2.436337e+002  6.530681e-001
  2.456337e+002  6.518728e-001
  2.476337e+002  6.506802e-001
  2.496337e+002  6.494902e-001
  2.516337e+002  6.483027e-001
  2.536337e+002  6.471177e-001
  2.556337e+002  6.459352e-001
  2.576337e+002  6.447550e-001
  2.596337e+002  6.438280e-001
  2.616337e+002  6.427897e-001
  2.636337e+002  6.416893e-001
  2.656337e+002  6.405561e-001
  2.676337e+002  6.394065e-001
  2.696337e+002  6.382491e-001
  2.716337e+002  6.370887e-001
  2.736337e+002  6.359276e-001
  2.756337e+002  6.347670e-001
  2.776337e+002  6.336075e-001
  2.796337e+002  6.324495e-001
  2.816337e+002  6.312931e-001
  2.836337e+002  6.301382e-001
  2.856337e+002  6.289850e-001
  2.876337e+002  6.278333e-001
  2.896337e+002  6.266832e-001
  2.916337e+002  6.255347e-001
  2.936337e+002  6.243876e-001
  2.956337e+002  6.232419e-001
  2.976337e+002  6.220977e-001
  2.996337e+002  6.209548e-001
  3.016337e+002  6.198132e-001
  3.036337e+002  6.186730e-001
  3.056337e+002  6.175339e-001
  3.076337e+002  6.163961e-001
  3.096337e+002  6.152594e-001
  3.116337e+002  6.141238e-001
  3.136337e+002  6.129894e-001
  3.156337e+002  6.118560e-001
  3.176337e+002  6.107236e-001
  3.196337e+002  6.095922e-001
  3.216337e+002  6.084617e-001
  3.236337e+002  6.073322e-001
  3.256337e+002  6.062036e-001
  3.276337e+002  6.050758e-001
  3.296337e+002  6.039488e-001
  3.316337e+002  6.028227e-001
  3.336337e+002  6.016972e-001
  3.356337e+002  6.005725e-001
  3.376337e+002  5.994485e-001
  3.396337e+002  5.983252e-001
  3.416337e+002  5.972024e-001
  3.436337e+002  5.960803e-001
  3.456337e+002  5.949587e-001
  3.476337e+002  5.938377e-001
  3.496337e+002  5.927172e-001
  3.516337e+002  5.915971e-001
  3.536337e+002  5.904775e-001
  3.556337e+002  5.893583e-001
  3.576337e+002  5.882394e-001
  3.596337e+002  5.871210e-001
  3.616337e+002  5.860028e-001
  3.636337e+002  5.848849e-001
  3.656337e+002  5.837673e-001
  3.676337e+002  5.826499e-001
  3.696337e+002  5.815327e-001
  3.716337e+002  5.804140e-001
  3.736337e+002  5.792962e-001
  3.756337e+002  5.781790e-001
  3.776337e+002  5.770621e-001
  3.796337e+002  5.759453e-001
  3.816337e+002  5.748287e-001
  3.836337e+002  5.737121e-001
  3.856337e+002  5.725954e-001
  3.876337e+002  5.714786e-001
  3.896337e+002  5.703618e-001
  3.916337e+002  5.692449e-001
  3.936337e+002  5.681277e-001
  3.956337e+002  5.670104e-001
  3.976337e+002  5.658929e-001
  3.996337e+002  5.647751e-001
  4.000000e+002  5.645700e-001
