HISTORY PLOT
job1

Curve 1
X : Time
Y : Displacement Y [Node 1]

       X              Y       
------------------------------
  0.000000e+000  0.000000e+000
  2.600000e-001 -3.306214e+000
  5.200000e-001 -3.924475e+000
  7.800000e-001 -4.378615e+000
  1.092000e+000 -4.707036e+000
  1.404000e+000 -4.941276e+000
  1.716000e+000 -5.446593e+000
  2.090400e+000 -5.999801e+000
  2.539680e+000 -6.382905e+000
  2.988960e+000 -6.753436e+000
  3.528096e+000 -7.052898e+000
  4.067232e+000 -7.350742e+000
  4.714195e+000 -7.675675e+000
  5.490551e+000 -8.014280e+000
  6.422178e+000 -8.360086e+000
  7.540131e+000 -8.710818e+000
  8.881674e+000 -9.017013e+000
  1.049152e+001 -9.290212e+000
  1.210138e+001 -9.524086e+000
  1.371123e+001 -9.772562e+000
  1.564305e+001 -1.006225e+001
  1.796124e+001 -1.030488e+001
  2.027942e+001 -1.056345e+001
  2.306124e+001 -1.086622e+001
  2.639943e+001 -1.120369e+001
  3.040526e+001 -1.156976e+001
  3.521225e+001 -1.196094e+001
  4.098064e+001 -1.227970e+001
  4.674903e+001 -1.257219e+001
  5.155602e+001 -1.279274e+001
  5.556184e+001 -1.298999e+001
  6.036884e+001 -1.322745e+001
  6.613722e+001 -1.350223e+001
  7.305929e+001 -1.374833e+001
  7.998135e+001 -1.400918e+001
  8.828783e+001 -1.431922e+001
  9.825562e+001 -1.467372e+001
  1.102169e+002 -1.506997e+001
  1.232169e+002 -1.537351e+001
  1.362169e+002 -1.565714e+001
  1.492169e+002 -1.596317e+001
  1.622169e+002 -1.627174e+001
  1.752169e+002 -1.657278e+001
  1.882169e+002 -1.686224e+001
  2.012169e+002 -1.713902e+001
  2.142169e+002 -1.734436e+001
  2.272169e+002 -1.756832e+001
  2.402169e+002 -1.779787e+001
  2.532169e+002 -1.802602e+001
  2.662169e+002 -1.824945e+001
  2.792169e+002 -1.846686e+001
  2.922169e+002 -1.867789e+001
  3.052169e+002 -1.883985e+001
  3.182169e+002 -1.899876e+001
  3.312169e+002 -1.914745e+001
  3.442169e+002 -1.931383e+001
  3.572169e+002 -1.948796e+001
  3.702169e+002 -1.963683e+001
  3.832169e+002 -1.979807e+001
  3.962169e+002 -1.996426e+001
  4.092169e+002 -2.013132e+001
  4.222169e+002 -2.029716e+001
  4.352169e+002 -2.046080e+001
  4.482169e+002 -2.062181e+001
  4.612169e+002 -2.078008e+001
  4.742169e+002 -2.093561e+001
  4.872169e+002 -2.108848e+001
  5.002169e+002 -2.123879e+001
  5.132169e+002 -2.138667e+001
  5.262169e+002 -2.153222e+001
  5.392169e+002 -2.167554e+001
  5.522169e+002 -2.181676e+001
  5.652169e+002 -2.195595e+001
  5.782169e+002 -2.209323e+001
  5.912169e+002 -2.222868e+001
  6.042169e+002 -2.236238e+001
  6.172169e+002 -2.249441e+001
  6.302169e+002 -2.260093e+001
  6.432169e+002 -2.270190e+001
  6.562169e+002 -2.281477e+001
  6.692169e+002 -2.293368e+001
  6.822169e+002 -2.305523e+001
  6.952169e+002 -2.317756e+001
  7.082169e+002 -2.329970e+001
  7.212169e+002 -2.342122e+001
  7.342169e+002 -2.354188e+001
  7.472169e+002 -2.366160e+001
  7.602169e+002 -2.378033e+001
  7.732169e+002 -2.389808e+001
  7.862169e+002 -2.401487e+001
  7.992169e+002 -2.413072e+001
  8.122169e+002 -2.424566e+001
  8.252169e+002 -2.435971e+001
  8.382169e+002 -2.447291e+001
  8.512169e+002 -2.458527e+001
  8.642169e+002 -2.469684e+001
  8.772169e+002 -2.480763e+001
  8.902169e+002 -2.491767e+001
  9.032169e+002 -2.502698e+001
  9.162169e+002 -2.513559e+001
  9.292169e+002 -2.524352e+001
  9.422169e+002 -2.535079e+001
  9.552169e+002 -2.545748e+001
  9.682169e+002 -2.556352e+001
  9.812169e+002 -2.566895e+001
  9.942169e+002 -2.577380e+001
  1.007217e+003 -2.587810e+001
  1.020217e+003 -2.598185e+001
  1.033217e+003 -2.608508e+001
  1.046217e+003 -2.618782e+001
  1.059217e+003 -2.629007e+001
  1.072217e+003 -2.639185e+001
  1.085217e+003 -2.649318e+001
  1.098217e+003 -2.659408e+001
  1.111217e+003 -2.667574e+001
  1.124217e+003 -2.675538e+001
  1.137217e+003 -2.684417e+001
  1.150217e+003 -2.693790e+001
  1.163217e+003 -2.703411e+001
  1.176217e+003 -2.713146e+001
  1.189217e+003 -2.722926e+001
  1.202217e+003 -2.732714e+001
  1.215217e+003 -2.742491e+001
  1.228217e+003 -2.752250e+001
  1.241217e+003 -2.761986e+001
  1.254217e+003 -2.771698e+001
  1.267217e+003 -2.781387e+001
  1.280217e+003 -2.791052e+001
  1.293217e+003 -2.800693e+001
  1.306217e+003 -2.810312e+001
  1.319217e+003 -2.819909e+001
  1.332217e+003 -2.829486e+001
  1.345217e+003 -2.839042e+001
  1.358217e+003 -2.848578e+001
  1.371217e+003 -2.858097e+001
  1.384217e+003 -2.867597e+001
  1.397217e+003 -2.877081e+001
  1.410217e+003 -2.886549e+001
  1.423217e+003 -2.896001e+001
  1.436217e+003 -2.905439e+001
  1.449217e+003 -2.914863e+001
  1.462217e+003 -2.924275e+001
  1.475217e+003 -2.933673e+001
  1.488217e+003 -2.943061e+001
  1.501217e+003 -2.952437e+001
  1.514217e+003 -2.961804e+001
  1.527217e+003 -2.971161e+001
  1.540217e+003 -2.980509e+001
  1.553217e+003 -2.989850e+001
  1.566217e+003 -2.999184e+001
  1.579217e+003 -3.008511e+001
  1.592217e+003 -3.017832e+001
  1.605217e+003 -3.027167e+001
  1.618217e+003 -3.036488e+001
  1.631217e+003 -3.045801e+001
  1.644217e+003 -3.055109e+001
  1.657217e+003 -3.064413e+001
  1.670217e+003 -3.073716e+001
  1.683217e+003 -3.083017e+001
  1.696217e+003 -3.092318e+001
  1.709217e+003 -3.101620e+001
  1.722217e+003 -3.110924e+001
  1.735217e+003 -3.120229e+001
  1.748217e+003 -3.129538e+001
  1.761217e+003 -3.138851e+001
  1.774217e+003 -3.148171e+001
  1.787217e+003 -3.157499e+001
  1.800217e+003 -3.166834e+001
  1.813217e+003 -3.176178e+001
  1.826217e+003 -3.185529e+001
  1.839217e+003 -3.194891e+001
  1.852217e+003 -3.204263e+001
  1.865217e+003 -3.213645e+001
  1.878217e+003 -3.223038e+001
  1.891217e+003 -3.232443e+001
  1.904217e+003 -3.241861e+001
  1.917217e+003 -3.251291e+001
  1.930217e+003 -3.260736e+001
  1.943217e+003 -3.268143e+001
  1.954050e+003 -3.275108e+001
  1.967050e+003 -3.284003e+001
  1.980050e+003 -3.293195e+001
  1.993050e+003 -3.302550e+001
  2.006050e+003 -3.311998e+001
  2.019050e+003 -3.321505e+001
  2.032050e+003 -3.331051e+001
  2.045050e+003 -3.340627e+001
  2.058050e+003 -3.350230e+001
  2.071050e+003 -3.359856e+001
  2.084050e+003 -3.369506e+001
  2.097050e+003 -3.379181e+001
  2.110050e+003 -3.388878e+001
  2.123050e+003 -3.398601e+001
  2.136050e+003 -3.408349e+001
  2.149050e+003 -3.418122e+001
  2.162050e+003 -3.427923e+001
  2.175050e+003 -3.437751e+001
  2.188050e+003 -3.447608e+001
  2.201050e+003 -3.457494e+001
  2.214050e+003 -3.467409e+001
  2.227050e+003 -3.477356e+001
  2.240050e+003 -3.487334e+001
  2.253050e+003 -3.497344e+001
  2.266050e+003 -3.507388e+001
  2.279050e+003 -3.517467e+001
  2.292050e+003 -3.527581e+001
  2.305050e+003 -3.537731e+001
  2.318050e+003 -3.547918e+001
  2.331050e+003 -3.558144e+001
  2.344050e+003 -3.568409e+001
  2.357050e+003 -3.578754e+001
  2.370050e+003 -3.589120e+001
  2.383050e+003 -3.599519e+001
  2.396050e+003 -3.609956e+001
  2.409050e+003 -3.620435e+001
  2.422050e+003 -3.630960e+001
  2.435050e+003 -3.641530e+001
  2.448050e+003 -3.652149e+001
  2.461050e+003 -3.662817e+001
  2.474050e+003 -3.673537e+001
  2.487050e+003 -3.684309e+001
  2.500050e+003 -3.693123e+001
  2.513050e+003 -3.701832e+001
  2.526050e+003 -3.711578e+001
  2.539050e+003 -3.721928e+001
  2.552050e+003 -3.732629e+001
  2.565050e+003 -3.743546e+001
  2.578050e+003 -3.754604e+001
  2.591050e+003 -3.763903e+001
  2.600000e+003 -3.770955e+001

Curve 2
X : Time
Y : Thickness of Element [Node 1]

       X              Y       
------------------------------
  0.000000e+000  9.300000e-001
  2.600000e-001  9.257988e-001
  5.200000e-001  9.237644e-001
  7.800000e-001  9.220377e-001
  1.092000e+000  9.206582e-001
  1.404000e+000  9.196083e-001
  1.716000e+000  9.171245e-001
  2.090400e+000  9.142322e-001
  2.539680e+000  9.120376e-001
  2.988960e+000  9.098070e-001
  3.528096e+000  9.078977e-001
  4.067232e+000  9.059254e-001
  4.714195e+000  9.036890e-001
  5.490551e+000  9.012619e-001
  6.422178e+000  8.986797e-001
  7.540131e+000  8.959532e-001
  8.881674e+000  8.934830e-001
  1.049152e+001  8.911972e-001
  1.210138e+001  8.891891e-001
  1.371123e+001  8.870095e-001
  1.564305e+001  8.844075e-001
  1.796124e+001  8.821668e-001
  2.027942e+001  8.797281e-001
  2.306124e+001  8.768059e-001
  2.639943e+001  8.734645e-001
  3.040526e+001  8.697395e-001
  3.521225e+001  8.656439e-001
  4.098064e+001  8.622008e-001
  4.674903e+001  8.589707e-001
  5.155602e+001  8.564933e-001
  5.556184e+001  8.542490e-001
  6.036884e+001  8.515112e-001
  6.613722e+001  8.482947e-001
  7.305929e+001  8.453602e-001
  7.998135e+001  8.422058e-001
  8.828783e+001  8.383974e-001
  9.825562e+001  8.339653e-001
  1.102169e+002  8.289144e-001
  1.232169e+002  8.249696e-001
  1.362169e+002  8.212220e-001
  1.492169e+002  8.171293e-001
  1.622169e+002  8.129501e-001
  1.752169e+002  8.088192e-001
  1.882169e+002  8.047962e-001
  2.012169e+002  8.009023e-001
  2.142169e+002  7.979787e-001
  2.272169e+002  7.947621e-001
  2.402169e+002  7.914354e-001
  2.532169e+002  7.880995e-001
  2.662169e+002  7.848040e-001
  2.792169e+002  7.815710e-001
  2.922169e+002  7.784079e-001
  3.052169e+002  7.759625e-001
  3.182169e+002  7.735498e-001
  3.312169e+002  7.712820e-001
  3.442169e+002  7.687333e-001
  3.572169e+002  7.660524e-001
  3.702169e+002  7.637472e-001
  3.832169e+002  7.612399e-001
  3.962169e+002  7.586439e-001
  4.092169e+002  7.560223e-001
  4.222169e+002  7.534077e-001
  4.352169e+002  7.508160e-001
  4.482169e+002  7.482544e-001
  4.612169e+002  7.457255e-001
  4.742169e+002  7.432297e-001
  4.872169e+002  7.407666e-001
  5.002169e+002  7.383351e-001
  5.132169e+002  7.359338e-001
  5.262169e+002  7.335617e-001
  5.392169e+002  7.312172e-001
  5.522169e+002  7.288993e-001
  5.652169e+002  7.266066e-001
  5.782169e+002  7.243381e-001
  5.912169e+002  7.220928e-001
  6.042169e+002  7.198696e-001
  6.172169e+002  7.176675e-001
  6.302169e+002  7.158865e-001
  6.432169e+002  7.141950e-001
  6.562169e+002  7.123007e-001
  6.692169e+002  7.103009e-001
  6.822169e+002  7.082526e-001
  6.952169e+002  7.061869e-001
  7.082169e+002  7.041196e-001
  7.212169e+002  7.020588e-001
  7.342169e+002  7.000084e-001
  7.472169e+002  6.979700e-001
  7.602169e+002  6.959442e-001
  7.732169e+002  6.939313e-001
  7.862169e+002  6.919310e-001
  7.992169e+002  6.899430e-001
  8.122169e+002  6.879670e-001
  8.252169e+002  6.860026e-001
  8.382169e+002  6.840495e-001
  8.512169e+002  6.821072e-001
  8.642169e+002  6.801756e-001
  8.772169e+002  6.782541e-001
  8.902169e+002  6.763425e-001
  9.032169e+002  6.744405e-001
  9.162169e+002  6.725477e-001
  9.292169e+002  6.706639e-001
  9.422169e+002  6.687887e-001
  9.552169e+002  6.669202e-001
  9.682169e+002  6.650607e-001
  9.812169e+002  6.632095e-001
  9.942169e+002  6.613662e-001
  1.007217e+003  6.595303e-001
  1.020217e+003  6.577015e-001
  1.033217e+003  6.558796e-001
  1.046217e+003  6.540643e-001
  1.059217e+003  6.522555e-001
  1.072217e+003  6.504527e-001
  1.085217e+003  6.486559e-001
  1.098217e+003  6.468648e-001
  1.111217e+003  6.454141e-001
  1.124217e+003  6.439984e-001
  1.137217e+003  6.424189e-001
  1.150217e+003  6.407504e-001
  1.163217e+003  6.390366e-001
  1.176217e+003  6.373013e-001
  1.189217e+003  6.355568e-001
  1.202217e+003  6.338098e-001
  1.215217e+003  6.320633e-001
  1.228217e+003  6.303189e-001
  1.241217e+003  6.285775e-001
  1.254217e+003  6.268392e-001
  1.267217e+003  6.251042e-001
  1.280217e+003  6.233725e-001
  1.293217e+003  6.216439e-001
  1.306217e+003  6.199184e-001
  1.319217e+003  6.181958e-001
  1.332217e+003  6.164760e-001
  1.345217e+003  6.147589e-001
  1.358217e+003  6.130444e-001
  1.371217e+003  6.113323e-001
  1.384217e+003  6.096225e-001
  1.397217e+003  6.079150e-001
  1.410217e+003  6.062096e-001
  1.423217e+003  6.045061e-001
  1.436217e+003  6.028045e-001
  1.449217e+003  6.011047e-001
  1.462217e+003  5.994065e-001
  1.475217e+003  5.977099e-001
  1.488217e+003  5.960147e-001
  1.501217e+003  5.943208e-001
  1.514217e+003  5.926282e-001
  1.527217e+003  5.909367e-001
  1.540217e+003  5.892462e-001
  1.553217e+003  5.875566e-001
  1.566217e+003  5.858679e-001
  1.579217e+003  5.841798e-001
  1.592217e+003  5.824923e-001
  1.605217e+003  5.808015e-001
  1.618217e+003  5.791131e-001
  1.631217e+003  5.774259e-001
  1.644217e+003  5.757395e-001
  1.657217e+003  5.740533e-001
  1.670217e+003  5.723673e-001
  1.683217e+003  5.706813e-001
  1.696217e+003  5.689951e-001
  1.709217e+003  5.673086e-001
  1.722217e+003  5.656217e-001
  1.735217e+003  5.639343e-001
  1.748217e+003  5.622462e-001
  1.761217e+003  5.605575e-001
  1.774217e+003  5.588679e-001
  1.787217e+003  5.571774e-001
  1.800217e+003  5.554860e-001
  1.813217e+003  5.537934e-001
  1.826217e+003  5.520995e-001
  1.839217e+003  5.504044e-001
  1.852217e+003  5.487079e-001
  1.865217e+003  5.470098e-001
  1.878217e+003  5.453102e-001
  1.891217e+003  5.436088e-001
  1.904217e+003  5.419055e-001
  1.917217e+003  5.402004e-001
  1.930217e+003  5.384933e-001
  1.943217e+003  5.371553e-001
  1.954050e+003  5.358972e-001
  1.967050e+003  5.342905e-001
  1.980050e+003  5.326309e-001
  1.993050e+003  5.309423e-001
  2.006050e+003  5.292375e-001
  2.019050e+003  5.275229e-001
  2.032050e+003  5.258018e-001
  2.045050e+003  5.240760e-001
  2.058050e+003  5.223462e-001
  2.071050e+003  5.206128e-001
  2.084050e+003  5.188760e-001
  2.097050e+003  5.171358e-001
  2.110050e+003  5.153921e-001
  2.123050e+003  5.136448e-001
  2.136050e+003  5.118939e-001
  2.149050e+003  5.101393e-001
  2.162050e+003  5.083808e-001
  2.175050e+003  5.066184e-001
  2.188050e+003  5.048519e-001
  2.201050e+003  5.030813e-001
  2.214050e+003  5.013063e-001
  2.227050e+003  4.995270e-001
  2.240050e+003  4.977431e-001
  2.253050e+003  4.959546e-001
  2.266050e+003  4.941613e-001
  2.279050e+003  4.923632e-001
  2.292050e+003  4.905600e-001
  2.305050e+003  4.887517e-001
  2.318050e+003  4.869381e-001
  2.331050e+003  4.851190e-001
  2.344050e+003  4.832945e-001
  2.357050e+003  4.814568e-001
  2.370050e+003  4.796171e-001
  2.383050e+003  4.777732e-001
  2.396050e+003  4.759242e-001
  2.409050e+003  4.740693e-001
  2.422050e+003  4.722083e-001
  2.435050e+003  4.703408e-001
  2.448050e+003  4.684666e-001
  2.461050e+003  4.665855e-001
  2.474050e+003  4.646973e-001
  2.487050e+003  4.628019e-001
  2.500050e+003  4.612528e-001
  2.513050e+003  4.597237e-001
  2.526050e+003  4.580140e-001
  2.539050e+003  4.562003e-001
  2.552050e+003  4.543272e-001
  2.565050e+003  4.524190e-001
  2.578050e+003  4.504883e-001
  2.591050e+003  4.488669e-001
  2.600000e+003  4.476388e-001
