HISTORY PLOT
job1

Curve 1
X : Time
Y : Displacement Y [Node 1]

       X              Y       
------------------------------
  0.000000e+000  0.000000e+000
  7.000000e-002 -3.279077e+000
  1.400000e-001 -3.895236e+000
  2.100000e-001 -4.386127e+000
  2.940000e-001 -4.751586e+000
  3.948000e-001 -5.052761e+000
  5.157600e-001 -5.492908e+000
  6.609120e-001 -5.989293e+000
  8.350944e-001 -6.339975e+000
  1.009277e+000 -6.640378e+000
  1.154429e+000 -6.889333e+000
  1.328611e+000 -7.163892e+000
  1.537630e+000 -7.453398e+000
  1.788453e+000 -7.752107e+000
  2.089440e+000 -8.057507e+000
  2.450624e+000 -8.368945e+000
  2.884046e+000 -8.686766e+000
  3.404152e+000 -9.011827e+000
  4.028279e+000 -9.246406e+000
  4.652406e+000 -9.468760e+000
  5.401359e+000 -9.744878e+000
  6.300101e+000 -1.006056e+001
  7.378593e+000 -1.031525e+001
  8.457085e+000 -1.058693e+001
  9.751274e+000 -1.090456e+001
  1.130430e+001 -1.125740e+001
  1.316794e+001 -1.163851e+001
  1.540429e+001 -1.204393e+001
  1.808793e+001 -1.237140e+001
  2.077156e+001 -1.265347e+001
  2.399192e+001 -1.301319e+001
  2.749192e+001 -1.339527e+001
  3.099192e+001 -1.368196e+001
  3.449192e+001 -1.398367e+001
  3.799192e+001 -1.428197e+001
  4.149192e+001 -1.456843e+001
  4.499192e+001 -1.484021e+001
  4.849192e+001 -1.509717e+001
  5.199192e+001 -1.531178e+001
  5.549192e+001 -1.549203e+001
  5.899192e+001 -1.566027e+001
  6.249192e+001 -1.584576e+001
  6.599192e+001 -1.599982e+001
  6.949192e+001 -1.617137e+001
  7.299192e+001 -1.634959e+001
  7.649192e+001 -1.652826e+001
  7.999192e+001 -1.670425e+001
  8.349192e+001 -1.687614e+001
  8.699192e+001 -1.704342e+001
  9.049192e+001 -1.720599e+001
  9.399192e+001 -1.733398e+001
  9.749192e+001 -1.747231e+001
  1.009919e+002 -1.761456e+001
  1.044919e+002 -1.775718e+001
  1.079919e+002 -1.789834e+001
  1.114919e+002 -1.803718e+001
  1.149919e+002 -1.817337e+001
  1.184919e+002 -1.830681e+001
  1.219919e+002 -1.843753e+001
  1.254919e+002 -1.856563e+001
  1.289919e+002 -1.869121e+001
  1.324919e+002 -1.878883e+001
  1.359919e+002 -1.889638e+001
  1.394919e+002 -1.900861e+001
  1.429919e+002 -1.912242e+001
  1.464919e+002 -1.923620e+001
  1.499919e+002 -1.934910e+001
  1.534919e+002 -1.946071e+001
  1.569919e+002 -1.954782e+001
  1.604919e+002 -1.964425e+001
  1.639919e+002 -1.974525e+001
  1.674919e+002 -1.984802e+001
  1.709919e+002 -1.995106e+001
  1.744919e+002 -2.005359e+001
  1.779919e+002 -2.015523e+001
  1.814919e+002 -2.025579e+001
  1.849919e+002 -2.035521e+001
  1.884919e+002 -2.045348e+001
  1.919919e+002 -2.055060e+001
  1.954919e+002 -2.064660e+001
  1.989919e+002 -2.074152e+001
  2.024919e+002 -2.083537e+001
  2.059919e+002 -2.092820e+001
  2.094919e+002 -2.102004e+001
  2.129919e+002 -2.111092e+001
  2.164919e+002 -2.120077e+001
  2.199919e+002 -2.128976e+001
  2.234919e+002 -2.137791e+001
  2.269919e+002 -2.146523e+001
  2.304919e+002 -2.155174e+001
  2.339919e+002 -2.163746e+001
  2.374919e+002 -2.172241e+001
  2.409919e+002 -2.180661e+001
  2.444919e+002 -2.189009e+001
  2.479919e+002 -2.197287e+001
  2.514919e+002 -2.205496e+001
  2.549919e+002 -2.213639e+001
  2.584919e+002 -2.221717e+001
  2.619919e+002 -2.229733e+001
  2.654919e+002 -2.237688e+001
  2.689919e+002 -2.245584e+001
  2.724919e+002 -2.253423e+001
  2.759919e+002 -2.261209e+001
  2.794919e+002 -2.268943e+001
  2.829919e+002 -2.276626e+001
  2.864919e+002 -2.284259e+001
  2.899919e+002 -2.291843e+001
  2.934919e+002 -2.299380e+001
  2.969919e+002 -2.306870e+001
  3.004919e+002 -2.314314e+001
  3.039919e+002 -2.321714e+001
  3.074919e+002 -2.329070e+001
  3.109919e+002 -2.336383e+001
  3.144919e+002 -2.343656e+001
  3.179919e+002 -2.350889e+001
  3.214919e+002 -2.358082e+001
  3.249919e+002 -2.365236e+001
  3.284919e+002 -2.372352e+001
  3.319919e+002 -2.379432e+001
  3.354919e+002 -2.386474e+001
  3.389919e+002 -2.393482e+001
  3.424919e+002 -2.400455e+001
  3.459919e+002 -2.407393e+001
  3.494919e+002 -2.414298e+001
  3.529919e+002 -2.421171e+001
  3.564919e+002 -2.428011e+001
  3.599919e+002 -2.434820e+001
  3.634919e+002 -2.441598e+001
  3.669919e+002 -2.448346e+001
  3.704919e+002 -2.455065e+001
  3.739919e+002 -2.461754e+001
  3.774919e+002 -2.468416e+001
  3.809919e+002 -2.475049e+001
  3.844919e+002 -2.481655e+001
  3.879919e+002 -2.488234e+001
  3.914919e+002 -2.494788e+001
  3.949919e+002 -2.501315e+001
  3.984919e+002 -2.507817e+001
  4.019919e+002 -2.514295e+001
  4.054919e+002 -2.520749e+001
  4.089919e+002 -2.527178e+001
  4.124919e+002 -2.533585e+001
  4.159919e+002 -2.539969e+001
  4.194919e+002 -2.546332e+001
  4.229919e+002 -2.552673e+001
  4.264919e+002 -2.558992e+001
  4.299919e+002 -2.565290e+001
  4.334919e+002 -2.571567e+001
  4.369919e+002 -2.577824e+001
  4.404919e+002 -2.584061e+001
  4.439919e+002 -2.590279e+001
  4.474919e+002 -2.596478e+001
  4.509919e+002 -2.602658e+001
  4.544919e+002 -2.608820e+001
  4.579919e+002 -2.614965e+001
  4.614919e+002 -2.621092e+001
  4.649919e+002 -2.627202e+001
  4.684919e+002 -2.633296e+001
  4.719919e+002 -2.639373e+001
  4.754919e+002 -2.645435e+001
  4.789919e+002 -2.651480e+001
  4.824919e+002 -2.657511e+001
  4.859919e+002 -2.663527e+001
  4.894919e+002 -2.669529e+001
  4.929919e+002 -2.675519e+001
  4.964919e+002 -2.681495e+001
  4.999919e+002 -2.686277e+001
  5.029086e+002 -2.690701e+001
  5.064086e+002 -2.696301e+001
  5.099086e+002 -2.702052e+001
  5.134086e+002 -2.707878e+001
  5.169086e+002 -2.713738e+001
  5.204086e+002 -2.719611e+001
  5.239086e+002 -2.725485e+001
  5.274086e+002 -2.731355e+001
  5.309086e+002 -2.737217e+001
  5.344086e+002 -2.743071e+001
  5.379086e+002 -2.748915e+001
  5.414086e+002 -2.754750e+001
  5.449086e+002 -2.760575e+001
  5.484086e+002 -2.766391e+001
  5.519086e+002 -2.772198e+001
  5.554086e+002 -2.777996e+001
  5.589086e+002 -2.783786e+001
  5.624086e+002 -2.789567e+001
  5.659086e+002 -2.795339e+001
  5.694086e+002 -2.801104e+001
  5.729086e+002 -2.806860e+001
  5.764086e+002 -2.812609e+001
  5.799086e+002 -2.818350e+001
  5.834086e+002 -2.824084e+001
  5.869086e+002 -2.829811e+001
  5.904086e+002 -2.835530e+001
  5.939086e+002 -2.841243e+001
  5.974086e+002 -2.846949e+001
  6.009086e+002 -2.852649e+001
  6.044086e+002 -2.858342e+001
  6.079086e+002 -2.864030e+001
  6.114086e+002 -2.869711e+001
  6.149086e+002 -2.875386e+001
  6.184086e+002 -2.881056e+001
  6.219086e+002 -2.886721e+001
  6.254086e+002 -2.892380e+001
  6.289086e+002 -2.898035e+001
  6.324086e+002 -2.903684e+001
  6.359086e+002 -2.909328e+001
  6.394086e+002 -2.914968e+001
  6.429086e+002 -2.920604e+001
  6.464086e+002 -2.926235e+001
  6.499086e+002 -2.931863e+001
  6.534086e+002 -2.937486e+001
  6.569086e+002 -2.943105e+001
  6.604086e+002 -2.948721e+001
  6.639086e+002 -2.954334e+001
  6.674086e+002 -2.959943e+001
  6.709086e+002 -2.965549e+001
  6.744086e+002 -2.971152e+001
  6.779086e+002 -2.976752e+001
  6.814086e+002 -2.982350e+001
  6.849086e+002 -2.987945e+001
  6.884086e+002 -2.993538e+001
  6.919086e+002 -2.999128e+001
  6.954086e+002 -3.004717e+001
  6.989086e+002 -3.010304e+001
  7.000000e+002 -3.012049e+001

Curve 2
X : Time
Y : Thickness of Element [Node 1]

       X              Y       
------------------------------
  0.000000e+000  9.300000e-001
  7.000000e-002  9.255272e-001
  1.400000e-001  9.234959e-001
  2.100000e-001  9.216421e-001
  2.940000e-001  9.201046e-001
  3.948000e-001  9.187371e-001
  5.157600e-001  9.165549e-001
  6.609120e-001  9.139418e-001
  8.350944e-001  9.119351e-001
  1.009277e+000  9.101220e-001
  1.154429e+000  9.085638e-001
  1.328611e+000  9.067856e-001
  1.537630e+000  9.048403e-001
  1.788453e+000  9.027556e-001
  2.089440e+000  9.005416e-001
  2.450624e+000  8.981977e-001
  2.884046e+000  8.957166e-001
  3.404152e+000  8.930867e-001
  4.028279e+000  8.911229e-001
  4.652406e+000  8.892161e-001
  5.401359e+000  8.867962e-001
  6.300101e+000  8.839569e-001
  7.378593e+000  8.815960e-001
  8.457085e+000  8.790211e-001
  9.751274e+000  8.759373e-001
  1.130430e+001  8.724191e-001
  1.316794e+001  8.685099e-001
  1.540429e+001  8.642273e-001
  1.808793e+001  8.606555e-001
  2.077156e+001  8.575171e-001
  2.399192e+001  8.534388e-001
  2.749192e+001  8.490103e-001
  3.099192e+001  8.456107e-001
  3.449192e+001  8.419696e-001
  3.799192e+001  8.383057e-001
  4.149192e+001  8.347275e-001
  4.499192e+001  8.312785e-001
  4.849192e+001  8.279696e-001
  5.199192e+001  8.251708e-001
  5.549192e+001  8.227924e-001
  5.899192e+001  8.205533e-001
  6.249192e+001  8.180658e-001
  6.599192e+001  8.159825e-001
  6.949192e+001  8.136465e-001
  7.299192e+001  8.112013e-001
  7.649192e+001  8.087308e-001
  7.999192e+001  8.062783e-001
  8.349192e+001  8.038649e-001
  8.699192e+001  8.014991e-001
  9.049192e+001  7.991834e-001
  9.399192e+001  7.973475e-001
  9.749192e+001  7.953528e-001
  1.009919e+002  7.932899e-001
  1.044919e+002  7.912101e-001
  1.079919e+002  7.891400e-001
  1.114919e+002  7.870927e-001
  1.149919e+002  7.850740e-001
  1.184919e+002  7.830859e-001
  1.219919e+002  7.811287e-001
  1.254919e+002  7.792016e-001
  1.289919e+002  7.773036e-001
  1.324919e+002  7.758225e-001
  1.359919e+002  7.741855e-001
  1.394919e+002  7.724720e-001
  1.429919e+002  7.707283e-001
  1.464919e+002  7.689792e-001
  1.499919e+002  7.672377e-001
  1.534919e+002  7.655100e-001
  1.569919e+002  7.641575e-001
  1.604919e+002  7.626562e-001
  1.639919e+002  7.610792e-001
  1.674919e+002  7.594697e-001
  1.709919e+002  7.578511e-001
  1.744919e+002  7.562358e-001
  1.779919e+002  7.546298e-001
  1.814919e+002  7.530361e-001
  1.849919e+002  7.514560e-001
  1.884919e+002  7.498899e-001
  1.919919e+002  7.483378e-001
  1.954919e+002  7.467994e-001
  1.989919e+002  7.452745e-001
  2.024919e+002  7.437626e-001
  2.059919e+002  7.422635e-001
  2.094919e+002  7.407767e-001
  2.129919e+002  7.393018e-001
  2.164919e+002  7.378396e-001
  2.199919e+002  7.363882e-001
  2.234919e+002  7.349475e-001
  2.269919e+002  7.335172e-001
  2.304919e+002  7.320971e-001
  2.339919e+002  7.306871e-001
  2.374919e+002  7.292867e-001
  2.409919e+002  7.278957e-001
  2.444919e+002  7.265139e-001
  2.479919e+002  7.251410e-001
  2.514919e+002  7.237768e-001
  2.549919e+002  7.224210e-001
  2.584919e+002  7.210735e-001
  2.619919e+002  7.197339e-001
  2.654919e+002  7.184021e-001
  2.689919e+002  7.170780e-001
  2.724919e+002  7.157612e-001
  2.759919e+002  7.144516e-001
  2.794919e+002  7.131490e-001
  2.829919e+002  7.118532e-001
  2.864919e+002  7.105642e-001
  2.899919e+002  7.092816e-001
  2.934919e+002  7.080054e-001
  2.969919e+002  7.067354e-001
  3.004919e+002  7.054715e-001
  3.039919e+002  7.042134e-001
  3.074919e+002  7.029611e-001
  3.109919e+002  7.017144e-001
  3.144919e+002  7.004732e-001
  3.179919e+002  6.992374e-001
  3.214919e+002  6.980069e-001
  3.249919e+002  6.967815e-001
  3.284919e+002  6.955611e-001
  3.319919e+002  6.943456e-001
  3.354919e+002  6.931349e-001
  3.389919e+002  6.919289e-001
  3.424919e+002  6.907276e-001
  3.459919e+002  6.895307e-001
  3.494919e+002  6.883383e-001
  3.529919e+002  6.871502e-001
  3.564919e+002  6.859663e-001
  3.599919e+002  6.847867e-001
  3.634919e+002  6.836110e-001
  3.669919e+002  6.824394e-001
  3.704919e+002  6.812716e-001
  3.739919e+002  6.801078e-001
  3.774919e+002  6.789476e-001
  3.809919e+002  6.777912e-001
  3.844919e+002  6.766383e-001
  3.879919e+002  6.754890e-001
  3.914919e+002  6.743432e-001
  3.949919e+002  6.732008e-001
  3.984919e+002  6.720617e-001
  4.019919e+002  6.709259e-001
  4.054919e+002  6.697932e-001
  4.089919e+002  6.686637e-001
  4.124919e+002  6.675373e-001
  4.159919e+002  6.664139e-001
  4.194919e+002  6.652928e-001
  4.229919e+002  6.641749e-001
  4.264919e+002  6.630601e-001
  4.299919e+002  6.619481e-001
  4.334919e+002  6.608388e-001
  4.369919e+002  6.597323e-001
  4.404919e+002  6.586284e-001
  4.439919e+002  6.575270e-001
  4.474919e+002  6.564281e-001
  4.509919e+002  6.553317e-001
  4.544919e+002  6.542377e-001
  4.579919e+002  6.531461e-001
  4.614919e+002  6.520567e-001
  4.649919e+002  6.509696e-001
  4.684919e+002  6.498847e-001
  4.719919e+002  6.488019e-001
  4.754919e+002  6.477213e-001
  4.789919e+002  6.466427e-001
  4.824919e+002  6.455662e-001
  4.859919e+002  6.444916e-001
  4.894919e+002  6.434189e-001
  4.929919e+002  6.423481e-001
  4.964919e+002  6.412792e-001
  4.999919e+002  6.404241e-001
  5.029086e+002  6.396324e-001
  5.064086e+002  6.386299e-001
  5.099086e+002  6.375997e-001
  5.134086e+002  6.365556e-001
  5.169086e+002  6.355050e-001
  5.204086e+002  6.344517e-001
  5.239086e+002  6.333977e-001
  5.274086e+002  6.323440e-001
  5.309086e+002  6.312913e-001
  5.344086e+002  6.302396e-001
  5.379086e+002  6.291892e-001
  5.414086e+002  6.281401e-001
  5.449086e+002  6.270923e-001
  5.484086e+002  6.260457e-001
  5.519086e+002  6.250005e-001
  5.554086e+002  6.239564e-001
  5.589086e+002  6.229135e-001
  5.624086e+002  6.218718e-001
  5.659086e+002  6.208312e-001
  5.694086e+002  6.197917e-001
  5.729086e+002  6.187533e-001
  5.764086e+002  6.177160e-001
  5.799086e+002  6.166797e-001
  5.834086e+002  6.156443e-001
  5.869086e+002  6.146100e-001
  5.904086e+002  6.135765e-001
  5.939086e+002  6.125440e-001
  5.974086e+002  6.115123e-001
  6.009086e+002  6.104815e-001
  6.044086e+002  6.094516e-001
  6.079086e+002  6.084224e-001
  6.114086e+002  6.073940e-001
  6.149086e+002  6.063663e-001
  6.184086e+002  6.053394e-001
  6.219086e+002  6.043132e-001
  6.254086e+002  6.032877e-001
  6.289086e+002  6.022628e-001
  6.324086e+002  6.012385e-001
  6.359086e+002  6.002148e-001
  6.394086e+002  5.991917e-001
  6.429086e+002  5.981692e-001
  6.464086e+002  5.971472e-001
  6.499086e+002  5.961257e-001
  6.534086e+002  5.951046e-001
  6.569086e+002  5.940841e-001
  6.604086e+002  5.930639e-001
  6.639086e+002  5.920442e-001
  6.674086e+002  5.910249e-001
  6.709086e+002  5.900059e-001
  6.744086e+002  5.889873e-001
  6.779086e+002  5.879690e-001
  6.814086e+002  5.869510e-001
  6.849086e+002  5.859333e-001
  6.884086e+002  5.849158e-001
  6.919086e+002  5.838986e-001
  6.954086e+002  5.828815e-001
  6.989086e+002  5.818647e-001
  7.000000e+002  5.815472e-001
