HISTORY PLOT
job1

Curve 1
X : Time
Y : Displacement Y [Node 1]

       X              Y       
------------------------------
  0.000000e+000  0.000000e+000
  4.000000e-002 -3.586512e+000
  8.000000e-002 -4.262367e+000
  1.280000e-001 -4.890171e+000
  1.856000e-001 -5.342921e+000
  2.547200e-001 -5.709914e+000
  3.376640e-001 -6.213095e+000
  4.371968e-001 -6.687912e+000
  5.367296e-001 -7.055614e+000
  6.362624e-001 -7.416210e+000
  7.557018e-001 -7.800885e+000
  8.990290e-001 -8.192423e+000
  1.071022e+000 -8.584043e+000
  1.277413e+000 -8.974554e+000
  1.525082e+000 -9.266357e+000
  1.772752e+000 -9.517314e+000
  2.020421e+000 -9.778938e+000
  2.317625e+000 -1.008035e+001
  2.674269e+000 -1.033705e+001
  3.030913e+000 -1.060548e+001
  3.458885e+000 -1.091649e+001
  3.972453e+000 -1.126102e+001
  4.588734e+000 -1.163339e+001
  5.328271e+000 -1.203041e+001
  6.215715e+000 -1.233930e+001
  7.103159e+000 -1.261243e+001
  8.168093e+000 -1.296650e+001
  9.446012e+000 -1.338273e+001
  1.097952e+001 -1.374440e+001
  1.281972e+001 -1.419635e+001
  1.481972e+001 -1.466914e+001
  1.681972e+001 -1.510996e+001
  1.881972e+001 -1.542325e+001
  2.081972e+001 -1.570780e+001
  2.281972e+001 -1.599245e+001
  2.481972e+001 -1.629431e+001
  2.681972e+001 -1.659641e+001
  2.881972e+001 -1.689053e+001
  3.081972e+001 -1.717343e+001
  3.281972e+001 -1.738160e+001
  3.481972e+001 -1.761011e+001
  3.681972e+001 -1.784502e+001
  3.881972e+001 -1.807879e+001
  4.081972e+001 -1.830780e+001
  4.281972e+001 -1.853061e+001
  4.481972e+001 -1.874685e+001
  4.681972e+001 -1.891282e+001
  4.881972e+001 -1.909450e+001
  5.081972e+001 -1.925582e+001
  5.248639e+001 -1.940197e+001
  5.448639e+001 -1.955325e+001
  5.648639e+001 -1.971946e+001
  5.848639e+001 -1.989193e+001
  6.048639e+001 -2.006579e+001
  6.248639e+001 -2.023855e+001
  6.448639e+001 -2.040901e+001
  6.648639e+001 -2.057666e+001
  6.848639e+001 -2.074134e+001
  7.048639e+001 -2.090305e+001
  7.248639e+001 -2.106187e+001
  7.448639e+001 -2.121792e+001
  7.648639e+001 -2.137134e+001
  7.848639e+001 -2.152223e+001
  8.048639e+001 -2.167073e+001
  8.248639e+001 -2.181696e+001
  8.448639e+001 -2.196101e+001
  8.648639e+001 -2.210301e+001
  8.848639e+001 -2.224305e+001
  9.048639e+001 -2.238122e+001
  9.248639e+001 -2.251761e+001
  9.448639e+001 -2.262700e+001
  9.648639e+001 -2.273415e+001
  9.848639e+001 -2.285226e+001
  1.004864e+002 -2.295521e+001
  1.024864e+002 -2.306993e+001
  1.044864e+002 -2.319061e+001
  1.064864e+002 -2.331387e+001
  1.084864e+002 -2.343789e+001
  1.104864e+002 -2.356176e+001
  1.124864e+002 -2.368500e+001
  1.144864e+002 -2.380739e+001
  1.164864e+002 -2.392884e+001
  1.184864e+002 -2.404932e+001
  1.204864e+002 -2.416883e+001
  1.224864e+002 -2.428738e+001
  1.244864e+002 -2.440501e+001
  1.264864e+002 -2.452174e+001
  1.284864e+002 -2.463759e+001
  1.304864e+002 -2.475260e+001
  1.324864e+002 -2.486680e+001
  1.344864e+002 -2.498020e+001
  1.364864e+002 -2.509285e+001
  1.384864e+002 -2.520475e+001
  1.404864e+002 -2.531594e+001
  1.424864e+002 -2.542644e+001
  1.444864e+002 -2.551461e+001
  1.464864e+002 -2.561226e+001
  1.484864e+002 -2.571489e+001
  1.504864e+002 -2.581989e+001
  1.524864e+002 -2.592584e+001
  1.544864e+002 -2.603204e+001
  1.564864e+002 -2.613810e+001
  1.584864e+002 -2.624384e+001
  1.604864e+002 -2.634919e+001
  1.624864e+002 -2.645410e+001
  1.644864e+002 -2.655857e+001
  1.664864e+002 -2.666261e+001
  1.684864e+002 -2.674613e+001
  1.704864e+002 -2.683862e+001
  1.724864e+002 -2.693593e+001
  1.744864e+002 -2.703561e+001
  1.764864e+002 -2.713637e+001
  1.784864e+002 -2.723754e+001
  1.804864e+002 -2.733876e+001
  1.824864e+002 -2.743985e+001
  1.844864e+002 -2.754073e+001
  1.864864e+002 -2.764136e+001
  1.884864e+002 -2.774174e+001
  1.904864e+002 -2.784187e+001
  1.924864e+002 -2.794174e+001
  1.944864e+002 -2.804136e+001
  1.964864e+002 -2.814075e+001
  1.984864e+002 -2.823990e+001
  2.004864e+002 -2.833883e+001
  2.024864e+002 -2.843756e+001
  2.044864e+002 -2.853607e+001
  2.064864e+002 -2.863440e+001
  2.084864e+002 -2.873253e+001
  2.104864e+002 -2.883050e+001
  2.124864e+002 -2.892829e+001
  2.144864e+002 -2.902593e+001
  2.164864e+002 -2.912341e+001
  2.184864e+002 -2.922075e+001
  2.204864e+002 -2.931796e+001
  2.224864e+002 -2.941504e+001
  2.244864e+002 -2.951201e+001
  2.264864e+002 -2.960887e+001
  2.284864e+002 -2.970562e+001
  2.304864e+002 -2.980228e+001
  2.324864e+002 -2.989885e+001
  2.344864e+002 -2.999535e+001
  2.364864e+002 -3.009178e+001
  2.384864e+002 -3.018815e+001
  2.404864e+002 -3.028445e+001
  2.424864e+002 -3.036308e+001
  2.441531e+002 -3.043541e+001
  2.461531e+002 -3.052665e+001
  2.481531e+002 -3.062024e+001
  2.501531e+002 -3.071506e+001
  2.521531e+002 -3.081051e+001
  2.541531e+002 -3.090630e+001
  2.561530e+002 -3.100225e+001
  2.581530e+002 -3.109831e+001
  2.601530e+002 -3.119444e+001
  2.621530e+002 -3.129062e+001
  2.641530e+002 -3.138686e+001
  2.661530e+002 -3.148319e+001
  2.681530e+002 -3.157959e+001
  2.701530e+002 -3.167608e+001
  2.721530e+002 -3.177266e+001
  2.741530e+002 -3.186932e+001
  2.761530e+002 -3.194705e+001
  2.781530e+002 -3.203362e+001
  2.801530e+002 -3.212515e+001
  2.821530e+002 -3.221939e+001
  2.841530e+002 -3.231511e+001
  2.861530e+002 -3.241165e+001
  2.881530e+002 -3.250870e+001
  2.901530e+002 -3.260609e+001
  2.921530e+002 -3.270373e+001
  2.941530e+002 -3.280159e+001
  2.961530e+002 -3.289965e+001
  2.981530e+002 -3.299791e+001
  3.001530e+002 -3.309635e+001
  3.021530e+002 -3.319500e+001
  3.041530e+002 -3.329385e+001
  3.061530e+002 -3.339291e+001
  3.081530e+002 -3.349220e+001
  3.101530e+002 -3.359171e+001
  3.121530e+002 -3.369145e+001
  3.141530e+002 -3.379144e+001
  3.161530e+002 -3.389168e+001
  3.181530e+002 -3.399218e+001
  3.201530e+002 -3.409295e+001
  3.221530e+002 -3.419399e+001
  3.241530e+002 -3.429531e+001
  3.261530e+002 -3.439693e+001
  3.281530e+002 -3.449886e+001
  3.301530e+002 -3.460109e+001
  3.321530e+002 -3.470365e+001
  3.341530e+002 -3.480653e+001
  3.361530e+002 -3.490976e+001
  3.381530e+002 -3.501334e+001
  3.401530e+002 -3.511727e+001
  3.421530e+002 -3.522158e+001
  3.441530e+002 -3.532626e+001
  3.461530e+002 -3.543134e+001
  3.481530e+002 -3.553681e+001
  3.501530e+002 -3.564270e+001
  3.521530e+002 -3.574944e+001
  3.541530e+002 -3.585639e+001
  3.561530e+002 -3.596368e+001
  3.581530e+002 -3.607139e+001
  3.601530e+002 -3.617954e+001
  3.621530e+002 -3.628816e+001
  3.641530e+002 -3.639728e+001
  3.661530e+002 -3.650690e+001
  3.681530e+002 -3.661705e+001
  3.701530e+002 -3.672775e+001
  3.721530e+002 -3.683899e+001
  3.741530e+002 -3.692663e+001
  3.761530e+002 -3.701955e+001
  3.778197e+002 -3.710488e+001
  3.798197e+002 -3.719962e+001
  3.818197e+002 -3.730346e+001
  3.838197e+002 -3.741258e+001
  3.858197e+002 -3.752483e+001
  3.878197e+002 -3.763905e+001
  3.898197e+002 -3.775465e+001
  3.918197e+002 -3.787133e+001
  3.938197e+002 -3.798891e+001
  3.958197e+002 -3.810735e+001
  3.978197e+002 -3.822662e+001
  3.998197e+002 -3.834672e+001
  4.000000e+002 -3.835766e+001

Curve 2
X : Time
Y : Thickness of Element [Node 1]

       X              Y       
------------------------------
  0.000000e+000  9.300000e-001
  4.000000e-002  9.249973e-001
  8.000000e-002  9.226196e-001
  1.280000e-001  9.200243e-001
  1.856000e-001  9.179020e-001
  2.547200e-001  9.160313e-001
  3.376640e-001  9.132257e-001
  4.371968e-001  9.103836e-001
  5.367296e-001  9.080461e-001
  6.362624e-001  9.056534e-001
  7.557018e-001  9.029840e-001
  8.990290e-001  9.001369e-001
  1.071022e+000  8.971546e-001
  1.277413e+000  8.940459e-001
  1.525082e+000  8.916166e-001
  1.772752e+000  8.894677e-001
  2.020421e+000  8.871760e-001
  2.317625e+000  8.844697e-001
  2.674269e+000  8.820952e-001
  3.030913e+000  8.795574e-001
  3.458885e+000  8.765473e-001
  3.972453e+000  8.731251e-001
  4.588734e+000  8.693228e-001
  5.328271e+000  8.651508e-001
  6.215715e+000  8.618060e-001
  7.103159e+000  8.587951e-001
  8.168093e+000  8.548173e-001
  9.446012e+000  8.500317e-001
  1.097952e+001  8.457544e-001
  1.281972e+001  8.402878e-001
  1.481972e+001  8.344253e-001
  1.681972e+001  8.288245e-001
  1.881972e+001  8.247489e-001
  2.081972e+001  8.209884e-001
  2.281972e+001  8.171762e-001
  2.481972e+001  8.130849e-001
  2.681972e+001  8.089383e-001
  2.881972e+001  8.048499e-001
  3.081972e+001  8.008691e-001
  3.281972e+001  7.979031e-001
  3.481972e+001  7.946189e-001
  3.681972e+001  7.912121e-001
  3.881972e+001  7.877914e-001
  4.081972e+001  7.844108e-001
  4.281972e+001  7.810941e-001
  4.481972e+001  7.778497e-001
  4.681972e+001  7.753410e-001
  4.881972e+001  7.725810e-001
  5.081972e+001  7.701153e-001
  5.248639e+001  7.678717e-001
  5.448639e+001  7.655385e-001
  5.648639e+001  7.629642e-001
  5.848639e+001  7.602803e-001
  6.048639e+001  7.575615e-001
  6.248639e+001  7.548467e-001
  6.448639e+001  7.521550e-001
  6.648639e+001  7.494951e-001
  6.848639e+001  7.468703e-001
  7.048639e+001  7.442814e-001
  7.248639e+001  7.417277e-001
  7.448639e+001  7.392082e-001
  7.648639e+001  7.367213e-001
  7.848639e+001  7.342658e-001
  8.048639e+001  7.318401e-001
  8.248639e+001  7.294429e-001
  8.448639e+001  7.270728e-001
  8.648639e+001  7.247286e-001
  8.848639e+001  7.224092e-001
  9.048639e+001  7.201134e-001
  9.248639e+001  7.178401e-001
  9.448639e+001  7.160122e-001
  9.648639e+001  7.142179e-001
  9.848639e+001  7.122360e-001
  1.004864e+002  7.105051e-001
  1.024864e+002  7.085726e-001
  1.044864e+002  7.065358e-001
  1.064864e+002  7.044510e-001
  1.084864e+002  7.023488e-001
  1.104864e+002  7.002451e-001
  1.124864e+002  6.981478e-001
  1.144864e+002  6.960606e-001
  1.164864e+002  6.939853e-001
  1.184864e+002  6.919225e-001
  1.204864e+002  6.898723e-001
  1.224864e+002  6.878346e-001
  1.244864e+002  6.858090e-001
  1.264864e+002  6.837952e-001
  1.284864e+002  6.817929e-001
  1.304864e+002  6.798016e-001
  1.324864e+002  6.778212e-001
  1.344864e+002  6.758511e-001
  1.364864e+002  6.738910e-001
  1.384864e+002  6.719407e-001
  1.404864e+002  6.699997e-001
  1.424864e+002  6.680678e-001
  1.444864e+002  6.665242e-001
  1.464864e+002  6.648123e-001
  1.484864e+002  6.630109e-001
  1.504864e+002  6.611654e-001
  1.524864e+002  6.593004e-001
  1.544864e+002  6.574289e-001
  1.564864e+002  6.555573e-001
  1.584864e+002  6.536890e-001
  1.604864e+002  6.518255e-001
  1.624864e+002  6.499675e-001
  1.644864e+002  6.481152e-001
  1.664864e+002  6.462685e-001
  1.684864e+002  6.447850e-001
  1.704864e+002  6.431409e-001
  1.724864e+002  6.414104e-001
  1.744864e+002  6.396362e-001
  1.764864e+002  6.378414e-001
  1.784864e+002  6.360383e-001
  1.804864e+002  6.342330e-001
  1.824864e+002  6.324286e-001
  1.844864e+002  6.306268e-001
  1.864864e+002  6.288281e-001
  1.884864e+002  6.270328e-001
  1.904864e+002  6.252410e-001
  1.924864e+002  6.234527e-001
  1.944864e+002  6.216677e-001
  1.964864e+002  6.198859e-001
  1.984864e+002  6.181073e-001
  2.004864e+002  6.163316e-001
  2.024864e+002  6.145587e-001
  2.044864e+002  6.127885e-001
  2.064864e+002  6.110209e-001
  2.084864e+002  6.092557e-001
  2.104864e+002  6.074929e-001
  2.124864e+002  6.057322e-001
  2.144864e+002  6.039735e-001
  2.164864e+002  6.022168e-001
  2.184864e+002  6.004619e-001
  2.204864e+002  5.987087e-001
  2.224864e+002  5.969571e-001
  2.244864e+002  5.952069e-001
  2.264864e+002  5.934581e-001
  2.284864e+002  5.917105e-001
  2.304864e+002  5.899640e-001
  2.324864e+002  5.882185e-001
  2.344864e+002  5.864738e-001
  2.364864e+002  5.847300e-001
  2.384864e+002  5.829868e-001
  2.404864e+002  5.812441e-001
  2.424864e+002  5.798212e-001
  2.441531e+002  5.785122e-001
  2.461531e+002  5.768601e-001
  2.481531e+002  5.751652e-001
  2.501531e+002  5.734478e-001
  2.521531e+002  5.717188e-001
  2.541531e+002  5.699836e-001
  2.561530e+002  5.682450e-001
  2.581530e+002  5.665044e-001
  2.601530e+002  5.647624e-001
  2.621530e+002  5.630194e-001
  2.641530e+002  5.612755e-001
  2.661530e+002  5.595305e-001
  2.681530e+002  5.577846e-001
  2.701530e+002  5.560375e-001
  2.721530e+002  5.542892e-001
  2.741530e+002  5.525397e-001
  2.761530e+002  5.511331e-001
  2.781530e+002  5.495669e-001
  2.801530e+002  5.479112e-001
  2.821530e+002  5.462069e-001
  2.841530e+002  5.444764e-001
  2.861530e+002  5.427312e-001
  2.881530e+002  5.409775e-001
  2.901530e+002  5.392183e-001
  2.921530e+002  5.374550e-001
  2.941530e+002  5.356885e-001
  2.961530e+002  5.339191e-001
  2.981530e+002  5.321468e-001
  3.001530e+002  5.303717e-001
  3.021530e+002  5.285938e-001
  3.041530e+002  5.268128e-001
  3.061530e+002  5.250288e-001
  3.081530e+002  5.232417e-001
  3.101530e+002  5.214512e-001
  3.121530e+002  5.196574e-001
  3.141530e+002  5.178601e-001
  3.161530e+002  5.160591e-001
  3.181530e+002  5.142544e-001
  3.201530e+002  5.124459e-001
  3.221530e+002  5.106334e-001
  3.241530e+002  5.088169e-001
  3.261530e+002  5.069961e-001
  3.281530e+002  5.051710e-001
  3.301530e+002  5.033414e-001
  3.321530e+002  5.015072e-001
  3.341530e+002  4.996684e-001
  3.361530e+002  4.978247e-001
  3.381530e+002  4.959760e-001
  3.401530e+002  4.941222e-001
  3.421530e+002  4.922632e-001
  3.441530e+002  4.903987e-001
  3.461530e+002  4.885287e-001
  3.481530e+002  4.866531e-001
  3.501530e+002  4.847716e-001
  3.521530e+002  4.828763e-001
  3.541530e+002  4.809788e-001
  3.561530e+002  4.790770e-001
  3.581530e+002  4.771697e-001
  3.601530e+002  4.752563e-001
  3.621530e+002  4.733363e-001
  3.641530e+002  4.714096e-001
  3.661530e+002  4.694757e-001
  3.681530e+002  4.675345e-001
  3.701530e+002  4.655859e-001
  3.721530e+002  4.636295e-001
  3.741530e+002  4.620902e-001
  3.761530e+002  4.604596e-001
  3.778197e+002  4.589636e-001
  3.798197e+002  4.573040e-001
  3.818197e+002  4.554870e-001
  3.838197e+002  4.535798e-001
  3.858197e+002  4.516204e-001
  3.878197e+002  4.496294e-001
  3.898197e+002  4.476173e-001
  3.918197e+002  4.455895e-001
  3.938197e+002  4.435486e-001
  3.958197e+002  4.414961e-001
  3.978197e+002  4.394323e-001
  3.998197e+002  4.373574e-001
  4.000000e+002  4.371690e-001
