HISTORY PLOT
job1

Curve 1
X : Time
Y : Displacement Y [Node 1]

       X              Y       
------------------------------
  0.000000e+000  0.000000e+000
  7.000000e-002 -3.805729e+000
  1.400000e-001 -4.756830e+000
  2.240000e-001 -5.299125e+000
  3.080000e-001 -5.674214e+000
  4.088000e-001 -5.975535e+000
  5.096000e-001 -6.506248e+000
  6.104000e-001 -6.926981e+000
  7.313600e-001 -7.401753e+000
  8.765120e-001 -7.881528e+000
  1.050694e+000 -8.347166e+000
  1.259713e+000 -8.795818e+000
  1.510536e+000 -9.102640e+000
  1.761359e+000 -9.362042e+000
  2.012181e+000 -9.604973e+000
  2.221200e+000 -9.817795e+000
  2.472023e+000 -1.006708e+001
  2.773010e+000 -1.027755e+001
  3.073997e+000 -1.050349e+001
  3.435182e+000 -1.077092e+001
  3.868603e+000 -1.107237e+001
  4.388709e+000 -1.140273e+001
  5.012836e+000 -1.175889e+001
  5.761789e+000 -1.207659e+001
  6.660532e+000 -1.238758e+001
  7.559275e+000 -1.266707e+001
  8.637766e+000 -1.301876e+001
  9.931956e+000 -1.342706e+001
  1.148498e+001 -1.378178e+001
  1.303801e+001 -1.415203e+001
  1.490164e+001 -1.458292e+001
  1.713800e+001 -1.506382e+001
  1.982164e+001 -1.545227e+001
  2.250527e+001 -1.582663e+001
  2.518890e+001 -1.616566e+001
  2.787253e+001 -1.652883e+001
  3.109289e+001 -1.696253e+001
  3.459289e+001 -1.729928e+001
  3.809289e+001 -1.763617e+001
  4.100956e+001 -1.793890e+001
  4.450956e+001 -1.830579e+001
  4.800956e+001 -1.866467e+001
  5.150956e+001 -1.893442e+001
  5.500956e+001 -1.919602e+001
  5.850956e+001 -1.948096e+001
  6.200956e+001 -1.971898e+001
  6.550956e+001 -1.998168e+001
  6.900956e+001 -2.025368e+001
  7.250956e+001 -2.052624e+001
  7.600956e+001 -2.079501e+001
  7.950956e+001 -2.105804e+001
  8.300956e+001 -2.126245e+001
  8.650956e+001 -2.148551e+001
  9.000956e+001 -2.171620e+001
  9.350956e+001 -2.194832e+001
  9.700956e+001 -2.217868e+001
  1.005096e+002 -2.240581e+001
  1.040096e+002 -2.258354e+001
  1.075096e+002 -2.275053e+001
  1.110096e+002 -2.293848e+001
  1.145096e+002 -2.313682e+001
  1.180096e+002 -2.333921e+001
  1.215096e+002 -2.350575e+001
  1.250096e+002 -2.368818e+001
  1.285096e+002 -2.387822e+001
  1.320096e+002 -2.407108e+001
  1.355096e+002 -2.426423e+001
  1.390096e+002 -2.445635e+001
  1.425096e+002 -2.464686e+001
  1.460096e+002 -2.483548e+001
  1.495096e+002 -2.502213e+001
  1.530096e+002 -2.520684e+001
  1.565096e+002 -2.538965e+001
  1.600096e+002 -2.553745e+001
  1.635096e+002 -2.569891e+001
  1.670096e+002 -2.586729e+001
  1.705096e+002 -2.603870e+001
  1.740096e+002 -2.621107e+001
  1.775096e+002 -2.638331e+001
  1.810096e+002 -2.655490e+001
  1.845096e+002 -2.668910e+001
  1.880096e+002 -2.683903e+001
  1.915096e+002 -2.699747e+001
  1.950096e+002 -2.716010e+001
  1.985096e+002 -2.732458e+001
  2.020096e+002 -2.748961e+001
  2.055096e+002 -2.765457e+001
  2.090096e+002 -2.778729e+001
  2.125096e+002 -2.793401e+001
  2.160096e+002 -2.808831e+001
  2.195096e+002 -2.824645e+001
  2.230096e+002 -2.840638e+001
  2.265096e+002 -2.856701e+001
  2.300096e+002 -2.872778e+001
  2.335096e+002 -2.888842e+001
  2.370096e+002 -2.904882e+001
  2.405096e+002 -2.920892e+001
  2.440096e+002 -2.936871e+001
  2.475096e+002 -2.952822e+001
  2.510096e+002 -2.968746e+001
  2.545096e+002 -2.984646e+001
  2.580096e+002 -3.000525e+001
  2.615096e+002 -3.016388e+001
  2.650096e+002 -3.029353e+001
  2.685096e+002 -3.043610e+001
  2.720096e+002 -3.058592e+001
  2.755096e+002 -3.073967e+001
  2.790096e+002 -3.089551e+001
  2.825096e+002 -3.105248e+001
  2.860096e+002 -3.121011e+001
  2.895096e+002 -3.136815e+001
  2.930096e+002 -3.149142e+001
  2.965096e+002 -3.161884e+001
  3.000096e+002 -3.176052e+001
  3.035096e+002 -3.191036e+001
  3.070096e+002 -3.206668e+001
  3.105096e+002 -3.222574e+001
  3.140096e+002 -3.238540e+001
  3.175096e+002 -3.254558e+001
  3.210096e+002 -3.267041e+001
  3.245096e+002 -3.281164e+001
  3.280096e+002 -3.296247e+001
  3.315096e+002 -3.311882e+001
  3.350096e+002 -3.327841e+001
  3.385096e+002 -3.344001e+001
  3.420096e+002 -3.360300e+001
  3.455096e+002 -3.376706e+001
  3.490096e+002 -3.393204e+001
  3.525096e+002 -3.409788e+001
  3.560096e+002 -3.426458e+001
  3.595096e+002 -3.443214e+001
  3.630096e+002 -3.460059e+001
  3.665096e+002 -3.476996e+001
  3.700096e+002 -3.494030e+001
  3.735096e+002 -3.511164e+001
  3.770096e+002 -3.528403e+001
  3.805096e+002 -3.545753e+001
  3.840096e+002 -3.563217e+001
  3.875096e+002 -3.580917e+001
  3.910096e+002 -3.598682e+001
  3.945096e+002 -3.616549e+001
  3.980096e+002 -3.634537e+001
  4.015096e+002 -3.652661e+001
  4.050096e+002 -3.670930e+001
  4.085096e+002 -3.689354e+001
  4.120096e+002 -3.703911e+001
  4.155096e+002 -3.720398e+001
  4.190096e+002 -3.738068e+001
  4.225096e+002 -3.756472e+001
  4.260096e+002 -3.772500e+001
  4.289262e+002 -3.787207e+001
  4.324262e+002 -3.805832e+001
  4.359262e+002 -3.825091e+001
  4.394262e+002 -3.844799e+001
  4.429262e+002 -3.860835e+001
  4.464262e+002 -3.878921e+001
  4.499262e+002 -3.898287e+001
  4.534262e+002 -3.918482e+001
  4.569262e+002 -3.939257e+001
  4.604262e+002 -3.960486e+001
  4.639262e+002 -3.982106e+001
  4.674262e+002 -4.004094e+001
  4.709262e+002 -4.026442e+001
  4.744262e+002 -4.049158e+001
  4.779262e+002 -4.072252e+001
  4.814262e+002 -4.095739e+001
  4.849262e+002 -4.119640e+001
  4.884262e+002 -4.143973e+001
  4.919262e+002 -4.168762e+001
  4.954262e+002 -4.194033e+001
  4.989262e+002 -4.219811e+001
  5.024262e+002 -4.246127e+001
  5.059262e+002 -4.273013e+001
  5.094262e+002 -4.296073e+001
  5.129262e+002 -4.319707e+001
  5.164262e+002 -4.345842e+001
  5.199262e+002 -4.373710e+001
  5.234262e+002 -4.402892e+001
  5.269262e+002 -4.429109e+001
  5.298429e+002 -4.450515e+001
  5.327596e+002 -4.474594e+001
  5.362596e+002 -4.505672e+001
  5.397596e+002 -4.538458e+001
  5.432596e+002 -4.572728e+001
  5.467596e+002 -4.608411e+001
  5.502596e+002 -4.640570e+001
  5.537596e+002 -4.676217e+001
  5.572596e+002 -4.714555e+001
  5.607596e+002 -4.755214e+001
  5.642596e+002 -4.798085e+001
  5.677596e+002 -4.843221e+001
  5.712596e+002 -4.890779e+001
  5.747596e+002 -4.941003e+001
  5.782596e+002 -4.994213e+001
  5.817596e+002 -5.050813e+001
  5.852596e+002 -5.111308e+001
  5.887596e+002 -5.176335e+001
  5.922596e+002 -5.246706e+001
  5.957596e+002 -5.323478e+001
  5.992596e+002 -5.408052e+001
  6.027596e+002 -5.505330e+001
  6.062596e+002 -5.608271e+001
  6.097596e+002 -5.732512e+001
  6.132596e+002 -5.888354e+001
  6.167596e+002 -6.110530e+001
  6.202596e+002 -6.495306e+001
  6.214899e+002 -6.712601e+001
  6.227203e+002 -7.214176e+001
  6.230018e+002 -7.399986e+001
  6.232365e+002 -7.733192e+001
  6.232997e+002 -7.868877e+001
  6.233630e+002 -8.150950e+001
  6.233835e+002 -8.327885e+001
  6.233978e+002 -8.622133e+001
  6.234047e+002 -8.935273e+001

Curve 2
X : Time
Y : Thickness of Element [Node 1]

       X              Y       
------------------------------
  0.000000e+000  9.300000e-001
  7.000000e-002  9.250502e-001
  1.400000e-001  9.215043e-001
  2.240000e-001  9.190020e-001
  3.080000e-001  9.170999e-001
  4.088000e-001  9.154659e-001
  5.096000e-001  9.123358e-001
  6.104000e-001  9.097370e-001
  7.313600e-001  9.066458e-001
  8.765120e-001  9.033254e-001
  1.050694e+000  8.999044e-001
  1.259713e+000  8.964212e-001
  1.510536e+000  8.939131e-001
  1.761359e+000  8.917221e-001
  2.012181e+000  8.896149e-001
  2.221200e+000  8.877306e-001
  2.472023e+000  8.854776e-001
  2.773010e+000  8.835298e-001
  3.073997e+000  8.814001e-001
  3.435182e+000  8.788274e-001
  3.868603e+000  8.758603e-001
  4.388709e+000  8.725269e-001
  5.012836e+000  8.688378e-001
  5.761789e+000  8.654634e-001
  6.660532e+000  8.620695e-001
  7.559275e+000  8.589572e-001
  8.637766e+000  8.549693e-001
  9.931956e+000  8.502366e-001
  1.148498e+001  8.460075e-001
  1.303801e+001  8.415044e-001
  1.490164e+001  8.361513e-001
  1.713800e+001  8.300354e-001
  1.982164e+001  8.249654e-001
  2.250527e+001  8.199769e-001
  2.518890e+001  8.153817e-001
  2.787253e+001  8.103925e-001
  3.109289e+001  8.043432e-001
  3.459289e+001  7.995759e-001
  3.809289e+001  7.947152e-001
  4.100956e+001  7.902966e-001
  4.450956e+001  7.848776e-001
  4.800956e+001  7.795112e-001
  5.150956e+001  7.754244e-001
  5.500956e+001  7.714267e-001
  5.850956e+001  7.670408e-001
  6.200956e+001  7.633430e-001
  6.550956e+001  7.592352e-001
  6.900956e+001  7.549525e-001
  7.250956e+001  7.506297e-001
  7.600956e+001  7.463364e-001
  7.950956e+001  7.421052e-001
  8.300956e+001  7.387907e-001
  8.650956e+001  7.351551e-001
  9.000956e+001  7.313749e-001
  9.350956e+001  7.275505e-001
  9.700956e+001  7.237348e-001
  1.005096e+002  7.199533e-001
  1.040096e+002  7.169783e-001
  1.075096e+002  7.141732e-001
  1.110096e+002  7.110070e-001
  1.145096e+002  7.076556e-001
  1.180096e+002  7.042243e-001
  1.215096e+002  7.013882e-001
  1.250096e+002  6.982735e-001
  1.285096e+002  6.950197e-001
  1.320096e+002  6.917078e-001
  1.355096e+002  6.883812e-001
  1.390096e+002  6.850623e-001
  1.425096e+002  6.817619e-001
  1.460096e+002  6.784848e-001
  1.495096e+002  6.752330e-001
  1.530096e+002  6.720065e-001
  1.565096e+002  6.688049e-001
  1.600096e+002  6.662080e-001
  1.635096e+002  6.633658e-001
  1.670096e+002  6.603958e-001
  1.705096e+002  6.573662e-001
  1.740096e+002  6.543137e-001
  1.775096e+002  6.512574e-001
  1.810096e+002  6.482070e-001
  1.845096e+002  6.458170e-001
  1.880096e+002  6.431440e-001
  1.915096e+002  6.403166e-001
  1.950096e+002  6.374110e-001
  1.985096e+002  6.344697e-001
  2.020096e+002  6.315148e-001
  2.055096e+002  6.285578e-001
  2.090096e+002  6.261745e-001
  2.125096e+002  6.235381e-001
  2.160096e+002  6.207630e-001
  2.195096e+002  6.179166e-001
  2.230096e+002  6.150356e-001
  2.265096e+002  6.121395e-001
  2.300096e+002  6.092386e-001
  2.335096e+002  6.063376e-001
  2.370096e+002  6.034390e-001
  2.405096e+002  6.005437e-001
  2.440096e+002  5.976520e-001
  2.475096e+002  5.947637e-001
  2.510096e+002  5.918786e-001
  2.545096e+002  5.889962e-001
  2.580096e+002  5.861161e-001
  2.615096e+002  5.832378e-001
  2.650096e+002  5.808829e-001
  2.685096e+002  5.782920e-001
  2.720096e+002  5.755691e-001
  2.755096e+002  5.727746e-001
  2.790096e+002  5.699414e-001
  2.825096e+002  5.670872e-001
  2.860096e+002  5.642210e-001
  2.895096e+002  5.613472e-001
  2.930096e+002  5.591059e-001
  2.965096e+002  5.567887e-001
  3.000096e+002  5.542133e-001
  3.035096e+002  5.514902e-001
  3.070096e+002  5.486477e-001
  3.105096e+002  5.457555e-001
  3.140096e+002  5.428556e-001
  3.175096e+002  5.399487e-001
  3.210096e+002  5.376848e-001
  3.245096e+002  5.351246e-001
  3.280096e+002  5.323920e-001
  3.315096e+002  5.295613e-001
  3.350096e+002  5.266741e-001
  3.385096e+002  5.237525e-001
  3.420096e+002  5.208083e-001
  3.455096e+002  5.178471e-001
  3.490096e+002  5.148719e-001
  3.525096e+002  5.118838e-001
  3.560096e+002  5.088832e-001
  3.595096e+002  5.058700e-001
  3.630096e+002  5.028439e-001
  3.665096e+002  4.998045e-001
  3.700096e+002  4.967513e-001
  3.735096e+002  4.936836e-001
  3.770096e+002  4.906008e-001
  3.805096e+002  4.875024e-001
  3.840096e+002  4.843876e-001
  3.875096e+002  4.812339e-001
  3.910096e+002  4.780733e-001
  3.945096e+002  4.748997e-001
  3.980096e+002  4.717097e-001
  4.015096e+002  4.685011e-001
  4.050096e+002  4.652722e-001
  4.085096e+002  4.620218e-001
  4.120096e+002  4.594586e-001
  4.155096e+002  4.565597e-001
  4.190096e+002  4.534589e-001
  4.225096e+002  4.502358e-001
  4.260096e+002  4.474341e-001
  4.289262e+002  4.448681e-001
  4.324262e+002  4.416240e-001
  4.359262e+002  4.382777e-001
  4.394262e+002  4.348623e-001
  4.429262e+002  4.320901e-001
  4.464262e+002  4.289697e-001
  4.499262e+002  4.256366e-001
  4.534262e+002  4.221707e-001
  4.569262e+002  4.186159e-001
  4.604262e+002  4.149951e-001
  4.639262e+002  4.113196e-001
  4.674262e+002  4.075944e-001
  4.709262e+002  4.038214e-001
  4.744262e+002  4.000004e-001
  4.779262e+002  3.961304e-001
  4.814262e+002  3.922097e-001
  4.849262e+002  3.882363e-001
  4.884262e+002  3.842078e-001
  4.919262e+002  3.801216e-001
  4.954262e+002  3.759749e-001
  4.989262e+002  3.717647e-001
  5.024262e+002  3.674876e-001
  5.059262e+002  3.631401e-001
  5.094262e+002  3.594303e-001
  5.129262e+002  3.556429e-001
  5.164262e+002  3.514717e-001
  5.199262e+002  3.470476e-001
  5.234262e+002  3.424425e-001
  5.269262e+002  3.383326e-001
  5.298429e+002  3.349942e-001
  5.327596e+002  3.312549e-001
  5.362596e+002  3.264551e-001
  5.397596e+002  3.214301e-001
  5.432596e+002  3.162209e-001
  5.467596e+002  3.108445e-001
  5.502596e+002  3.060434e-001
  5.537596e+002  3.007620e-001
  5.572596e+002  2.951344e-001
  5.607596e+002  2.892285e-001
  5.642596e+002  2.830726e-001
  5.677596e+002  2.766716e-001
  5.712596e+002  2.700161e-001
  5.747596e+002  2.630876e-001
  5.782596e+002  2.558601e-001
  5.817596e+002  2.483002e-001
  5.852596e+002  2.403669e-001
  5.887596e+002  2.320094e-001
  5.922596e+002  2.231648e-001
  5.957596e+002  2.137540e-001
  5.992596e+002  2.036756e-001
  6.027596e+002  1.924299e-001
  6.062596e+002  1.808887e-001
  6.097596e+002  1.674587e-001
  6.132596e+002  1.514540e-001
  6.167596e+002  1.302302e-001
  6.202596e+002  9.723337e-002
  6.214899e+002  8.176751e-002
  6.227203e+002  4.970950e-002
  6.230018e+002  4.094639e-002
  6.232365e+002  2.700427e-002
  6.232997e+002  2.262003e-002
  6.233630e+002  1.471224e-002
  6.233835e+002  1.122356e-002
  6.233978e+002  7.135460e-003
  6.234047e+002  4.600915e-003
