HISTORY PLOT
job1

Curve 1
X : Time
Y : Displacement Y [Node 1]

       X              Y       
------------------------------
  0.000000e+000  0.000000e+000
  4.000000e-002 -3.992136e+000
  8.000000e-002 -5.021759e+000
  1.280000e-001 -5.613246e+000
  1.760000e-001 -5.997126e+000
  2.240000e-001 -6.223703e+000
  2.816000e-001 -6.775194e+000
  3.392000e-001 -7.189890e+000
  3.968000e-001 -7.594259e+000
  4.659200e-001 -8.020823e+000
  5.488640e-001 -8.449154e+000
  6.483968e-001 -8.871941e+000
  7.678362e-001 -9.155999e+000
  8.872755e-001 -9.414335e+000
  1.006715e+000 -9.684383e+000
  1.150042e+000 -9.995355e+000
  1.322035e+000 -1.025258e+001
  1.528426e+000 -1.057448e+001
  1.776096e+000 -1.094280e+001
  2.073299e+000 -1.134401e+001
  2.429943e+000 -1.176983e+001
  2.857916e+000 -1.209480e+001
  3.371483e+000 -1.243301e+001
  3.885051e+000 -1.274054e+001
  4.398618e+000 -1.307019e+001
  5.014899e+000 -1.345895e+001
  5.754436e+000 -1.379101e+001
  6.493973e+000 -1.414448e+001
  7.381417e+000 -1.456090e+001
  8.446350e+000 -1.502917e+001
  9.724271e+000 -1.542829e+001
  1.100219e+001 -1.577896e+001
  1.228011e+001 -1.610700e+001
  1.355803e+001 -1.646062e+001
  1.509153e+001 -1.688471e+001
  1.693174e+001 -1.728689e+001
  1.893174e+001 -1.765774e+001
  2.059841e+001 -1.799696e+001
  2.259841e+001 -1.841073e+001
  2.459841e+001 -1.877113e+001
  2.659841e+001 -1.908838e+001
  2.859841e+001 -1.937822e+001
  3.026507e+001 -1.960850e+001
  3.226507e+001 -1.991348e+001
  3.426507e+001 -2.022848e+001
  3.626507e+001 -2.054306e+001
  3.826507e+001 -2.085208e+001
  4.026507e+001 -2.115331e+001
  4.226507e+001 -2.137928e+001
  4.426507e+001 -2.162852e+001
  4.626507e+001 -2.188762e+001
  4.826507e+001 -2.214882e+001
  5.026507e+001 -2.240811e+001
  5.226507e+001 -2.260349e+001
  5.426507e+001 -2.280897e+001
  5.626507e+001 -2.300742e+001
  5.826507e+001 -2.322448e+001
  6.026507e+001 -2.345015e+001
  6.226507e+001 -2.367866e+001
  6.426508e+001 -2.390689e+001
  6.626508e+001 -2.413328e+001
  6.826508e+001 -2.435714e+001
  7.026508e+001 -2.457819e+001
  7.226508e+001 -2.479637e+001
  7.426508e+001 -2.501174e+001
  7.626508e+001 -2.522442e+001
  7.826508e+001 -2.543454e+001
  8.026508e+001 -2.560211e+001
  8.226508e+001 -2.578576e+001
  8.426508e+001 -2.597763e+001
  8.626508e+001 -2.617312e+001
  8.826508e+001 -2.636973e+001
  9.026508e+001 -2.656617e+001
  9.226508e+001 -2.671808e+001
  9.426508e+001 -2.687532e+001
  9.626508e+001 -2.704849e+001
  9.826508e+001 -2.720038e+001
  1.002651e+002 -2.736957e+001
  1.022651e+002 -2.754819e+001
  1.042651e+002 -2.773159e+001
  1.062651e+002 -2.791716e+001
  1.082651e+002 -2.810350e+001
  1.102651e+002 -2.828990e+001
  1.122651e+002 -2.847601e+001
  1.142651e+002 -2.866167e+001
  1.162651e+002 -2.884684e+001
  1.182651e+002 -2.903150e+001
  1.202651e+002 -2.921569e+001
  1.222651e+002 -2.939945e+001
  1.242651e+002 -2.958281e+001
  1.262651e+002 -2.976583e+001
  1.282651e+002 -2.994857e+001
  1.302651e+002 -3.013107e+001
  1.322651e+002 -3.027477e+001
  1.342651e+002 -3.041554e+001
  1.362651e+002 -3.057441e+001
  1.382651e+002 -3.074373e+001
  1.402651e+002 -3.091886e+001
  1.422651e+002 -3.109718e+001
  1.442651e+002 -3.127731e+001
  1.462651e+002 -3.142721e+001
  1.482651e+002 -3.159179e+001
  1.502651e+002 -3.176483e+001
  1.522651e+002 -3.194271e+001
  1.542651e+002 -3.212342e+001
  1.562651e+002 -3.230589e+001
  1.582651e+002 -3.248957e+001
  1.602651e+002 -3.267421e+001
  1.622651e+002 -3.285971e+001
  1.642651e+002 -3.304600e+001
  1.662651e+002 -3.323310e+001
  1.682651e+002 -3.342105e+001
  1.702651e+002 -3.360987e+001
  1.722651e+002 -3.379961e+001
  1.742651e+002 -3.399035e+001
  1.762651e+002 -3.418212e+001
  1.782651e+002 -3.437499e+001
  1.802651e+002 -3.456902e+001
  1.822651e+002 -3.476429e+001
  1.842651e+002 -3.496084e+001
  1.862651e+002 -3.515876e+001
  1.882651e+002 -3.535812e+001
  1.902651e+002 -3.555900e+001
  1.922651e+002 -3.576147e+001
  1.942651e+002 -3.592659e+001
  1.962651e+002 -3.611037e+001
  1.982651e+002 -3.630560e+001
  2.002651e+002 -3.650805e+001
  2.022651e+002 -3.671538e+001
  2.042651e+002 -3.692639e+001
  2.062651e+002 -3.710331e+001
  2.079317e+002 -3.725151e+001
  2.095984e+002 -3.741579e+001
  2.115984e+002 -3.762475e+001
  2.135984e+002 -3.784150e+001
  2.155984e+002 -3.806382e+001
  2.175984e+002 -3.829060e+001
  2.195984e+002 -3.852132e+001
  2.215984e+002 -3.875580e+001
  2.235984e+002 -3.899400e+001
  2.255984e+002 -3.923598e+001
  2.275984e+002 -3.948190e+001
  2.295984e+002 -3.973193e+001
  2.315984e+002 -3.998628e+001
  2.335984e+002 -4.024519e+001
  2.355984e+002 -4.050889e+001
  2.375984e+002 -4.077768e+001
  2.395984e+002 -4.105186e+001
  2.415984e+002 -4.133175e+001
  2.435984e+002 -4.161772e+001
  2.455984e+002 -4.191015e+001
  2.475984e+002 -4.220948e+001
  2.495984e+002 -4.251619e+001
  2.515984e+002 -4.283079e+001
  2.535984e+002 -4.309240e+001
  2.555984e+002 -4.338793e+001
  2.575984e+002 -4.370731e+001
  2.595984e+002 -4.404490e+001
  2.615984e+002 -4.435141e+001
  2.632651e+002 -4.459893e+001
  2.649317e+002 -4.488009e+001
  2.669317e+002 -4.519744e+001
  2.689317e+002 -4.555656e+001
  2.709317e+002 -4.594716e+001
  2.729317e+002 -4.636400e+001
  2.749317e+002 -4.675021e+001
  2.765984e+002 -4.710892e+001
  2.785984e+002 -4.757384e+001
  2.805984e+002 -4.807110e+001
  2.825984e+002 -4.860133e+001
  2.845984e+002 -4.916710e+001
  2.865984e+002 -4.977256e+001
  2.885984e+002 -5.042348e+001
  2.905984e+002 -5.112748e+001
  2.925984e+002 -5.189463e+001
  2.945984e+002 -5.273841e+001
  2.965984e+002 -5.367727e+001
  2.985984e+002 -5.473732e+001
  3.005984e+002 -5.596162e+001
  3.025984e+002 -5.751818e+001
  3.045984e+002 -5.949555e+001
  3.065984e+002 -6.290887e+001
  3.075984e+002 -6.590881e+001
  3.082116e+002 -6.918114e+001
  3.084656e+002 -7.155533e+001
  3.086773e+002 -7.612035e+001
  3.087208e+002 -7.798797e+001
  3.087571e+002 -8.108704e+001
  3.087689e+002 -8.313702e+001
  3.087744e+002 -8.494908e+001
  3.087784e+002 -8.689224e+001

Curve 2
X : Time
Y : Thickness of Element [Node 1]

       X              Y       
------------------------------
  0.000000e+000  9.300000e-001
  4.000000e-002  9.249665e-001
  8.000000e-002  9.209503e-001
  1.280000e-001  9.180598e-001
  1.760000e-001  9.159877e-001
  2.240000e-001  9.147093e-001
  2.816000e-001  9.113376e-001
  3.392000e-001  9.086360e-001
  3.968000e-001  9.058827e-001
  4.659200e-001  9.028367e-001
  5.488640e-001  8.996217e-001
  6.483968e-001  8.962899e-001
  7.678362e-001  8.939424e-001
  8.872755e-001  8.917415e-001
  1.006715e+000  8.893860e-001
  1.150042e+000  8.866030e-001
  1.322035e+000  8.842318e-001
  1.528426e+000  8.811925e-001
  1.776096e+000  8.776166e-001
  2.073299e+000  8.736013e-001
  2.429943e+000  8.692022e-001
  2.857916e+000  8.657483e-001
  3.371483e+000  8.620466e-001
  3.885051e+000  8.586023e-001
  4.398618e+000  8.548403e-001
  5.014899e+000  8.503100e-001
  5.754436e+000  8.463376e-001
  6.493973e+000  8.420284e-001
  7.381417e+000  8.368468e-001
  8.446350e+000  8.308863e-001
  9.724271e+000  8.256704e-001
  1.100219e+001  8.209981e-001
  1.228011e+001  8.165542e-001
  1.355803e+001  8.117005e-001
  1.509153e+001  8.057916e-001
  1.693174e+001  8.000982e-001
  1.893174e+001  7.947376e-001
  2.059841e+001  7.897707e-001
  2.259841e+001  7.836322e-001
  2.459841e+001  7.782165e-001
  2.659841e+001  7.733774e-001
  2.859841e+001  7.689127e-001
  3.026507e+001  7.653379e-001
  3.226507e+001  7.605715e-001
  3.426507e+001  7.556099e-001
  3.626507e+001  7.506141e-001
  3.826507e+001  7.456664e-001
  4.026507e+001  7.408047e-001
  4.226507e+001  7.371227e-001
  4.426507e+001  7.330382e-001
  4.626507e+001  7.287672e-001
  4.826507e+001  7.244362e-001
  5.026507e+001  7.201121e-001
  5.226507e+001  7.168344e-001
  5.426507e+001  7.133702e-001
  5.626507e+001  7.100118e-001
  5.826507e+001  7.063276e-001
  6.026507e+001  7.024845e-001
  6.226507e+001  6.985801e-001
  6.426508e+001  6.946663e-001
  6.626508e+001  6.907700e-001
  6.826508e+001  6.869038e-001
  7.026508e+001  6.830730e-001
  7.226508e+001  6.792793e-001
  7.426508e+001  6.755222e-001
  7.626508e+001  6.718007e-001
  7.826508e+001  6.681130e-001
  8.026508e+001  6.651608e-001
  8.226508e+001  6.619182e-001
  8.426508e+001  6.585230e-001
  8.626508e+001  6.550559e-001
  8.826508e+001  6.515613e-001
  9.026508e+001  6.480621e-001
  9.226508e+001  6.453499e-001
  9.426508e+001  6.425381e-001
  9.626508e+001  6.394383e-001
  9.826508e+001  6.367148e-001
  1.002651e+002  6.336786e-001
  1.022651e+002  6.304694e-001
  1.042651e+002  6.271713e-001
  1.062651e+002  6.238309e-001
  1.082651e+002  6.204730e-001
  1.102651e+002  6.171107e-001
  1.122651e+002  6.137502e-001
  1.142651e+002  6.103944e-001
  1.162651e+002  6.070447e-001
  1.182651e+002  6.037011e-001
  1.202651e+002  6.003633e-001
  1.222651e+002  5.970309e-001
  1.242651e+002  5.937032e-001
  1.262651e+002  5.903795e-001
  1.282651e+002  5.870590e-001
  1.302651e+002  5.837409e-001
  1.322651e+002  5.811259e-001
  1.342651e+002  5.785621e-001
  1.362651e+002  5.756680e-001
  1.382651e+002  5.725827e-001
  1.402651e+002  5.693910e-001
  1.422651e+002  5.661406e-001
  1.442651e+002  5.628572e-001
  1.462651e+002  5.601234e-001
  1.482651e+002  5.571234e-001
  1.502651e+002  5.539706e-001
  1.522651e+002  5.507315e-001
  1.542651e+002  5.474427e-001
  1.562651e+002  5.441237e-001
  1.582651e+002  5.407845e-001
  1.602651e+002  5.374301e-001
  1.622651e+002  5.340628e-001
  1.642651e+002  5.306833e-001
  1.662651e+002  5.272918e-001
  1.682651e+002  5.238879e-001
  1.702651e+002  5.204710e-001
  1.722651e+002  5.170405e-001
  1.742651e+002  5.135955e-001
  1.762651e+002  5.101354e-001
  1.782651e+002  5.066592e-001
  1.802651e+002  5.031660e-001
  1.822651e+002  4.996550e-001
  1.842651e+002  4.961253e-001
  1.862651e+002  4.925758e-001
  1.882651e+002  4.890055e-001
  1.902651e+002  4.854135e-001
  1.922651e+002  4.817985e-001
  1.942651e+002  4.788537e-001
  1.962651e+002  4.755801e-001
  1.982651e+002  4.721078e-001
  2.002651e+002  4.685136e-001
  2.022651e+002  4.648399e-001
  2.042651e+002  4.611089e-001
  2.062651e+002  4.579870e-001
  2.079317e+002  4.553760e-001
  2.095984e+002  4.524865e-001
  2.115984e+002  4.488182e-001
  2.135984e+002  4.450238e-001
  2.155984e+002  4.411428e-001
  2.175984e+002  4.371957e-001
  2.195984e+002  4.331925e-001
  2.215984e+002  4.291377e-001
  2.235984e+002  4.250323e-001
  2.255984e+002  4.208761e-001
  2.275984e+002  4.166674e-001
  2.295984e+002  4.124043e-001
  2.315984e+002  4.080844e-001
  2.335984e+002  4.037049e-001
  2.355984e+002  3.992629e-001
  2.375984e+002  3.947549e-001
  2.395984e+002  3.901776e-001
  2.415984e+002  3.855270e-001
  2.435984e+002  3.807991e-001
  2.455984e+002  3.759894e-001
  2.475984e+002  3.710930e-001
  2.495984e+002  3.661045e-001
  2.515984e+002  3.610182e-001
  2.535984e+002  3.568143e-001
  2.555984e+002  3.520854e-001
  2.575984e+002  3.470050e-001
  2.595984e+002  3.416716e-001
  2.615984e+002  3.368653e-001
  2.632651e+002  3.330074e-001
  2.649317e+002  3.286461e-001
  2.669317e+002  3.237543e-001
  2.689317e+002  3.182581e-001
  2.709317e+002  3.123339e-001
  2.729317e+002  3.060772e-001
  2.749317e+002  3.003441e-001
  2.765984e+002  2.950653e-001
  2.785984e+002  2.882889e-001
  2.805984e+002  2.811380e-001
  2.825984e+002  2.736260e-001
  2.845984e+002  2.657406e-001
  2.865984e+002  2.574513e-001
  2.885984e+002  2.487123e-001
  2.905984e+002  2.394626e-001
  2.925984e+002  2.296229e-001
  2.945984e+002  2.190903e-001
  2.965984e+002  2.077295e-001
  2.985984e+002  1.953573e-001
  3.005984e+002  1.816072e-001
  3.025984e+002  1.648202e-001
  3.045984e+002  1.447782e-001
  3.065984e+002  1.132846e-001
  3.075984e+002  8.971673e-002
  3.082116e+002  6.770664e-002
  3.084656e+002  5.438035e-002
  3.086773e+002  3.211672e-002
  3.087208e+002  2.561267e-002
  3.087571e+002  1.634557e-002
  3.087689e+002  1.200547e-002
  3.087744e+002  9.125267e-003
  3.087784e+002  6.809326e-003
