HISTORY PLOT
job1

Curve 1
X : Time
Y : Displacement Y [Node 1]

       X              Y       
------------------------------
  0.000000e+000  0.000000e+000
  2.600000e-001 -3.538244e+000
  5.200000e-001 -4.166689e+000
  8.320000e-001 -4.718196e+000
  1.206400e+000 -5.094273e+000
  1.580800e+000 -5.353732e+000
  1.955200e+000 -6.022092e+000
  2.329600e+000 -6.484412e+000
  2.704000e+000 -6.888950e+000
  3.153280e+000 -7.328201e+000
  3.692416e+000 -7.768277e+000
  4.339379e+000 -8.196715e+000
  5.115735e+000 -8.612170e+000
  6.047362e+000 -8.992189e+000
  7.165315e+000 -9.265101e+000
  8.283267e+000 -9.516549e+000
  9.401219e+000 -9.779722e+000
  1.074276e+001 -1.008360e+001
  1.235261e+001 -1.033771e+001
  1.396247e+001 -1.060475e+001
  1.589429e+001 -1.091523e+001
  1.821247e+001 -1.125969e+001
  2.099430e+001 -1.163187e+001
  2.433249e+001 -1.202813e+001
  2.833831e+001 -1.232613e+001
  3.234414e+001 -1.260604e+001
  3.715113e+001 -1.296053e+001
  4.291951e+001 -1.337301e+001
  4.984158e+001 -1.373111e+001
  5.814806e+001 -1.417479e+001
  6.811584e+001 -1.468312e+001
  8.007717e+001 -1.524127e+001
  9.307717e+001 -1.564503e+001
  1.060772e+002 -1.601913e+001
  1.190772e+002 -1.641880e+001
  1.320772e+002 -1.681736e+001
  1.450772e+002 -1.720194e+001
  1.580772e+002 -1.748940e+001
  1.710772e+002 -1.779738e+001
  1.840772e+002 -1.810879e+001
  1.970772e+002 -1.841472e+001
  2.100772e+002 -1.871125e+001
  2.230772e+002 -1.892895e+001
  2.360772e+002 -1.914557e+001
  2.490772e+002 -1.938199e+001
  2.620772e+002 -1.958432e+001
  2.750772e+002 -1.980621e+001
  2.880772e+002 -2.003583e+001
  3.010772e+002 -2.026639e+001
  3.140772e+002 -2.049439e+001
  3.270772e+002 -2.071820e+001
  3.400772e+002 -2.093718e+001
  3.530772e+002 -2.115119e+001
  3.660772e+002 -2.131812e+001
  3.790772e+002 -2.150025e+001
  3.920772e+002 -2.168911e+001
  4.050772e+002 -2.187982e+001
  4.180772e+002 -2.206981e+001
  4.310772e+002 -2.225778e+001
  4.440772e+002 -2.244317e+001
  4.570772e+002 -2.258606e+001
  4.700772e+002 -2.272517e+001
  4.830772e+002 -2.288057e+001
  4.960772e+002 -2.301891e+001
  5.090772e+002 -2.317206e+001
  5.220771e+002 -2.333268e+001
  5.350771e+002 -2.346663e+001
  5.480771e+002 -2.361477e+001
  5.610771e+002 -2.377015e+001
  5.740771e+002 -2.392861e+001
  5.870771e+002 -2.408789e+001
  6.000771e+002 -2.424679e+001
  6.130771e+002 -2.440472e+001
  6.260771e+002 -2.456139e+001
  6.390771e+002 -2.471669e+001
  6.520771e+002 -2.487058e+001
  6.650771e+002 -2.502309e+001
  6.780771e+002 -2.517426e+001
  6.910771e+002 -2.532412e+001
  7.040771e+002 -2.547274e+001
  7.170771e+002 -2.558577e+001
  7.300771e+002 -2.571308e+001
  7.430771e+002 -2.584818e+001
  7.560771e+002 -2.598714e+001
  7.690771e+002 -2.612773e+001
  7.820771e+002 -2.626877e+001
  7.950771e+002 -2.640965e+001
  8.080771e+002 -2.655004e+001
  8.210771e+002 -2.665983e+001
  8.340771e+002 -2.676642e+001
  8.470771e+002 -2.687667e+001
  8.600771e+002 -2.699909e+001
  8.730771e+002 -2.712818e+001
  8.860771e+002 -2.726069e+001
  8.990771e+002 -2.739478e+001
  9.120771e+002 -2.752946e+001
  9.250771e+002 -2.766422e+001
  9.380771e+002 -2.777349e+001
  9.510771e+002 -2.789382e+001
  9.640771e+002 -2.802026e+001
  9.770771e+002 -2.814985e+001
  9.900771e+002 -2.828097e+001
  1.003077e+003 -2.841274e+001
  1.016077e+003 -2.854469e+001
  1.029077e+003 -2.867660e+001
  1.042077e+003 -2.880836e+001
  1.055077e+003 -2.893990e+001
  1.068077e+003 -2.907122e+001
  1.081077e+003 -2.920231e+001
  1.094077e+003 -2.933319e+001
  1.107077e+003 -2.946387e+001
  1.120077e+003 -2.959437e+001
  1.133077e+003 -2.972470e+001
  1.146077e+003 -2.985489e+001
  1.159077e+003 -2.998496e+001
  1.172077e+003 -3.011492e+001
  1.185077e+003 -3.024516e+001
  1.198077e+003 -3.037514e+001
  1.211077e+003 -3.050498e+001
  1.224077e+003 -3.063474e+001
  1.237077e+003 -3.076447e+001
  1.250077e+003 -3.089419e+001
  1.263077e+003 -3.102395e+001
  1.276077e+003 -3.115375e+001
  1.289077e+003 -3.128363e+001
  1.302077e+003 -3.138739e+001
  1.315077e+003 -3.150702e+001
  1.328077e+003 -3.160959e+001
  1.341077e+003 -3.172450e+001
  1.354077e+003 -3.184660e+001
  1.367077e+003 -3.197276e+001
  1.380077e+003 -3.210125e+001
  1.393077e+003 -3.223110e+001
  1.406077e+003 -3.236180e+001
  1.419077e+003 -3.249311e+001
  1.432077e+003 -3.262488e+001
  1.445077e+003 -3.275709e+001
  1.458077e+003 -3.288969e+001
  1.471077e+003 -3.302268e+001
  1.484077e+003 -3.315607e+001
  1.497077e+003 -3.328988e+001
  1.510077e+003 -3.342411e+001
  1.523077e+003 -3.355880e+001
  1.536077e+003 -3.369395e+001
  1.549077e+003 -3.382959e+001
  1.562077e+003 -3.396575e+001
  1.575077e+003 -3.410244e+001
  1.588077e+003 -3.423968e+001
  1.601077e+003 -3.437750e+001
  1.614077e+003 -3.451592e+001
  1.627077e+003 -3.465497e+001
  1.640077e+003 -3.479467e+001
  1.653077e+003 -3.493505e+001
  1.666077e+003 -3.507612e+001
  1.679077e+003 -3.521793e+001
  1.692077e+003 -3.536049e+001
  1.705077e+003 -3.550384e+001
  1.718077e+003 -3.564800e+001
  1.731077e+003 -3.579301e+001
  1.744077e+003 -3.590524e+001
  1.757077e+003 -3.603289e+001
  1.770077e+003 -3.616990e+001
  1.783077e+003 -3.631255e+001
  1.796077e+003 -3.645873e+001
  1.809077e+003 -3.660732e+001
  1.822077e+003 -3.675770e+001
  1.835077e+003 -3.690958e+001
  1.848077e+003 -3.703548e+001
  1.861077e+003 -3.717465e+001
  1.874077e+003 -3.732507e+001
  1.887077e+003 -3.748083e+001
  1.900077e+003 -3.763837e+001
  1.913077e+003 -3.779754e+001
  1.926077e+003 -3.795830e+001
  1.939077e+003 -3.812063e+001
  1.952077e+003 -3.828456e+001
  1.965077e+003 -3.845015e+001
  1.978077e+003 -3.858488e+001
  1.991077e+003 -3.873542e+001
  2.004077e+003 -3.889578e+001
  2.017077e+003 -3.906242e+001
  2.030077e+003 -3.923338e+001
  2.043077e+003 -3.940762e+001
  2.056077e+003 -3.958463e+001
  2.069077e+003 -3.976417e+001
  2.082077e+003 -3.994616e+001
  2.095077e+003 -4.013060e+001
  2.108077e+003 -4.031753e+001
  2.121077e+003 -4.050703e+001
  2.134077e+003 -4.069919e+001
  2.147077e+003 -4.089412e+001
  2.160077e+003 -4.109194e+001
  2.173077e+003 -4.129276e+001
  2.186077e+003 -4.149673e+001
  2.199077e+003 -4.170399e+001
  2.212077e+003 -4.191469e+001
  2.225077e+003 -4.212900e+001
  2.238077e+003 -4.234709e+001
  2.251077e+003 -4.256916e+001
  2.264077e+003 -4.279542e+001
  2.277077e+003 -4.302906e+001
  2.290077e+003 -4.326584e+001
  2.303077e+003 -4.350676e+001
  2.316077e+003 -4.375247e+001
  2.329077e+003 -4.400347e+001
  2.342077e+003 -4.420750e+001
  2.355077e+003 -4.443932e+001
  2.368077e+003 -4.469815e+001
  2.381077e+003 -4.496707e+001
  2.394077e+003 -4.519572e+001
  2.407077e+003 -4.545333e+001
  2.420077e+003 -4.573128e+001
  2.433077e+003 -4.602473e+001
  2.446077e+003 -4.633134e+001
  2.459077e+003 -4.660259e+001
  2.472077e+003 -4.690489e+001
  2.485077e+003 -4.723029e+001
  2.498077e+003 -4.757467e+001
  2.511077e+003 -4.793634e+001
  2.524077e+003 -4.831507e+001
  2.537077e+003 -4.871150e+001
  2.550077e+003 -4.912691e+001
  2.563077e+003 -4.956310e+001
  2.576077e+003 -5.002231e+001
  2.589077e+003 -5.050728e+001
  2.600000e+003 -5.093920e+001

Curve 2
X : Time
Y : Thickness of Element [Node 1]

       X              Y       
------------------------------
  0.000000e+000  9.300000e-001
  2.600000e-001  9.255058e-001
  5.200000e-001  9.234169e-001
  8.320000e-001  9.211832e-001
  1.206400e+000  9.194703e-001
  1.580800e+000  9.182036e-001
  1.955200e+000  9.145848e-001
  2.329600e+000  9.118753e-001
  2.704000e+000  9.093808e-001
  3.153280e+000  9.065249e-001
  3.692416e+000  9.034950e-001
  4.339379e+000  9.003769e-001
  5.115735e+000  8.971931e-001
  6.047362e+000  8.941418e-001
  7.165315e+000  8.918550e-001
  8.283267e+000  8.896864e-001
  9.401219e+000  8.873637e-001
  1.074276e+001  8.846137e-001
  1.235261e+001  8.822440e-001
  1.396247e+001  8.796993e-001
  1.589429e+001  8.766706e-001
  1.821247e+001  8.732228e-001
  2.099430e+001  8.693936e-001
  2.433249e+001  8.651984e-001
  2.833831e+001  8.619478e-001
  3.234414e+001  8.588393e-001
  3.715113e+001  8.548267e-001
  4.291951e+001  8.500490e-001
  4.984158e+001  8.457825e-001
  5.814806e+001  8.403780e-001
  6.811584e+001  8.340285e-001
  8.007717e+001  8.268648e-001
  9.307717e+001  8.215230e-001
  1.060772e+002  8.164840e-001
  1.190772e+002  8.110153e-001
  1.320772e+002  8.054715e-001
  1.450772e+002  8.000347e-001
  1.580772e+002  7.958944e-001
  1.710772e+002  7.914078e-001
  1.840772e+002  7.868193e-001
  1.970772e+002  7.822608e-001
  2.100772e+002  7.777944e-001
  2.230772e+002  7.744810e-001
  2.360772e+002  7.711609e-001
  2.490772e+002  7.675145e-001
  2.620772e+002  7.643704e-001
  2.750772e+002  7.609024e-001
  2.880772e+002  7.572915e-001
  3.010772e+002  7.536428e-001
  3.140772e+002  7.500116e-001
  3.270772e+002  7.464250e-001
  3.400772e+002  7.428947e-001
  3.530772e+002  7.394246e-001
  3.660772e+002  7.366999e-001
  3.790772e+002  7.337142e-001
  3.920772e+002  7.306045e-001
  4.050772e+002  7.274501e-001
  4.180772e+002  7.242939e-001
  4.310772e+002  7.211576e-001
  4.440772e+002  7.180514e-001
  4.570772e+002  7.156475e-001
  4.700772e+002  7.133003e-001
  4.830772e+002  7.106718e-001
  4.960772e+002  7.083246e-001
  5.090772e+002  7.057199e-001
  5.220771e+002  7.029813e-001
  5.350771e+002  7.006903e-001
  5.480771e+002  6.981511e-001
  5.610771e+002  6.954819e-001
  5.740771e+002  6.927528e-001
  5.870771e+002  6.900028e-001
  6.000771e+002  6.872525e-001
  6.130771e+002  6.845124e-001
  6.260771e+002  6.817875e-001
  6.390771e+002  6.790801e-001
  6.520771e+002  6.763910e-001
  6.650771e+002  6.737200e-001
  6.780771e+002  6.710669e-001
  6.910771e+002  6.684310e-001
  7.040771e+002  6.658117e-001
  7.170771e+002  6.638155e-001
  7.300771e+002  6.615634e-001
  7.430771e+002  6.591694e-001
  7.560771e+002  6.567029e-001
  7.690771e+002  6.542031e-001
  7.820771e+002  6.516913e-001
  7.950771e+002  6.491786e-001
  8.080771e+002  6.466704e-001
  8.210771e+002  6.447066e-001
  8.340771e+002  6.427979e-001
  8.470771e+002  6.408213e-001
  8.600771e+002  6.386249e-001
  8.730771e+002  6.363067e-001
  8.860771e+002  6.339252e-001
  8.990771e+002  6.315133e-001
  9.120771e+002  6.290885e-001
  9.250771e+002  6.266601e-001
  9.380771e+002  6.246886e-001
  9.510771e+002  6.225159e-001
  9.640771e+002  6.202316e-001
  9.770771e+002  6.178885e-001
  9.900771e+002  6.155162e-001
  1.003077e+003  6.131305e-001
  1.016077e+003  6.107398e-001
  1.029077e+003  6.083483e-001
  1.042077e+003  6.059581e-001
  1.055077e+003  6.035702e-001
  1.068077e+003  6.011849e-001
  1.081077e+003  5.988023e-001
  1.094077e+003  5.964223e-001
  1.107077e+003  5.940448e-001
  1.120077e+003  5.916693e-001
  1.133077e+003  5.892958e-001
  1.146077e+003  5.869239e-001
  1.159077e+003  5.845533e-001
  1.172077e+003  5.821838e-001
  1.185077e+003  5.798072e-001
  1.198077e+003  5.774351e-001
  1.211077e+003  5.750651e-001
  1.224077e+003  5.726961e-001
  1.237077e+003  5.703272e-001
  1.250077e+003  5.679580e-001
  1.263077e+003  5.655880e-001
  1.276077e+003  5.632168e-001
  1.289077e+003  5.608441e-001
  1.302077e+003  5.589485e-001
  1.315077e+003  5.567618e-001
  1.328077e+003  5.548878e-001
  1.341077e+003  5.527889e-001
  1.354077e+003  5.505597e-001
  1.367077e+003  5.482569e-001
  1.380077e+003  5.459128e-001
  1.393077e+003  5.435446e-001
  1.406077e+003  5.411618e-001
  1.419077e+003  5.387689e-001
  1.432077e+003  5.363685e-001
  1.445077e+003  5.339616e-001
  1.458077e+003  5.315487e-001
  1.471077e+003  5.291300e-001
  1.484077e+003  5.267052e-001
  1.497077e+003  5.242743e-001
  1.510077e+003  5.218370e-001
  1.523077e+003  5.193931e-001
  1.536077e+003  5.169422e-001
  1.549077e+003  5.144840e-001
  1.562077e+003  5.120184e-001
  1.575077e+003  5.095448e-001
  1.588077e+003  5.070632e-001
  1.601077e+003  5.045730e-001
  1.614077e+003  5.020740e-001
  1.627077e+003  4.995658e-001
  1.640077e+003  4.970482e-001
  1.653077e+003  4.945206e-001
  1.666077e+003  4.919829e-001
  1.679077e+003  4.894346e-001
  1.692077e+003  4.868753e-001
  1.705077e+003  4.843047e-001
  1.718077e+003  4.817222e-001
  1.731077e+003  4.791276e-001
  1.744077e+003  4.771220e-001
  1.757077e+003  4.748423e-001
  1.770077e+003  4.723979e-001
  1.783077e+003  4.698560e-001
  1.796077e+003  4.672543e-001
  1.809077e+003  4.646137e-001
  1.822077e+003  4.619448e-001
  1.835077e+003  4.592533e-001
  1.848077e+003  4.570262e-001
  1.861077e+003  4.545672e-001
  1.874077e+003  4.519127e-001
  1.887077e+003  4.491679e-001
  1.900077e+003  4.463977e-001
  1.913077e+003  4.436047e-001
  1.926077e+003  4.407899e-001
  1.939077e+003  4.379535e-001
  1.952077e+003  4.350952e-001
  1.965077e+003  4.322146e-001
  1.978077e+003  4.298756e-001
  1.991077e+003  4.272667e-001
  2.004077e+003  4.244933e-001
  2.017077e+003  4.216176e-001
  2.030077e+003  4.186746e-001
  2.043077e+003  4.156826e-001
  2.056077e+003  4.126512e-001
  2.069077e+003  4.095847e-001
  2.082077e+003  4.064851e-001
  2.095077e+003  4.033529e-001
  2.108077e+003  4.001878e-001
  2.121077e+003  3.969889e-001
  2.134077e+003  3.937553e-001
  2.147077e+003  3.904857e-001
  2.160077e+003  3.871787e-001
  2.173077e+003  3.838330e-001
  2.186077e+003  3.804470e-001
  2.199077e+003  3.770190e-001
  2.212077e+003  3.735472e-001
  2.225077e+003  3.700297e-001
  2.238077e+003  3.664646e-001
  2.251077e+003  3.628497e-001
  2.264077e+003  3.591826e-001
  2.277077e+003  3.554127e-001
  2.290077e+003  3.516091e-001
  2.303077e+003  3.477577e-001
  2.316077e+003  3.438495e-001
  2.329077e+003  3.398783e-001
  2.342077e+003  3.366692e-001
  2.355077e+003  3.330365e-001
  2.368077e+003  3.290006e-001
  2.381077e+003  3.248311e-001
  2.394077e+003  3.213089e-001
  2.407077e+003  3.173600e-001
  2.420077e+003  3.131255e-001
  2.433077e+003  3.086857e-001
  2.446077e+003  3.040824e-001
  2.459077e+003  3.000435e-001
  2.472077e+003  2.955698e-001
  2.485077e+003  2.907919e-001
  2.498077e+003  2.857802e-001
  2.511077e+003  2.805681e-001
  2.524077e+003  2.751672e-001
  2.537077e+003  2.695766e-001
  2.550077e+003  2.637874e-001
  2.563077e+003  2.577854e-001
  2.576077e+003  2.515519e-001
  2.589077e+003  2.450638e-001
  2.600000e+003  2.393743e-001
