HISTORY PLOT
job1

Curve 1
X : Time
Y : Displacement Y [Node 1]

       X              Y       
------------------------------
  0.000000e+000  0.000000e+000
  1.700000e-001 -3.719642e+000
  3.400000e-001 -4.425771e+000
  5.100000e-001 -4.947020e+000
  7.140000e-001 -5.323120e+000
  9.180000e-001 -5.590540e+000
  1.122000e+000 -6.160696e+000
  1.366800e+000 -6.666699e+000
  1.611600e+000 -7.065940e+000
  1.856400e+000 -7.453008e+000
  2.150160e+000 -7.861143e+000
  2.502672e+000 -8.272097e+000
  2.925686e+000 -8.679364e+000
  3.433304e+000 -9.013213e+000
  4.042444e+000 -9.306108e+000
  4.651585e+000 -9.564299e+000
  5.260726e+000 -9.834814e+000
  5.991695e+000 -1.014687e+001
  6.868857e+000 -1.041087e+001
  7.746020e+000 -1.068665e+001
  8.798615e+000 -1.100588e+001
  1.006173e+001 -1.135904e+001
  1.157747e+001 -1.174003e+001
  1.339635e+001 -1.208296e+001
  1.557901e+001 -1.241179e+001
  1.776167e+001 -1.271484e+001
  1.994434e+001 -1.302970e+001
  2.256353e+001 -1.339594e+001
  2.570656e+001 -1.372144e+001
  2.947820e+001 -1.412521e+001
  3.400417e+001 -1.459026e+001
  3.943533e+001 -1.510461e+001
  4.595272e+001 -1.552477e+001
  5.247011e+001 -1.591259e+001
  5.898750e+001 -1.627502e+001
  6.441866e+001 -1.659703e+001
  7.093606e+001 -1.698262e+001
  7.875693e+001 -1.733744e+001
  8.725693e+001 -1.774716e+001
  9.575693e+001 -1.815606e+001
  1.042569e+002 -1.855240e+001
  1.127569e+002 -1.885079e+001
  1.212569e+002 -1.914569e+001
  1.297569e+002 -1.946012e+001
  1.382569e+002 -1.972796e+001
  1.467569e+002 -2.001659e+001
  1.552569e+002 -2.031130e+001
  1.637569e+002 -2.060419e+001
  1.722569e+002 -2.089151e+001
  1.807569e+002 -2.117175e+001
  1.892569e+002 -2.139100e+001
  1.977569e+002 -2.162888e+001
  2.062569e+002 -2.187402e+001
  2.147569e+002 -2.212012e+001
  2.232569e+002 -2.236399e+001
  2.317569e+002 -2.255927e+001
  2.402569e+002 -2.274899e+001
  2.487569e+002 -2.295698e+001
  2.572569e+002 -2.317329e+001
  2.657569e+002 -2.339219e+001
  2.742569e+002 -2.356594e+001
  2.813403e+002 -2.372691e+001
  2.898403e+002 -2.392943e+001
  2.983403e+002 -2.413554e+001
  3.068403e+002 -2.434216e+001
  3.153403e+002 -2.454772e+001
  3.238403e+002 -2.475151e+001
  3.323403e+002 -2.495322e+001
  3.408403e+002 -2.515275e+001
  3.493403e+002 -2.535012e+001
  3.578403e+002 -2.550208e+001
  3.663403e+002 -2.567204e+001
  3.748403e+002 -2.585138e+001
  3.833403e+002 -2.603498e+001
  3.918403e+002 -2.622006e+001
  4.003403e+002 -2.640521e+001
  4.088403e+002 -2.658971e+001
  4.173403e+002 -2.673527e+001
  4.258403e+002 -2.687766e+001
  4.343403e+002 -2.703744e+001
  4.428403e+002 -2.717618e+001
  4.513403e+002 -2.733307e+001
  4.598403e+002 -2.749990e+001
  4.683403e+002 -2.767171e+001
  4.768403e+002 -2.781596e+001
  4.853403e+002 -2.797467e+001
  4.938403e+002 -2.814112e+001
  5.023403e+002 -2.831144e+001
  5.108403e+002 -2.848351e+001
  5.193403e+002 -2.865624e+001
  5.278403e+002 -2.882908e+001
  5.363403e+002 -2.900175e+001
  5.448403e+002 -2.917414e+001
  5.533403e+002 -2.934622e+001
  5.618403e+002 -2.951797e+001
  5.703403e+002 -2.968942e+001
  5.788403e+002 -2.986061e+001
  5.873403e+002 -3.003157e+001
  5.958403e+002 -3.020294e+001
  6.043403e+002 -3.033694e+001
  6.128403e+002 -3.048733e+001
  6.213403e+002 -3.064697e+001
  6.298403e+002 -3.081164e+001
  6.383403e+002 -3.097900e+001
  6.468403e+002 -3.114782e+001
  6.553403e+002 -3.131747e+001
  6.638403e+002 -3.144895e+001
  6.723403e+002 -3.159814e+001
  6.808403e+002 -3.175756e+001
  6.893403e+002 -3.192271e+001
  6.978403e+002 -3.209110e+001
  7.063403e+002 -3.226140e+001
  7.148403e+002 -3.243291e+001
  7.233403e+002 -3.260532e+001
  7.318403e+002 -3.277847e+001
  7.403403e+002 -3.295229e+001
  7.488403e+002 -3.312678e+001
  7.573403e+002 -3.330194e+001
  7.658403e+002 -3.347781e+001
  7.743403e+002 -3.365442e+001
  7.828403e+002 -3.383180e+001
  7.913403e+002 -3.401002e+001
  7.998403e+002 -3.418910e+001
  8.083403e+002 -3.436911e+001
  8.168403e+002 -3.455008e+001
  8.253403e+002 -3.473208e+001
  8.338403e+002 -3.491515e+001
  8.423403e+002 -3.509934e+001
  8.508403e+002 -3.528473e+001
  8.593403e+002 -3.547135e+001
  8.678403e+002 -3.565929e+001
  8.763403e+002 -3.582464e+001
  8.848403e+002 -3.597653e+001
  8.933403e+002 -3.614693e+001
  9.018403e+002 -3.632848e+001
  9.103403e+002 -3.651685e+001
  9.188403e+002 -3.670971e+001
  9.273403e+002 -3.690581e+001
  9.358403e+002 -3.706630e+001
  9.443403e+002 -3.722717e+001
  9.528403e+002 -3.740778e+001
  9.613403e+002 -3.760053e+001
  9.698403e+002 -3.780096e+001
  9.783403e+002 -3.800663e+001
  9.868403e+002 -3.821629e+001
  9.953403e+002 -3.842933e+001
  1.003840e+003 -3.860371e+001
  1.012340e+003 -3.879934e+001
  1.020840e+003 -3.900826e+001
  1.029340e+003 -3.922586e+001
  1.037840e+003 -3.944969e+001
  1.046340e+003 -3.967847e+001
  1.054840e+003 -3.991165e+001
  1.063340e+003 -4.014900e+001
  1.071840e+003 -4.039051e+001
  1.080340e+003 -4.063628e+001
  1.088840e+003 -4.088647e+001
  1.097340e+003 -4.114129e+001
  1.105840e+003 -4.140098e+001
  1.114340e+003 -4.166581e+001
  1.122840e+003 -4.193607e+001
  1.131340e+003 -4.221209e+001
  1.139840e+003 -4.249423e+001
  1.148340e+003 -4.278728e+001
  1.156840e+003 -4.308501e+001
  1.165340e+003 -4.338901e+001
  1.173840e+003 -4.370038e+001
  1.182340e+003 -4.395838e+001
  1.190840e+003 -4.422616e+001
  1.199340e+003 -4.449511e+001
  1.207840e+003 -4.480104e+001
  1.216340e+003 -4.510661e+001
  1.224840e+003 -4.544273e+001
  1.233340e+003 -4.580199e+001
  1.241840e+003 -4.618082e+001
  1.250340e+003 -4.652701e+001
  1.258840e+003 -4.691136e+001
  1.267340e+003 -4.732578e+001
  1.275840e+003 -4.776673e+001
  1.284340e+003 -4.823348e+001
  1.292840e+003 -4.872705e+001
  1.301340e+003 -4.924974e+001
  1.309840e+003 -4.980487e+001
  1.318340e+003 -5.039681e+001
  1.326840e+003 -5.103117e+001
  1.335340e+003 -5.171511e+001
  1.343840e+003 -5.245787e+001
  1.352340e+003 -5.327161e+001
  1.360840e+003 -5.417276e+001
  1.369340e+003 -5.517537e+001
  1.377840e+003 -5.627516e+001
  1.386340e+003 -5.757110e+001
  1.393424e+003 -5.888080e+001
  1.400507e+003 -6.059693e+001
  1.409007e+003 -6.419394e+001
  1.414022e+003 -6.897712e+001
  1.415644e+003 -7.200277e+001
  1.416242e+003 -7.360080e+001
  1.416841e+003 -7.688979e+001
  1.417105e+003 -8.059880e+001
  1.417161e+003 -8.197249e+001
  1.417208e+003 -8.449868e+001
  1.417225e+003 -8.664271e+001

Curve 2
X : Time
Y : Thickness of Element [Node 1]

       X              Y       
------------------------------
  0.000000e+000  9.300000e-001
  1.700000e-001  9.249821e-001
  3.400000e-001  9.223779e-001
  5.100000e-001  9.201342e-001
  7.140000e-001  9.183427e-001
  9.180000e-001  9.169830e-001
  1.122000e+000  9.138055e-001
  1.366800e+000  9.107829e-001
  1.611600e+000  9.082384e-001
  1.856400e+000  9.056564e-001
  2.150160e+000  9.028017e-001
  2.502672e+000  8.997826e-001
  2.925686e+000  8.966437e-001
  3.433304e+000  8.939582e-001
  4.042444e+000  8.915040e-001
  4.651585e+000  8.892767e-001
  5.260726e+000  8.868879e-001
  5.991695e+000  8.840616e-001
  6.868857e+000  8.815953e-001
  7.746020e+000  8.789612e-001
  8.798615e+000  8.758389e-001
  1.006173e+001  8.722931e-001
  1.157747e+001  8.683599e-001
  1.339635e+001  8.647230e-001
  1.557901e+001  8.611331e-001
  1.776167e+001  8.577498e-001
  1.994434e+001  8.541713e-001
  2.256353e+001  8.499251e-001
  2.570656e+001  8.460583e-001
  2.947820e+001  8.411656e-001
  3.400417e+001  8.353997e-001
  3.943533e+001  8.288602e-001
  4.595272e+001  8.233604e-001
  5.247011e+001  8.181760e-001
  5.898750e+001  8.132429e-001
  6.441866e+001  8.088016e-001
  7.093606e+001  8.034099e-001
  7.875693e+001  7.983681e-001
  8.725693e+001  7.924635e-001
  9.575693e+001  7.864824e-001
  1.042569e+002  7.806002e-001
  1.127569e+002  7.761054e-001
  1.212569e+002  7.716112e-001
  1.297569e+002  7.667813e-001
  1.382569e+002  7.626235e-001
  1.467569e+002  7.581114e-001
  1.552569e+002  7.534695e-001
  1.637569e+002  7.488206e-001
  1.722569e+002  7.442252e-001
  1.807569e+002  7.397097e-001
  1.892569e+002  7.361458e-001
  1.977569e+002  7.322578e-001
  2.062569e+002  7.282289e-001
  2.147569e+002  7.241619e-001
  2.232569e+002  7.201096e-001
  2.317569e+002  7.168462e-001
  2.402569e+002  7.136622e-001
  2.487569e+002  7.101609e-001
  2.572569e+002  7.065077e-001
  2.657569e+002  7.027973e-001
  2.742569e+002  6.998390e-001
  2.813403e+002  6.970909e-001
  2.898403e+002  6.936234e-001
  2.983403e+002  6.900839e-001
  3.068403e+002  6.865248e-001
  3.153403e+002  6.829727e-001
  3.238403e+002  6.794406e-001
  3.323403e+002  6.759342e-001
  3.408403e+002  6.724557e-001
  3.493403e+002  6.690052e-001
  3.578403e+002  6.663404e-001
  3.663403e+002  6.633535e-001
  3.748403e+002  6.601952e-001
  3.833403e+002  6.569547e-001
  3.918403e+002  6.536808e-001
  4.003403e+002  6.503990e-001
  4.088403e+002  6.471221e-001
  4.173403e+002  6.445315e-001
  4.258403e+002  6.419938e-001
  4.343403e+002  6.391435e-001
  4.428403e+002  6.366654e-001
  4.513403e+002  6.338603e-001
  4.598403e+002  6.308747e-001
  4.683403e+002  6.277965e-001
  4.768403e+002  6.252074e-001
  4.853403e+002  6.223568e-001
  4.938403e+002  6.193647e-001
  5.023403e+002  6.163006e-001
  5.108403e+002  6.132024e-001
  5.193403e+002  6.100896e-001
  5.278403e+002  6.069725e-001
  5.363403e+002  6.038560e-001
  5.448403e+002  6.007421e-001
  5.533403e+002  5.976319e-001
  5.618403e+002  5.945254e-001
  5.703403e+002  5.914224e-001
  5.788403e+002  5.883225e-001
  5.873403e+002  5.852252e-001
  5.958403e+002  5.821171e-001
  6.043403e+002  5.796862e-001
  6.128403e+002  5.769570e-001
  6.213403e+002  5.740591e-001
  6.298403e+002  5.710693e-001
  6.383403e+002  5.680301e-001
  6.468403e+002  5.649641e-001
  6.553403e+002  5.618827e-001
  6.638403e+002  5.594948e-001
  6.723403e+002  5.567857e-001
  6.808403e+002  5.538918e-001
  6.893403e+002  5.508952e-001
  6.978403e+002  5.478413e-001
  7.063403e+002  5.447545e-001
  7.148403e+002  5.416470e-001
  7.233403e+002  5.385253e-001
  7.318403e+002  5.353922e-001
  7.403403e+002  5.322490e-001
  7.488403e+002  5.290961e-001
  7.573403e+002  5.259331e-001
  7.658403e+002  5.227600e-001
  7.743403e+002  5.195761e-001
  7.828403e+002  5.163808e-001
  7.913403e+002  5.131735e-001
  7.998403e+002  5.099537e-001
  8.083403e+002  5.067206e-001
  8.168403e+002  5.034735e-001
  8.253403e+002  5.002118e-001
  8.338403e+002  4.969346e-001
  8.423403e+002  4.936413e-001
  8.508403e+002  4.903311e-001
  8.593403e+002  4.870032e-001
  8.678403e+002  4.836566e-001
  8.763403e+002  4.807147e-001
  8.848403e+002  4.780154e-001
  8.933403e+002  4.749908e-001
  9.018403e+002  4.717731e-001
  9.103403e+002  4.684400e-001
  9.188403e+002  4.650340e-001
  9.273403e+002  4.615773e-001
  9.358403e+002  4.587539e-001
  9.443403e+002  4.559281e-001
  9.528403e+002  4.527610e-001
  9.613403e+002  4.493887e-001
  9.698403e+002  4.458908e-001
  9.783403e+002  4.423108e-001
  9.868403e+002  4.386711e-001
  9.953403e+002  4.349831e-001
  1.003840e+003  4.319718e-001
  1.012340e+003  4.286010e-001
  1.020840e+003  4.250107e-001
  1.029340e+003  4.212825e-001
  1.037840e+003  4.174603e-001
  1.046340e+003  4.135667e-001
  1.054840e+003  4.096125e-001
  1.063340e+003  4.056024e-001
  1.071840e+003  4.015377e-001
  1.080340e+003  3.974178e-001
  1.088840e+003  3.932409e-001
  1.097340e+003  3.890050e-001
  1.105840e+003  3.847073e-001
  1.114340e+003  3.803448e-001
  1.122840e+003  3.759142e-001
  1.131340e+003  3.714117e-001
  1.139840e+003  3.668335e-001
  1.148340e+003  3.621031e-001
  1.156840e+003  3.573236e-001
  1.165340e+003  3.524727e-001
  1.173840e+003  3.475355e-001
  1.182340e+003  3.434718e-001
  1.190840e+003  3.392775e-001
  1.199340e+003  3.350860e-001
  1.207840e+003  3.303434e-001
  1.216340e+003  3.256386e-001
  1.224840e+003  3.204974e-001
  1.233340e+003  3.150471e-001
  1.241840e+003  3.093530e-001
  1.250340e+003  3.042000e-001
  1.258840e+003  2.985236e-001
  1.267340e+003  2.924647e-001
  1.275840e+003  2.860924e-001
  1.284340e+003  2.794330e-001
  1.292840e+003  2.724874e-001
  1.301340e+003  2.652410e-001
  1.309840e+003  2.576679e-001
  1.318340e+003  2.497328e-001
  1.326840e+003  2.413903e-001
  1.335340e+003  2.325839e-001
  1.343840e+003  2.232420e-001
  1.352340e+003  2.132739e-001
  1.360840e+003  2.025615e-001
  1.369340e+003  1.910167e-001
  1.377840e+003  1.787405e-001
  1.386340e+003  1.648316e-001
  1.393424e+003  1.514599e-001
  1.400507e+003  1.349378e-001
  1.409007e+003  1.031879e-001
  1.414022e+003  6.730078e-002
  1.415644e+003  4.979716e-002
  1.416242e+003  4.207303e-002
  1.416841e+003  2.768746e-002
  1.417105e+003  1.530601e-002
  1.417161e+003  1.239744e-002
  1.417208e+003  8.340573e-003
  1.417225e+003  6.148495e-003
