HISTORY PLOT
job1

Curve 1
X : Time
Y : Displacement Y [Node 1]

       X              Y       
------------------------------
  0.000000e+000  0.000000e+000
  2.600000e-001 -3.629348e+000
  5.200000e-001 -4.284050e+000
  8.320000e-001 -4.841378e+000
  1.206400e+000 -5.221470e+000
  1.580800e+000 -5.484890e+000
  1.955200e+000 -6.186594e+000
  2.329600e+000 -6.687229e+000
  2.704000e+000 -7.066288e+000
  3.078400e+000 -7.438341e+000
  3.527680e+000 -7.834316e+000
  4.066816e+000 -8.235626e+000
  4.713779e+000 -8.635026e+000
  5.490135e+000 -8.997693e+000
  6.421762e+000 -9.290061e+000
  7.353389e+000 -9.548132e+000
  8.285016e+000 -9.814169e+000
  9.402968e+000 -1.011897e+001
  1.074451e+001 -1.037345e+001
  1.208605e+001 -1.064068e+001
  1.369591e+001 -1.095128e+001
  1.562773e+001 -1.129593e+001
  1.794591e+001 -1.166859e+001
  2.072774e+001 -1.206580e+001
  2.406593e+001 -1.236891e+001
  2.740411e+001 -1.264182e+001
  3.140994e+001 -1.299382e+001
  3.621693e+001 -1.340724e+001
  4.198532e+001 -1.375135e+001
  4.890738e+001 -1.419079e+001
  5.721386e+001 -1.470186e+001
  6.718164e+001 -1.526702e+001
  7.914297e+001 -1.573327e+001
  9.110430e+001 -1.615214e+001
  1.030656e+002 -1.659528e+001
  1.160656e+002 -1.707004e+001
  1.290656e+002 -1.743394e+001
  1.420656e+002 -1.781905e+001
  1.550656e+002 -1.820368e+001
  1.680656e+002 -1.857738e+001
  1.810656e+002 -1.885107e+001
  1.940656e+002 -1.912965e+001
  2.070656e+002 -1.942780e+001
  2.200656e+002 -1.967963e+001
  2.330656e+002 -1.995312e+001
  2.460656e+002 -2.023376e+001
  2.590656e+002 -2.051357e+001
  2.720656e+002 -2.078865e+001
  2.850656e+002 -2.105737e+001
  2.980656e+002 -2.126401e+001
  3.110656e+002 -2.149036e+001
  3.240656e+002 -2.172488e+001
  3.370656e+002 -2.196104e+001
  3.500656e+002 -2.219547e+001
  3.630656e+002 -2.242661e+001
  3.760656e+002 -2.260740e+001
  3.890656e+002 -2.278917e+001
  4.020656e+002 -2.296550e+001
  4.150656e+002 -2.315893e+001
  4.280656e+002 -2.336035e+001
  4.410656e+002 -2.353037e+001
  4.540656e+002 -2.371627e+001
  4.670656e+002 -2.390973e+001
  4.800656e+002 -2.410596e+001
  4.930656e+002 -2.430241e+001
  5.060656e+002 -2.449780e+001
  5.190656e+002 -2.469151e+001
  5.320656e+002 -2.488330e+001
  5.450656e+002 -2.507308e+001
  5.580656e+002 -2.526087e+001
  5.710656e+002 -2.544673e+001
  5.840656e+002 -2.559135e+001
  5.970656e+002 -2.575230e+001
  6.100656e+002 -2.592180e+001
  6.230656e+002 -2.609523e+001
  6.360656e+002 -2.627008e+001
  6.490656e+002 -2.644505e+001
  6.620656e+002 -2.661949e+001
  6.750656e+002 -2.676012e+001
  6.880656e+002 -2.689316e+001
  7.010656e+002 -2.704329e+001
  7.140656e+002 -2.718250e+001
  7.270656e+002 -2.733550e+001
  7.400656e+002 -2.749586e+001
  7.530656e+002 -2.765983e+001
  7.660656e+002 -2.779201e+001
  7.790656e+002 -2.793974e+001
  7.920656e+002 -2.809602e+001
  8.050656e+002 -2.825667e+001
  8.180656e+002 -2.841940e+001
  8.310656e+002 -2.858297e+001
  8.440656e+002 -2.874678e+001
  8.570656e+002 -2.891050e+001
  8.700656e+002 -2.907400e+001
  8.830656e+002 -2.923722e+001
  8.960656e+002 -2.940014e+001
  9.090656e+002 -2.956277e+001
  9.220656e+002 -2.972515e+001
  9.350656e+002 -2.988730e+001
  9.480656e+002 -3.004926e+001
  9.610656e+002 -3.021160e+001
  9.740656e+002 -3.033787e+001
  9.870656e+002 -3.047987e+001
  1.000066e+003 -3.063084e+001
  1.013066e+003 -3.078670e+001
  1.026066e+003 -3.094519e+001
  1.039066e+003 -3.110511e+001
  1.052066e+003 -3.126585e+001
  1.065066e+003 -3.139572e+001
  1.078066e+003 -3.154008e+001
  1.091066e+003 -3.167151e+001
  1.101899e+003 -3.179278e+001
  1.114899e+003 -3.194625e+001
  1.127899e+003 -3.210421e+001
  1.140899e+003 -3.226474e+001
  1.153899e+003 -3.242683e+001
  1.166899e+003 -3.258996e+001
  1.179899e+003 -3.272575e+001
  1.190732e+003 -3.285008e+001
  1.203732e+003 -3.300688e+001
  1.216732e+003 -3.316808e+001
  1.229732e+003 -3.333191e+001
  1.242732e+003 -3.349747e+001
  1.255732e+003 -3.366428e+001
  1.268732e+003 -3.383211e+001
  1.281732e+003 -3.400087e+001
  1.294732e+003 -3.417052e+001
  1.307732e+003 -3.434106e+001
  1.320732e+003 -3.451252e+001
  1.333732e+003 -3.468492e+001
  1.346732e+003 -3.485831e+001
  1.359732e+003 -3.503273e+001
  1.372732e+003 -3.520824e+001
  1.385732e+003 -3.538486e+001
  1.398732e+003 -3.556267e+001
  1.411732e+003 -3.574171e+001
  1.424732e+003 -3.589214e+001
  1.435566e+003 -3.602975e+001
  1.448566e+003 -3.620354e+001
  1.461566e+003 -3.638270e+001
  1.474566e+003 -3.656546e+001
  1.487566e+003 -3.675090e+001
  1.500566e+003 -3.690792e+001
  1.513566e+003 -3.706071e+001
  1.526566e+003 -3.722048e+001
  1.539566e+003 -3.739600e+001
  1.552566e+003 -3.758120e+001
  1.565566e+003 -3.773407e+001
  1.576399e+003 -3.787896e+001
  1.589399e+003 -3.806559e+001
  1.602399e+003 -3.826031e+001
  1.615399e+003 -3.846053e+001
  1.628399e+003 -3.863383e+001
  1.639232e+003 -3.879253e+001
  1.652232e+003 -3.899349e+001
  1.665232e+003 -3.920148e+001
  1.678232e+003 -3.941469e+001
  1.691232e+003 -3.963219e+001
  1.704232e+003 -3.985357e+001
  1.717232e+003 -4.007868e+001
  1.730232e+003 -4.030755e+001
  1.743232e+003 -4.054026e+001
  1.756232e+003 -4.077695e+001
  1.769232e+003 -4.101780e+001
  1.782232e+003 -4.126302e+001
  1.795232e+003 -4.151284e+001
  1.808232e+003 -4.176751e+001
  1.821232e+003 -4.202730e+001
  1.834232e+003 -4.229250e+001
  1.847232e+003 -4.256345e+001
  1.860232e+003 -4.284461e+001
  1.873232e+003 -4.313016e+001
  1.886232e+003 -4.342155e+001
  1.899232e+003 -4.371981e+001
  1.912232e+003 -4.402571e+001
  1.925232e+003 -4.434555e+001
  1.938232e+003 -4.467686e+001
  1.951232e+003 -4.501399e+001
  1.964232e+003 -4.535981e+001
  1.977232e+003 -4.571624e+001
  1.990232e+003 -4.608483e+001
  2.003232e+003 -4.640454e+001
  2.016232e+003 -4.676418e+001
  2.029232e+003 -4.715397e+001
  2.042232e+003 -4.756916e+001
  2.055232e+003 -4.800811e+001
  2.068232e+003 -4.847116e+001
  2.081232e+003 -4.895992e+001
  2.094232e+003 -4.947694e+001
  2.107232e+003 -5.002571e+001
  2.120232e+003 -5.061067e+001
  2.133232e+003 -5.123740e+001
  2.146232e+003 -5.191301e+001
  2.159232e+003 -5.264666e+001
  2.172232e+003 -5.345035e+001
  2.185232e+003 -5.434027e+001
  2.198232e+003 -5.533486e+001
  2.211232e+003 -5.642075e+001
  2.224232e+003 -5.775094e+001
  2.235066e+003 -5.913150e+001
  2.245899e+003 -6.089809e+001
  2.258899e+003 -6.463316e+001
  2.263469e+003 -6.672166e+001
  2.268039e+003 -7.089119e+001
  2.269896e+003 -7.473461e+001
  2.270618e+003 -7.864112e+001
  2.270825e+003 -8.142215e+001
  2.270896e+003 -8.333618e+001
  2.270937e+003 -8.578069e+001
  2.270963e+003 -8.909324e+001

Curve 2
X : Time
Y : Thickness of Element [Node 1]

       X              Y       
------------------------------
  0.000000e+000  9.300000e-001
  2.600000e-001  9.250629e-001
  5.200000e-001  9.227454e-001
  8.320000e-001  9.204182e-001
  1.206400e+000  9.186450e-001
  1.580800e+000  9.173299e-001
  1.955200e+000  9.134445e-001
  2.329600e+000  9.104356e-001
  2.704000e+000  9.080114e-001
  3.078400e+000  9.055262e-001
  3.527680e+000  9.027574e-001
  4.066816e+000  8.998140e-001
  4.713779e+000  8.967436e-001
  5.490135e+000  8.938312e-001
  6.421762e+000  8.913803e-001
  7.353389e+000  8.891528e-001
  8.285016e+000  8.868030e-001
  9.402968e+000  8.840431e-001
  1.074451e+001  8.816689e-001
  1.208605e+001  8.791214e-001
  1.369591e+001  8.760909e-001
  1.562773e+001  8.726407e-001
  1.794591e+001  8.688066e-001
  2.072774e+001  8.646020e-001
  2.406593e+001  8.612978e-001
  2.740411e+001  8.582647e-001
  3.140994e+001  8.542793e-001
  3.621693e+001  8.494915e-001
  4.198532e+001  8.453975e-001
  4.890738e+001  8.400547e-001
  5.721386e+001  8.336836e-001
  6.718164e+001  8.264432e-001
  7.914297e+001  8.202728e-001
  9.110430e+001  8.146085e-001
  1.030656e+002  8.085158e-001
  1.160656e+002  8.018718e-001
  1.290656e+002  7.966682e-001
  1.420656e+002  7.910847e-001
  1.550656e+002  7.854305e-001
  1.680656e+002  7.798625e-001
  1.810656e+002  7.757299e-001
  1.940656e+002  7.714777e-001
  2.070656e+002  7.668926e-001
  2.200656e+002  7.629819e-001
  2.330656e+002  7.587062e-001
  2.460656e+002  7.542871e-001
  2.590656e+002  7.498483e-001
  2.720656e+002  7.454521e-001
  2.850656e+002  7.411269e-001
  2.980656e+002  7.377740e-001
  3.110656e+002  7.340817e-001
  3.240656e+002  7.302351e-001
  3.370656e+002  7.263403e-001
  3.500656e+002  7.224530e-001
  3.630656e+002  7.186003e-001
  3.760656e+002  7.155702e-001
  3.890656e+002  7.125114e-001
  4.020656e+002  7.095344e-001
  4.150656e+002  7.062597e-001
  4.280656e+002  7.028390e-001
  4.410656e+002  6.999392e-001
  4.540656e+002  6.967604e-001
  4.670656e+002  6.934431e-001
  4.800656e+002  6.900684e-001
  4.930656e+002  6.866798e-001
  5.060656e+002  6.832996e-001
  5.190656e+002  6.799387e-001
  5.320656e+002  6.766017e-001
  5.450656e+002  6.732905e-001
  5.580656e+002  6.700053e-001
  5.710656e+002  6.667454e-001
  5.840656e+002  6.642014e-001
  5.970656e+002  6.613645e-001
  6.100656e+002  6.583710e-001
  6.230656e+002  6.553017e-001
  6.360656e+002  6.522011e-001
  6.490656e+002  6.490923e-001
  6.620656e+002  6.459871e-001
  6.750656e+002  6.434788e-001
  6.880656e+002  6.411031e-001
  7.010656e+002  6.384197e-001
  7.140656e+002  6.359277e-001
  7.270656e+002  6.331866e-001
  7.400656e+002  6.303109e-001
  7.530656e+002  6.273676e-001
  7.660656e+002  6.249917e-001
  7.790656e+002  6.223341e-001
  7.920656e+002  6.195206e-001
  8.050656e+002  6.166259e-001
  8.180656e+002  6.136915e-001
  8.310656e+002  6.107392e-001
  8.440656e+002  6.077806e-001
  8.570656e+002  6.048212e-001
  8.700656e+002  6.018638e-001
  8.830656e+002  5.989094e-001
  8.960656e+002  5.959585e-001
  9.090656e+002  5.930109e-001
  9.220656e+002  5.900663e-001
  9.350656e+002  5.871243e-001
  9.480656e+002  5.841844e-001
  9.610656e+002  5.812345e-001
  9.740656e+002  5.789399e-001
  9.870656e+002  5.763582e-001
  1.000066e+003  5.736129e-001
  1.013066e+003  5.707780e-001
  1.026066e+003  5.678948e-001
  1.039066e+003  5.649850e-001
  1.052066e+003  5.620602e-001
  1.065066e+003  5.596967e-001
  1.078066e+003  5.570701e-001
  1.091066e+003  5.546788e-001
  1.101899e+003  5.524731e-001
  1.114899e+003  5.496822e-001
  1.127899e+003  5.468115e-001
  1.140899e+003  5.438955e-001
  1.153899e+003  5.409526e-001
  1.166899e+003  5.379924e-001
  1.179899e+003  5.355284e-001
  1.190732e+003  5.332737e-001
  1.203732e+003  5.304311e-001
  1.216732e+003  5.275112e-001
  1.229732e+003  5.245456e-001
  1.242732e+003  5.215514e-001
  1.255732e+003  5.185371e-001
  1.268732e+003  5.155068e-001
  1.281732e+003  5.124627e-001
  1.294732e+003  5.094054e-001
  1.307732e+003  5.063350e-001
  1.320732e+003  5.032514e-001
  1.333732e+003  5.001540e-001
  1.346732e+003  4.970424e-001
  1.359732e+003  4.939160e-001
  1.372732e+003  4.907742e-001
  1.385732e+003  4.876162e-001
  1.398732e+003  4.844414e-001
  1.411732e+003  4.812490e-001
  1.424732e+003  4.785695e-001
  1.435566e+003  4.761210e-001
  1.448566e+003  4.730321e-001
  1.461566e+003  4.698528e-001
  1.474566e+003  4.666153e-001
  1.487566e+003  4.633360e-001
  1.500566e+003  4.605643e-001
  1.513566e+003  4.578714e-001
  1.526566e+003  4.550593e-001
  1.539566e+003  4.519757e-001
  1.552566e+003  4.487288e-001
  1.565566e+003  4.460547e-001
  1.576399e+003  4.435246e-001
  1.589399e+003  4.402710e-001
  1.602399e+003  4.368848e-001
  1.615399e+003  4.334123e-001
  1.628399e+003  4.304138e-001
  1.639232e+003  4.276742e-001
  1.652232e+003  4.242124e-001
  1.665232e+003  4.206401e-001
  1.678232e+003  4.169899e-001
  1.691232e+003  4.132784e-001
  1.704232e+003  4.095137e-001
  1.717232e+003  4.056990e-001
  1.730232e+003  4.018349e-001
  1.743232e+003  3.979208e-001
  1.756232e+003  3.939551e-001
  1.769232e+003  3.899361e-001
  1.782232e+003  3.858612e-001
  1.795232e+003  3.817280e-001
  1.808232e+003  3.775335e-001
  1.821232e+003  3.732747e-001
  1.834232e+003  3.689483e-001
  1.847232e+003  3.645507e-001
  1.860232e+003  3.600104e-001
  1.873232e+003  3.554239e-001
  1.886232e+003  3.507704e-001
  1.899232e+003  3.460365e-001
  1.912232e+003  3.412123e-001
  1.925232e+003  3.362018e-001
  1.938232e+003  3.310467e-001
  1.951232e+003  3.258395e-001
  1.964232e+003  3.205412e-001
  1.977232e+003  3.151266e-001
  1.990232e+003  3.095775e-001
  2.003232e+003  3.048087e-001
  2.016232e+003  2.994841e-001
  2.029232e+003  2.937661e-001
  2.042232e+003  2.877398e-001
  2.055232e+003  2.814423e-001
  2.068232e+003  2.748826e-001
  2.081232e+003  2.680527e-001
  2.094232e+003  2.609332e-001
  2.107232e+003  2.534961e-001
  2.120232e+003  2.457052e-001
  2.133232e+003  2.375152e-001
  2.146232e+003  2.288698e-001
  2.159232e+003  2.196987e-001
  2.172232e+003  2.099124e-001
  2.185232e+003  1.993950e-001
  2.198232e+003  1.880089e-001
  2.211232e+003  1.759603e-001
  2.224232e+003  1.617641e-001
  2.235066e+003  1.477711e-001
  2.245899e+003  1.309452e-001
  2.258899e+003  9.844416e-002
  2.263469e+003  8.324992e-002
  2.268039e+003  5.589268e-002
  2.269896e+003  3.590246e-002
  2.270618e+003  2.009822e-002
  2.270825e+003  1.281445e-002
  2.270896e+003  9.495979e-003
  2.270937e+003  6.611346e-003
  2.270963e+003  4.224350e-003
