HISTORY PLOT
job1

Curve 1
X : Time
Y : Displacement Y [Node 1]

       X              Y       
------------------------------
  0.000000e+000  0.000000e+000
  1.700000e-001 -2.894973e+000
  3.400000e-001 -3.438619e+000
  5.440000e-001 -3.773245e+000
  7.480000e-001 -4.009459e+000
  9.520000e-001 -4.281192e+000
  1.196800e+000 -4.681334e+000
  1.490560e+000 -5.127355e+000
  1.843072e+000 -5.555109e+000
  2.266086e+000 -5.926804e+000
  2.773704e+000 -6.172756e+000
  3.382844e+000 -6.413189e+000
  3.991985e+000 -6.661563e+000
  4.722954e+000 -6.890562e+000
  5.600117e+000 -7.162099e+000
  6.652712e+000 -7.458259e+000
  7.915826e+000 -7.767788e+000
  9.431563e+000 -8.084967e+000
  1.125045e+001 -8.407555e+000
  1.343311e+001 -8.735235e+000
  1.605230e+001 -9.025364e+000
  1.919534e+001 -9.278939e+000
  2.233837e+001 -9.492894e+000
  2.611001e+001 -9.766791e+000
  3.063597e+001 -1.008497e+001
  3.606713e+001 -1.035611e+001
  4.149829e+001 -1.063762e+001
  4.801569e+001 -1.096216e+001
  5.583656e+001 -1.131992e+001
  6.433656e+001 -1.167040e+001
  7.283656e+001 -1.198597e+001
  8.133656e+001 -1.219168e+001
  8.983656e+001 -1.238869e+001
  9.833656e+001 -1.260178e+001
  1.068366e+002 -1.281702e+001
  1.153366e+002 -1.302698e+001
  1.238366e+002 -1.322853e+001
  1.323365e+002 -1.342072e+001
  1.408365e+002 -1.360368e+001
  1.493365e+002 -1.373444e+001
  1.578365e+002 -1.387865e+001
  1.663365e+002 -1.402758e+001
  1.748365e+002 -1.417624e+001
  1.833365e+002 -1.432211e+001
  1.918365e+002 -1.446408e+001
  2.003365e+002 -1.460176e+001
  2.088365e+002 -1.473514e+001
  2.173365e+002 -1.486438e+001
  2.258365e+002 -1.498969e+001
  2.343365e+002 -1.511132e+001
  2.428365e+002 -1.522950e+001
  2.513365e+002 -1.534448e+001
  2.598365e+002 -1.545655e+001
  2.683365e+002 -1.556585e+001
  2.768365e+002 -1.564737e+001
  2.853365e+002 -1.573818e+001
  2.938365e+002 -1.583338e+001
  3.023365e+002 -1.593002e+001
  3.108365e+002 -1.600619e+001
  3.193365e+002 -1.609075e+001
  3.278365e+002 -1.617935e+001
  3.363365e+002 -1.626936e+001
  3.448365e+002 -1.635933e+001
  3.533365e+002 -1.644854e+001
  3.618365e+002 -1.653660e+001
  3.703365e+002 -1.662337e+001
  3.788365e+002 -1.670878e+001
  3.873365e+002 -1.679283e+001
  3.958365e+002 -1.687555e+001
  4.043365e+002 -1.695698e+001
  4.128365e+002 -1.703716e+001
  4.213365e+002 -1.711612e+001
  4.298365e+002 -1.719392e+001
  4.383365e+002 -1.727060e+001
  4.468365e+002 -1.734620e+001
  4.553365e+002 -1.742076e+001
  4.638365e+002 -1.749432e+001
  4.723365e+002 -1.756690e+001
  4.808365e+002 -1.763854e+001
  4.893365e+002 -1.770928e+001
  4.978365e+002 -1.777913e+001
  5.063365e+002 -1.784814e+001
  5.148365e+002 -1.791633e+001
  5.233365e+002 -1.798372e+001
  5.318365e+002 -1.805034e+001
  5.403365e+002 -1.811621e+001
  5.488365e+002 -1.818136e+001
  5.573365e+002 -1.824581e+001
  5.658365e+002 -1.830957e+001
  5.743365e+002 -1.837267e+001
  5.828365e+002 -1.843513e+001
  5.913365e+002 -1.849695e+001
  5.998365e+002 -1.855817e+001
  6.083365e+002 -1.861880e+001
  6.168365e+002 -1.867885e+001
  6.253365e+002 -1.873834e+001
  6.338365e+002 -1.879730e+001
  6.423365e+002 -1.885575e+001
  6.508365e+002 -1.891369e+001
  6.593365e+002 -1.897115e+001
  6.678365e+002 -1.902812e+001
  6.763365e+002 -1.908462e+001
  6.848365e+002 -1.914067e+001
  6.933365e+002 -1.919627e+001
  7.018365e+002 -1.925142e+001
  7.103365e+002 -1.930615e+001
  7.188365e+002 -1.936046e+001
  7.273365e+002 -1.941435e+001
  7.358365e+002 -1.946784e+001
  7.443365e+002 -1.952093e+001
  7.528365e+002 -1.957360e+001
  7.613365e+002 -1.962587e+001
  7.698365e+002 -1.967778e+001
  7.783365e+002 -1.972932e+001
  7.868365e+002 -1.978050e+001
  7.953365e+002 -1.983137e+001
  8.038365e+002 -1.988192e+001
  8.123365e+002 -1.993214e+001
  8.208365e+002 -1.998203e+001
  8.293365e+002 -2.003160e+001
  8.378365e+002 -2.008085e+001
  8.463365e+002 -2.012979e+001
  8.548365e+002 -2.017843e+001
  8.633365e+002 -2.022676e+001
  8.718365e+002 -2.027480e+001
  8.803365e+002 -2.032254e+001
  8.888365e+002 -2.037001e+001
  8.973365e+002 -2.041719e+001
  9.058365e+002 -2.046409e+001
  9.143365e+002 -2.051073e+001
  9.228365e+002 -2.055710e+001
  9.313365e+002 -2.060320e+001
  9.398365e+002 -2.064905e+001
  9.483365e+002 -2.069465e+001
  9.568365e+002 -2.074000e+001
  9.653365e+002 -2.078510e+001
  9.738365e+002 -2.082996e+001
  9.823365e+002 -2.087458e+001
  9.908365e+002 -2.091897e+001
  9.993365e+002 -2.096313e+001
  1.007837e+003 -2.100706e+001
  1.016337e+003 -2.105078e+001
  1.024837e+003 -2.109427e+001
  1.033337e+003 -2.113754e+001
  1.041837e+003 -2.118061e+001
  1.050337e+003 -2.122344e+001
  1.058837e+003 -2.126608e+001
  1.067337e+003 -2.130852e+001
  1.075837e+003 -2.135077e+001
  1.084337e+003 -2.139282e+001
  1.092837e+003 -2.143468e+001
  1.101337e+003 -2.147634e+001
  1.109837e+003 -2.151782e+001
  1.118337e+003 -2.155912e+001
  1.126837e+003 -2.160023e+001
  1.135337e+003 -2.164116e+001
  1.143837e+003 -2.168192e+001
  1.152337e+003 -2.172250e+001
  1.160837e+003 -2.176291e+001
  1.169337e+003 -2.180315e+001
  1.177837e+003 -2.184323e+001
  1.186337e+003 -2.188314e+001
  1.194837e+003 -2.192288e+001
  1.203337e+003 -2.196247e+001
  1.211837e+003 -2.200190e+001
  1.220337e+003 -2.204117e+001
  1.228837e+003 -2.208029e+001
  1.237337e+003 -2.211926e+001
  1.245837e+003 -2.215808e+001
  1.254337e+003 -2.219675e+001
  1.262837e+003 -2.223528e+001
  1.271337e+003 -2.227366e+001
  1.279837e+003 -2.231190e+001
  1.288337e+003 -2.235001e+001
  1.296837e+003 -2.238797e+001
  1.305337e+003 -2.242580e+001
  1.313837e+003 -2.246349e+001
  1.322337e+003 -2.250106e+001
  1.330837e+003 -2.253850e+001
  1.339337e+003 -2.257582e+001
  1.347837e+003 -2.261301e+001
  1.356337e+003 -2.265009e+001
  1.364837e+003 -2.268705e+001
  1.373337e+003 -2.272389e+001
  1.381837e+003 -2.276062e+001
  1.390337e+003 -2.279723e+001
  1.398837e+003 -2.283372e+001
  1.407337e+003 -2.287010e+001
  1.415837e+003 -2.290637e+001
  1.424337e+003 -2.294253e+001
  1.432837e+003 -2.297858e+001
  1.441337e+003 -2.301453e+001
  1.449837e+003 -2.305037e+001
  1.458337e+003 -2.308610e+001
  1.466837e+003 -2.312173e+001
  1.475337e+003 -2.315725e+001
  1.483837e+003 -2.319267e+001
  1.492337e+003 -2.322799e+001
  1.500837e+003 -2.326322e+001
  1.509337e+003 -2.329834e+001
  1.517837e+003 -2.333337e+001
  1.526337e+003 -2.336830e+001
  1.534837e+003 -2.340313e+001
  1.543337e+003 -2.343787e+001
  1.551837e+003 -2.347252e+001
  1.560337e+003 -2.350709e+001
  1.568837e+003 -2.354156e+001
  1.577337e+003 -2.357594e+001
  1.585837e+003 -2.361023e+001
  1.594337e+003 -2.364443e+001
  1.602837e+003 -2.367854e+001
  1.611337e+003 -2.371257e+001
  1.619837e+003 -2.374652e+001
  1.628337e+003 -2.378038e+001
  1.636837e+003 -2.381416e+001
  1.645337e+003 -2.384785e+001
  1.653837e+003 -2.388146e+001
  1.662337e+003 -2.391499e+001
  1.670837e+003 -2.394844e+001
  1.679337e+003 -2.398181e+001
  1.687837e+003 -2.401511e+001
  1.696337e+003 -2.404832e+001
  1.700000e+003 -2.406263e+001

Curve 2
X : Time
Y : Thickness of Element [Node 1]

       X              Y       
------------------------------
  0.000000e+000  9.300000e-001
  1.700000e-001  9.264954e-001
  3.400000e-001  9.250076e-001
  5.440000e-001  9.238899e-001
  7.480000e-001  9.230301e-001
  9.520000e-001  9.219921e-001
  1.196800e+000  9.203140e-001
  1.490560e+000  9.183102e-001
  1.843072e+000  9.162254e-001
  2.266086e+000  9.142531e-001
  2.773704e+000  9.128663e-001
  3.382844e+000  9.114524e-001
  3.991985e+000  9.099421e-001
  4.722954e+000  9.085023e-001
  5.600117e+000  9.067366e-001
  6.652712e+000  9.047369e-001
  7.915826e+000  9.025631e-001
  9.431563e+000  9.002461e-001
  1.125045e+001  8.977965e-001
  1.343311e+001  8.952128e-001
  1.605230e+001  8.928441e-001
  1.919534e+001  8.907015e-001
  2.233837e+001  8.888507e-001
  2.611001e+001  8.864305e-001
  3.063597e+001  8.835458e-001
  3.606713e+001  8.810075e-001
  4.149829e+001  8.783114e-001
  4.801569e+001  8.751269e-001
  5.583656e+001  8.715213e-001
  6.433656e+001  8.678909e-001
  7.283656e+001  8.645371e-001
  8.133656e+001  8.623005e-001
  8.983656e+001  8.601263e-001
  9.833656e+001  8.577438e-001
  1.068366e+002  8.553052e-001
  1.153366e+002  8.528934e-001
  1.238366e+002  8.505472e-001
  1.323365e+002  8.482813e-001
  1.408365e+002  8.460981e-001
  1.493365e+002  8.445203e-001
  1.578365e+002  8.427653e-001
  1.663365e+002  8.409368e-001
  1.748365e+002  8.390954e-001
  1.833365e+002  8.372729e-001
  1.918365e+002  8.354843e-001
  2.003365e+002  8.337358e-001
  2.088365e+002  8.320287e-001
  2.173365e+002  8.303627e-001
  2.258365e+002  8.287358e-001
  2.343365e+002  8.271462e-001
  2.428365e+002  8.255917e-001
  2.513365e+002  8.240703e-001
  2.598365e+002  8.225800e-001
  2.683365e+002  8.211191e-001
  2.768365e+002  8.200246e-001
  2.853365e+002  8.188004e-001
  2.938365e+002  8.175116e-001
  3.023365e+002  8.161973e-001
  3.108365e+002  8.151578e-001
  3.193365e+002  8.139992e-001
  3.278365e+002  8.127804e-001
  3.363365e+002  8.115373e-001
  3.448365e+002  8.102895e-001
  3.533365e+002  8.090475e-001
  3.618365e+002  8.078165e-001
  3.703365e+002  8.065990e-001
  3.788365e+002  8.053960e-001
  3.873365e+002  8.042077e-001
  3.958365e+002  8.030339e-001
  4.043365e+002  8.018745e-001
  4.128365e+002  8.007290e-001
  4.213365e+002  7.995969e-001
  4.298365e+002  7.984778e-001
  4.383365e+002  7.973713e-001
  4.468365e+002  7.962769e-001
  4.553365e+002  7.951943e-001
  4.638365e+002  7.941231e-001
  4.723365e+002  7.930629e-001
  4.808365e+002  7.920133e-001
  4.893365e+002  7.909741e-001
  4.978365e+002  7.899449e-001
  5.063365e+002  7.889255e-001
  5.148365e+002  7.879154e-001
  5.233365e+002  7.869145e-001
  5.318365e+002  7.859225e-001
  5.403365e+002  7.849392e-001
  5.488365e+002  7.839642e-001
  5.573365e+002  7.829974e-001
  5.658365e+002  7.820386e-001
  5.743365e+002  7.810875e-001
  5.828365e+002  7.801439e-001
  5.913365e+002  7.792077e-001
  5.998365e+002  7.782786e-001
  6.083365e+002  7.773565e-001
  6.168365e+002  7.764412e-001
  6.253365e+002  7.755325e-001
  6.338365e+002  7.746303e-001
  6.423365e+002  7.737344e-001
  6.508365e+002  7.728447e-001
  6.593365e+002  7.719610e-001
  6.678365e+002  7.710831e-001
  6.763365e+002  7.702110e-001
  6.848365e+002  7.693446e-001
  6.933365e+002  7.684836e-001
  7.018365e+002  7.676281e-001
  7.103365e+002  7.667778e-001
  7.188365e+002  7.659326e-001
  7.273365e+002  7.650925e-001
  7.358365e+002  7.642573e-001
  7.443365e+002  7.634269e-001
  7.528365e+002  7.626013e-001
  7.613365e+002  7.617803e-001
  7.698365e+002  7.609639e-001
  7.783365e+002  7.601520e-001
  7.868365e+002  7.593444e-001
  7.953365e+002  7.585412e-001
  8.038365e+002  7.577421e-001
  8.123365e+002  7.569472e-001
  8.208365e+002  7.561564e-001
  8.293365e+002  7.553695e-001
  8.378365e+002  7.545867e-001
  8.463365e+002  7.538076e-001
  8.548365e+002  7.530324e-001
  8.633365e+002  7.522609e-001
  8.718365e+002  7.514930e-001
  8.803365e+002  7.507288e-001
  8.888365e+002  7.499681e-001
  8.973365e+002  7.492109e-001
  9.058365e+002  7.484571e-001
  9.143365e+002  7.477068e-001
  9.228365e+002  7.469597e-001
  9.313365e+002  7.462159e-001
  9.398365e+002  7.454753e-001
  9.483365e+002  7.447379e-001
  9.568365e+002  7.440036e-001
  9.653365e+002  7.432724e-001
  9.738365e+002  7.425442e-001
  9.823365e+002  7.418190e-001
  9.908365e+002  7.410967e-001
  9.993365e+002  7.403773e-001
  1.007837e+003  7.396607e-001
  1.016337e+003  7.389470e-001
  1.024837e+003  7.382360e-001
  1.033337e+003  7.375278e-001
  1.041837e+003  7.368222e-001
  1.050337e+003  7.361195e-001
  1.058837e+003  7.354193e-001
  1.067337e+003  7.347216e-001
  1.075837e+003  7.340264e-001
  1.084337e+003  7.333336e-001
  1.092837e+003  7.326434e-001
  1.101337e+003  7.319555e-001
  1.109837e+003  7.312701e-001
  1.118337e+003  7.305869e-001
  1.126837e+003  7.299061e-001
  1.135337e+003  7.292276e-001
  1.143837e+003  7.285514e-001
  1.152337e+003  7.278773e-001
  1.160837e+003  7.272055e-001
  1.169337e+003  7.265359e-001
  1.177837e+003  7.258683e-001
  1.186337e+003  7.252029e-001
  1.194837e+003  7.245395e-001
  1.203337e+003  7.238783e-001
  1.211837e+003  7.232190e-001
  1.220337e+003  7.225617e-001
  1.228837e+003  7.219064e-001
  1.237337e+003  7.212530e-001
  1.245837e+003  7.206016e-001
  1.254337e+003  7.199521e-001
  1.262837e+003  7.193044e-001
  1.271337e+003  7.186586e-001
  1.279837e+003  7.180146e-001
  1.288337e+003  7.173724e-001
  1.296837e+003  7.167320e-001
  1.305337e+003  7.160933e-001
  1.313837e+003  7.154564e-001
  1.322337e+003  7.148212e-001
  1.330837e+003  7.141876e-001
  1.339337e+003  7.135558e-001
  1.347837e+003  7.129256e-001
  1.356337e+003  7.122970e-001
  1.364837e+003  7.116700e-001
  1.373337e+003  7.110446e-001
  1.381837e+003  7.104208e-001
  1.390337e+003  7.097986e-001
  1.398837e+003  7.091779e-001
  1.407337e+003  7.085586e-001
  1.415837e+003  7.079409e-001
  1.424337e+003  7.073246e-001
  1.432837e+003  7.067099e-001
  1.441337e+003  7.060965e-001
  1.449837e+003  7.054846e-001
  1.458337e+003  7.048741e-001
  1.466837e+003  7.042650e-001
  1.475337e+003  7.036573e-001
  1.483837e+003  7.030509e-001
  1.492337e+003  7.024459e-001
  1.500837e+003  7.018421e-001
  1.509337e+003  7.012398e-001
  1.517837e+003  7.006387e-001
  1.526337e+003  7.000389e-001
  1.534837e+003  6.994404e-001
  1.543337e+003  6.988431e-001
  1.551837e+003  6.982471e-001
  1.560337e+003  6.976523e-001
  1.568837e+003  6.970587e-001
  1.577337e+003  6.964663e-001
  1.585837e+003  6.958751e-001
  1.594337e+003  6.952851e-001
  1.602837e+003  6.946962e-001
  1.611337e+003  6.941085e-001
  1.619837e+003  6.935220e-001
  1.628337e+003  6.929365e-001
  1.636837e+003  6.923522e-001
  1.645337e+003  6.917691e-001
  1.653837e+003  6.911869e-001
  1.662337e+003  6.906059e-001
  1.670837e+003  6.900259e-001
  1.679337e+003  6.894470e-001
  1.687837e+003  6.888692e-001
  1.696337e+003  6.882924e-001
  1.700000e+003  6.880440e-001
