HISTORY PLOT
job1

Curve 1
X : Time
Y : Displacement Y [Node 1]

       X              Y       
------------------------------
  0.000000e+000  0.000000e+000
  7.000000e-002 -3.852533e+000
  1.400000e-001 -4.819055e+000
  2.240000e-001 -5.366529e+000
  3.080000e-001 -5.720199e+000
  3.920000e-001 -5.999529e+000
  4.928000e-001 -6.572369e+000
  5.936000e-001 -6.990750e+000
  7.145600e-001 -7.471169e+000
  8.597120e-001 -7.960945e+000
  1.033894e+000 -8.437518e+000
  1.242913e+000 -8.896394e+000
  1.493736e+000 -9.204432e+000
  1.744559e+000 -9.478249e+000
  2.045546e+000 -9.814373e+000
  2.406730e+000 -1.019191e+001
  2.840152e+000 -1.059633e+001
  3.360258e+000 -1.101908e+001
  3.984385e+000 -1.145614e+001
  4.733337e+000 -1.190624e+001
  5.632080e+000 -1.223593e+001
  6.530823e+000 -1.253867e+001
  7.429566e+000 -1.282340e+001
  8.178518e+000 -1.307332e+001
  9.077261e+000 -1.336936e+001
  1.015575e+001 -1.364029e+001
  1.144994e+001 -1.393185e+001
  1.252843e+001 -1.419119e+001
  1.382262e+001 -1.450139e+001
  1.537565e+001 -1.485753e+001
  1.723928e+001 -1.525652e+001
  1.947565e+001 -1.557882e+001
  2.171201e+001 -1.589902e+001
  2.357564e+001 -1.613598e+001
  2.543927e+001 -1.639699e+001
  2.767563e+001 -1.671666e+001
  3.035926e+001 -1.709110e+001
  3.357962e+001 -1.742337e+001
  3.679998e+001 -1.777990e+001
  4.029998e+001 -1.816953e+001
  4.379998e+001 -1.854914e+001
  4.729998e+001 -1.883827e+001
  5.079998e+001 -1.910482e+001
  5.429998e+001 -1.936022e+001
  5.721665e+001 -1.956415e+001
  6.071665e+001 -1.983689e+001
  6.421664e+001 -2.012054e+001
  6.771664e+001 -2.040524e+001
  7.121664e+001 -2.068598e+001
  7.471664e+001 -2.096050e+001
  7.821664e+001 -2.117794e+001
  8.171664e+001 -2.138029e+001
  8.521664e+001 -2.160368e+001
  8.871664e+001 -2.183629e+001
  9.221664e+001 -2.207124e+001
  9.571664e+001 -2.230494e+001
  9.921664e+001 -2.250411e+001
  1.027166e+002 -2.268834e+001
  1.062166e+002 -2.288903e+001
  1.097166e+002 -2.306619e+001
  1.126333e+002 -2.322792e+001
  1.161333e+002 -2.342991e+001
  1.196333e+002 -2.363471e+001
  1.231333e+002 -2.383954e+001
  1.266333e+002 -2.404300e+001
  1.301333e+002 -2.424445e+001
  1.336333e+002 -2.444360e+001
  1.371333e+002 -2.464040e+001
  1.406333e+002 -2.483485e+001
  1.441333e+002 -2.502705e+001
  1.476333e+002 -2.521708e+001
  1.511333e+002 -2.540506e+001
  1.546333e+002 -2.554726e+001
  1.581333e+002 -2.570733e+001
  1.616333e+002 -2.587702e+001
  1.651333e+002 -2.605131e+001
  1.686333e+002 -2.622739e+001
  1.721333e+002 -2.640379e+001
  1.756333e+002 -2.657974e+001
  1.791333e+002 -2.672093e+001
  1.826333e+002 -2.687661e+001
  1.861333e+002 -2.704007e+001
  1.896333e+002 -2.718097e+001
  1.931333e+002 -2.733533e+001
  1.966333e+002 -2.749693e+001
  2.001333e+002 -2.766213e+001
  2.036333e+002 -2.779329e+001
  2.071333e+002 -2.794073e+001
  2.106333e+002 -2.809731e+001
  2.141333e+002 -2.825865e+001
  2.176333e+002 -2.842231e+001
  2.211333e+002 -2.858698e+001
  2.246333e+002 -2.875196e+001
  2.281333e+002 -2.891690e+001
  2.316333e+002 -2.908165e+001
  2.351333e+002 -2.924613e+001
  2.386333e+002 -2.941034e+001
  2.421333e+002 -2.957426e+001
  2.456333e+002 -2.973794e+001
  2.491333e+002 -2.990140e+001
  2.526333e+002 -3.006468e+001
  2.561333e+002 -3.022838e+001
  2.596333e+002 -3.036197e+001
  2.631333e+002 -3.050861e+001
  2.666333e+002 -3.066263e+001
  2.701333e+002 -3.082071e+001
  2.736333e+002 -3.098101e+001
  2.771333e+002 -3.114254e+001
  2.806333e+002 -3.130481e+001
  2.841333e+002 -3.143532e+001
  2.876333e+002 -3.158048e+001
  2.911333e+002 -3.173416e+001
  2.946333e+002 -3.189266e+001
  2.981333e+002 -3.202511e+001
  3.010500e+002 -3.214751e+001
  3.045500e+002 -3.230267e+001
  3.080500e+002 -3.246259e+001
  3.115500e+002 -3.262532e+001
  3.150500e+002 -3.278983e+001
  3.185500e+002 -3.295557e+001
  3.220500e+002 -3.312225e+001
  3.255500e+002 -3.328975e+001
  3.290500e+002 -3.345803e+001
  3.325500e+002 -3.362707e+001
  3.360500e+002 -3.379690e+001
  3.395500e+002 -3.396754e+001
  3.430500e+002 -3.413903e+001
  3.465500e+002 -3.431141e+001
  3.500500e+002 -3.448471e+001
  3.535500e+002 -3.465899e+001
  3.570500e+002 -3.483429e+001
  3.605500e+002 -3.501067e+001
  3.640500e+002 -3.518816e+001
  3.675500e+002 -3.536683e+001
  3.710500e+002 -3.554673e+001
  3.745500e+002 -3.572791e+001
  3.780500e+002 -3.587696e+001
  3.815500e+002 -3.602939e+001
  3.850500e+002 -3.619688e+001
  3.885500e+002 -3.637355e+001
  3.920500e+002 -3.655603e+001
  3.955500e+002 -3.674244e+001
  3.990500e+002 -3.693181e+001
  4.025500e+002 -3.708852e+001
  4.054666e+002 -3.722139e+001
  4.083833e+002 -3.736841e+001
  4.118833e+002 -3.755517e+001
  4.153833e+002 -3.770925e+001
  4.188833e+002 -3.788462e+001
  4.223833e+002 -3.807337e+001
  4.258833e+002 -3.827067e+001
  4.293833e+002 -3.847384e+001
  4.328833e+002 -3.864045e+001
  4.363833e+002 -3.882816e+001
  4.398833e+002 -3.902929e+001
  4.433833e+002 -3.923925e+001
  4.468833e+002 -3.945552e+001
  4.503833e+002 -3.967678e+001
  4.538833e+002 -3.990242e+001
  4.573833e+002 -4.013218e+001
  4.608833e+002 -4.036602e+001
  4.643833e+002 -4.060402e+001
  4.678833e+002 -4.084631e+001
  4.713833e+002 -4.109309e+001
  4.748833e+002 -4.134458e+001
  4.783833e+002 -4.160104e+001
  4.818833e+002 -4.186274e+001
  4.853833e+002 -4.213000e+001
  4.888833e+002 -4.240315e+001
  4.923833e+002 -4.268256e+001
  4.958833e+002 -4.297313e+001
  4.993833e+002 -4.326854e+001
  5.028833e+002 -4.357040e+001
  5.063833e+002 -4.387981e+001
  5.098833e+002 -4.413688e+001
  5.133833e+002 -4.442787e+001
  5.168833e+002 -4.474290e+001
  5.203833e+002 -4.507645e+001
  5.238833e+002 -4.542588e+001
  5.273833e+002 -4.579027e+001
  5.308833e+002 -4.616970e+001
  5.343833e+002 -4.649768e+001
  5.378833e+002 -4.686876e+001
  5.413833e+002 -4.727282e+001
  5.448833e+002 -4.770494e+001
  5.483833e+002 -4.816353e+001
  5.518833e+002 -4.864915e+001
  5.553833e+002 -4.916381e+001
  5.588833e+002 -4.971069e+001
  5.623833e+002 -5.029406e+001
  5.658833e+002 -5.091947e+001
  5.693833e+002 -5.159402e+001
  5.728833e+002 -5.232693e+001
  5.763833e+002 -5.313033e+001
  5.798833e+002 -5.402057e+001
  5.833833e+002 -5.502052e+001
  5.868833e+002 -5.618344e+001
  5.903833e+002 -5.752369e+001
  5.938833e+002 -5.926380e+001
  5.973833e+002 -6.189600e+001
  6.003000e+002 -6.643734e+001
  6.013516e+002 -6.963257e+001
  6.017885e+002 -7.195840e+001
  6.021525e+002 -7.640824e+001
  6.022377e+002 -7.858243e+001
  6.022829e+002 -8.060888e+001
  6.023070e+002 -8.257759e+001
  6.023209e+002 -8.539568e+001
  6.023279e+002 -8.836490e+001

Curve 2
X : Time
Y : Thickness of Element [Node 1]

       X              Y       
------------------------------
  0.000000e+000  9.300000e-001
  7.000000e-002  9.250499e-001
  1.400000e-001  9.214066e-001
  2.240000e-001  9.188431e-001
  3.080000e-001  9.170179e-001
  3.920000e-001  9.154930e-001
  4.928000e-001  9.120844e-001
  5.936000e-001  9.094508e-001
  7.145600e-001  9.062714e-001
  8.597120e-001  9.028334e-001
  1.033894e+000  8.992848e-001
  1.242913e+000  8.956745e-001
  1.493736e+000  8.931178e-001
  1.744559e+000  8.907731e-001
  2.045546e+000  8.878165e-001
  2.406730e+000  8.843913e-001
  2.840152e+000  8.805978e-001
  3.360258e+000  8.764916e-001
  3.984385e+000  8.720948e-001
  4.733337e+000  8.674065e-001
  5.632080e+000  8.638482e-001
  6.530823e+000  8.605003e-001
  7.429566e+000  8.572852e-001
  8.178518e+000  8.544179e-001
  9.077261e+000  8.509661e-001
  1.015575e+001  8.477542e-001
  1.144994e+001  8.442235e-001
  1.252843e+001  8.410355e-001
  1.382262e+001  8.371631e-001
  1.537565e+001  8.326401e-001
  1.723928e+001  8.274764e-001
  1.947565e+001  8.232155e-001
  2.171201e+001  8.189116e-001
  2.357564e+001  8.156866e-001
  2.543927e+001  8.120985e-001
  2.767563e+001  8.076535e-001
  3.035926e+001  8.023765e-001
  3.357962e+001  7.976103e-001
  3.679998e+001  7.924322e-001
  4.029998e+001  7.866984e-001
  4.379998e+001  7.810364e-001
  4.729998e+001  7.766631e-001
  5.079998e+001  7.725891e-001
  5.429998e+001  7.686527e-001
  5.721665e+001  7.654886e-001
  6.071665e+001  7.612303e-001
  6.421664e+001  7.567697e-001
  6.771664e+001  7.522584e-001
  7.121664e+001  7.477759e-001
  7.471664e+001  7.433603e-001
  7.821664e+001  7.398406e-001
  8.171664e+001  7.365387e-001
  8.521664e+001  7.328750e-001
  8.871664e+001  7.290398e-001
  9.221664e+001  7.251449e-001
  9.571664e+001  7.212504e-001
  9.921664e+001  7.179163e-001
  1.027166e+002  7.148152e-001
  1.062166e+002  7.114271e-001
  1.097166e+002  7.084232e-001
  1.126333e+002  7.056738e-001
  1.161333e+002  7.022298e-001
  1.196333e+002  6.987276e-001
  1.231333e+002  6.952138e-001
  1.266333e+002  6.917119e-001
  1.301333e+002  6.882337e-001
  1.336333e+002  6.847842e-001
  1.371333e+002  6.813653e-001
  1.406333e+002  6.779769e-001
  1.441333e+002  6.746183e-001
  1.476333e+002  6.712883e-001
  1.511333e+002  6.679856e-001
  1.546333e+002  6.654795e-001
  1.581333e+002  6.626527e-001
  1.616333e+002  6.596500e-001
  1.651333e+002  6.565595e-001
  1.686333e+002  6.534306e-001
  1.721333e+002  6.502900e-001
  1.756333e+002  6.471511e-001
  1.791333e+002  6.446269e-001
  1.826333e+002  6.418411e-001
  1.861333e+002  6.389130e-001
  1.896333e+002  6.363846e-001
  1.931333e+002  6.336123e-001
  1.966333e+002  6.307071e-001
  2.001333e+002  6.277342e-001
  2.036333e+002  6.253705e-001
  2.071333e+002  6.227110e-001
  2.106333e+002  6.198847e-001
  2.141333e+002  6.169699e-001
  2.176333e+002  6.140107e-001
  2.211333e+002  6.110310e-001
  2.246333e+002  6.080432e-001
  2.281333e+002  6.050537e-001
  2.316333e+002  6.020656e-001
  2.351333e+002  5.990801e-001
  2.386333e+002  5.960978e-001
  2.421333e+002  5.931187e-001
  2.456333e+002  5.901424e-001
  2.491333e+002  5.871684e-001
  2.526333e+002  5.841964e-001
  2.561333e+002  5.812138e-001
  2.596333e+002  5.787785e-001
  2.631333e+002  5.761046e-001
  2.666333e+002  5.732955e-001
  2.701333e+002  5.704118e-001
  2.736333e+002  5.674873e-001
  2.771333e+002  5.645400e-001
  2.806333e+002  5.615791e-001
  2.841333e+002  5.591971e-001
  2.876333e+002  5.565485e-001
  2.911333e+002  5.537458e-001
  2.946333e+002  5.508561e-001
  2.981333e+002  5.484412e-001
  3.010500e+002  5.462105e-001
  3.045500e+002  5.433833e-001
  3.080500e+002  5.404711e-001
  3.115500e+002  5.375095e-001
  3.150500e+002  5.345177e-001
  3.185500e+002  5.315057e-001
  3.220500e+002  5.284786e-001
  3.255500e+002  5.254388e-001
  3.290500e+002  5.223873e-001
  3.325500e+002  5.193243e-001
  3.360500e+002  5.162498e-001
  3.395500e+002  5.131633e-001
  3.430500e+002  5.100643e-001
  3.465500e+002  5.069524e-001
  3.500500e+002  5.038270e-001
  3.535500e+002  5.006873e-001
  3.570500e+002  4.975327e-001
  3.605500e+002  4.943627e-001
  3.640500e+002  4.911764e-001
  3.675500e+002  4.879731e-001
  3.710500e+002  4.847521e-001
  3.745500e+002  4.815126e-001
  3.780500e+002  4.788504e-001
  3.815500e+002  4.761302e-001
  3.850500e+002  4.731450e-001
  3.885500e+002  4.700005e-001
  3.920500e+002  4.667583e-001
  3.955500e+002  4.634523e-001
  3.990500e+002  4.601001e-001
  4.025500e+002  4.573315e-001
  4.054666e+002  4.549876e-001
  4.083833e+002  4.523977e-001
  4.118833e+002  4.491133e-001
  4.153833e+002  4.464096e-001
  4.188833e+002  4.433377e-001
  4.223833e+002  4.400391e-001
  4.258833e+002  4.365995e-001
  4.293833e+002  4.330672e-001
  4.328833e+002  4.301780e-001
  4.363833e+002  4.269294e-001
  4.398833e+002  4.234580e-001
  4.433833e+002  4.198449e-001
  4.468833e+002  4.161351e-001
  4.503833e+002  4.123524e-001
  4.538833e+002  4.085085e-001
  4.573833e+002  4.046086e-001
  4.608833e+002  4.006543e-001
  4.643833e+002  3.966456e-001
  4.678833e+002  3.925809e-001
  4.713833e+002  3.884582e-001
  4.748833e+002  3.842750e-001
  4.783833e+002  3.800283e-001
  4.818833e+002  3.757152e-001
  4.853833e+002  3.713320e-001
  4.888833e+002  3.668749e-001
  4.923833e+002  3.623399e-001
  4.958833e+002  3.576490e-001
  4.993833e+002  3.529066e-001
  5.028833e+002  3.480900e-001
  5.063833e+002  3.431845e-001
  5.098833e+002  3.391364e-001
  5.133833e+002  3.345772e-001
  5.168833e+002  3.296734e-001
  5.203833e+002  3.245198e-001
  5.238833e+002  3.191646e-001
  5.273833e+002  3.136288e-001
  5.308833e+002  3.079176e-001
  5.343833e+002  3.030285e-001
  5.378833e+002  2.975392e-001
  5.413833e+002  2.916192e-001
  5.448833e+002  2.853583e-001
  5.483833e+002  2.787952e-001
  5.518833e+002  2.719381e-001
  5.553833e+002  2.647762e-001
  5.588833e+002  2.572856e-001
  5.623833e+002  2.494317e-001
  5.658833e+002  2.411695e-001
  5.693833e+002  2.324421e-001
  5.728833e+002  2.231778e-001
  5.763833e+002  2.132848e-001
  5.798833e+002  2.026440e-001
  5.833833e+002  1.910967e-001
  5.868833e+002  1.781523e-001
  5.903833e+002  1.637968e-001
  5.938833e+002  1.461732e-001
  5.973833e+002  1.216338e-001
  6.003000e+002  8.426589e-002
  6.013516e+002  6.339980e-002
  6.017885e+002  5.064121e-002
  6.021525e+002  2.913346e-002
  6.022377e+002  2.170093e-002
  6.022829e+002  1.603265e-002
  6.023070e+002  1.178068e-002
  6.023209e+002  7.588993e-003
  6.023279e+002  4.956731e-003
