HISTORY PLOT
job1

Curve 1
X : Time
Y : Displacement Y [Node 1]

       X              Y       
------------------------------
  0.000000e+000  0.000000e+000
  1.300000e-001 -7.365164e-001
  2.600000e-001 -9.117063e-001
  4.160000e-001 -1.025729e+000
  6.032000e-001 -1.114049e+000
  8.278400e-001 -1.188894e+000
  1.097408e+000 -1.326221e+000
  1.420890e+000 -1.467179e+000
  1.809067e+000 -1.597368e+000
  2.274881e+000 -1.717026e+000
  2.833857e+000 -1.829214e+000
  3.504629e+000 -1.936738e+000
  4.309555e+000 -2.041719e+000
  5.275465e+000 -2.145710e+000
  6.434558e+000 -2.249861e+000
  7.825470e+000 -2.355056e+000
  9.494564e+000 -2.461999e+000
  1.149748e+001 -2.571270e+000
  1.390097e+001 -2.683372e+000
  1.678517e+001 -2.798749e+000
  2.024620e+001 -2.917811e+000
  2.439944e+001 -3.018150e+000
  2.938333e+001 -3.128691e+000
  3.436721e+001 -3.230408e+000
  3.935110e+001 -3.331241e+000
  4.533177e+001 -3.443018e+000
  5.183177e+001 -3.552435e+000
  5.833177e+001 -3.650938e+000
  6.483177e+001 -3.740302e+000
  7.133177e+001 -3.822113e+000
  7.783177e+001 -3.897644e+000
  8.433177e+001 -3.967893e+000
  9.083177e+001 -4.033645e+000
  9.733177e+001 -4.095519e+000
  1.038318e+002 -4.154015e+000
  1.103318e+002 -4.209538e+000
  1.168318e+002 -4.262423e+000
  1.233318e+002 -4.312949e+000
  1.298318e+002 -4.361351e+000
  1.363318e+002 -4.407831e+000
  1.428318e+002 -4.452560e+000
  1.493318e+002 -4.495688e+000
  1.558318e+002 -4.537346e+000
  1.623318e+002 -4.577647e+000
  1.688318e+002 -4.616693e+000
  1.753318e+002 -4.654572e+000
  1.818318e+002 -4.691366e+000
  1.883318e+002 -4.726899e+000
  1.948318e+002 -4.761639e+000
  2.013318e+002 -4.795546e+000
  2.078318e+002 -4.828634e+000
  2.143318e+002 -4.860940e+000
  2.208318e+002 -4.892502e+000
  2.273318e+002 -4.923359e+000
  2.338318e+002 -4.953548e+000
  2.403318e+002 -4.983101e+000
  2.468318e+002 -5.012052e+000
  2.533318e+002 -5.040427e+000
  2.598318e+002 -5.068255e+000
  2.663318e+002 -5.095560e+000
  2.728318e+002 -5.122365e+000
  2.793318e+002 -5.148691e+000
  2.858318e+002 -5.174560e+000
  2.923318e+002 -5.199989e+000
  2.988318e+002 -5.224997e+000
  3.053318e+002 -5.249599e+000
  3.118318e+002 -5.273813e+000
  3.183318e+002 -5.297652e+000
  3.248318e+002 -5.321130e+000
  3.313318e+002 -5.344260e+000
  3.378318e+002 -5.367054e+000
  3.443318e+002 -5.389525e+000
  3.508318e+002 -5.411683e+000
  3.573318e+002 -5.433538e+000
  3.638318e+002 -5.455101e+000
  3.703318e+002 -5.476381e+000
  3.768318e+002 -5.497386e+000
  3.833318e+002 -5.518126e+000
  3.898318e+002 -5.538609e+000
  3.963318e+002 -5.558842e+000
  4.028318e+002 -5.578832e+000
  4.093318e+002 -5.598587e+000
  4.158318e+002 -5.618113e+000
  4.223318e+002 -5.637416e+000
  4.288318e+002 -5.656504e+000
  4.353318e+002 -5.675382e+000
  4.418318e+002 -5.694054e+000
  4.483318e+002 -5.712528e+000
  4.548318e+002 -5.730807e+000
  4.613318e+002 -5.748898e+000
  4.678318e+002 -5.766804e+000
  4.743318e+002 -5.784531e+000
  4.808318e+002 -5.802082e+000
  4.873318e+002 -5.819462e+000
  4.938318e+002 -5.836676e+000
  5.003318e+002 -5.853726e+000
  5.068318e+002 -5.870617e+000
  5.133318e+002 -5.887352e+000
  5.198318e+002 -5.903936e+000
  5.263318e+002 -5.920371e+000
  5.328318e+002 -5.936661e+000
  5.393318e+002 -5.952808e+000
  5.458318e+002 -5.968816e+000
  5.523318e+002 -5.984689e+000
  5.588318e+002 -6.000428e+000
  5.653318e+002 -6.016036e+000
  5.718318e+002 -6.031517e+000
  5.783318e+002 -6.046872e+000
  5.848318e+002 -6.062105e+000
  5.913318e+002 -6.077218e+000
  5.978318e+002 -6.092212e+000
  6.043318e+002 -6.107091e+000
  6.108318e+002 -6.121857e+000
  6.173318e+002 -6.136511e+000
  6.238318e+002 -6.151057e+000
  6.303318e+002 -6.165495e+000
  6.368318e+002 -6.179871e+000
  6.433318e+002 -6.194092e+000
  6.498318e+002 -6.208207e+000
  6.563318e+002 -6.222208e+000
  6.628318e+002 -6.236125e+000
  6.693318e+002 -6.249996e+000
  6.758318e+002 -6.263802e+000
  6.823318e+002 -6.277607e+000
  6.888318e+002 -6.291360e+000
  6.953318e+002 -6.305045e+000
  7.018318e+002 -6.318657e+000
  7.083318e+002 -6.332188e+000
  7.148318e+002 -6.345640e+000
  7.213318e+002 -6.359014e+000
  7.278318e+002 -6.372235e+000
  7.343318e+002 -6.385435e+000
  7.408318e+002 -6.398581e+000
  7.473318e+002 -6.411659e+000
  7.538318e+002 -6.424665e+000
  7.603318e+002 -6.437599e+000
  7.668318e+002 -6.450467e+000
  7.733318e+002 -6.463263e+000
  7.798318e+002 -6.475988e+000
  7.863318e+002 -6.488645e+000
  7.928318e+002 -6.501231e+000
  7.993318e+002 -6.513749e+000
  8.058318e+002 -6.526197e+000
  8.123318e+002 -6.538578e+000
  8.188318e+002 -6.550891e+000
  8.253318e+002 -6.563137e+000
  8.318318e+002 -6.575316e+000
  8.383318e+002 -6.587430e+000
  8.448318e+002 -6.599420e+000
  8.513318e+002 -6.611334e+000
  8.578318e+002 -6.623183e+000
  8.643318e+002 -6.635019e+000
  8.708318e+002 -6.646809e+000
  8.773318e+002 -6.658543e+000
  8.838318e+002 -6.670216e+000
  8.903318e+002 -6.681828e+000
  8.968318e+002 -6.693379e+000
  9.033318e+002 -6.704871e+000
  9.098318e+002 -6.716301e+000
  9.163318e+002 -6.727673e+000
  9.228318e+002 -6.738986e+000
  9.293318e+002 -6.750240e+000
  9.358318e+002 -6.761437e+000
  9.423318e+002 -6.772577e+000
  9.488318e+002 -6.783660e+000
  9.553318e+002 -6.794687e+000
  9.618318e+002 -6.805659e+000
  9.683318e+002 -6.816576e+000
  9.748318e+002 -6.827438e+000
  9.813318e+002 -6.838246e+000
  9.878318e+002 -6.849002e+000
  9.943318e+002 -6.859704e+000
  1.000832e+003 -6.870354e+000
  1.007332e+003 -6.880952e+000
  1.013832e+003 -6.891499e+000
  1.020332e+003 -6.901995e+000
  1.026832e+003 -6.912441e+000
  1.033332e+003 -6.922837e+000
  1.039832e+003 -6.933185e+000
  1.046332e+003 -6.943483e+000
  1.052832e+003 -6.953732e+000
  1.059332e+003 -6.963935e+000
  1.065832e+003 -6.974055e+000
  1.072332e+003 -6.984152e+000
  1.078832e+003 -6.994211e+000
  1.085332e+003 -7.004228e+000
  1.091832e+003 -7.014200e+000
  1.098332e+003 -7.024128e+000
  1.104832e+003 -7.034011e+000
  1.111332e+003 -7.043850e+000
  1.117832e+003 -7.053646e+000
  1.124332e+003 -7.063399e+000
  1.130832e+003 -7.073109e+000
  1.137332e+003 -7.082777e+000
  1.143832e+003 -7.092402e+000
  1.150332e+003 -7.101986e+000
  1.156832e+003 -7.111530e+000
  1.163332e+003 -7.121032e+000
  1.169832e+003 -7.130495e+000
  1.176332e+003 -7.139917e+000
  1.182832e+003 -7.149301e+000
  1.189332e+003 -7.158645e+000
  1.195832e+003 -7.167951e+000
  1.202332e+003 -7.177218e+000
  1.208832e+003 -7.186448e+000
  1.215332e+003 -7.195640e+000
  1.221832e+003 -7.204795e+000
  1.228332e+003 -7.213913e+000
  1.234832e+003 -7.222996e+000
  1.241332e+003 -7.232041e+000
  1.247832e+003 -7.241052e+000
  1.254332e+003 -7.250026e+000
  1.260832e+003 -7.258966e+000
  1.267332e+003 -7.267871e+000
  1.273832e+003 -7.276742e+000
  1.280332e+003 -7.285579e+000
  1.286832e+003 -7.294382e+000
  1.293332e+003 -7.303151e+000
  1.300000e+003 -7.312113e+000

Curve 2
X : Time
Y : Thickness of Element [Node 1]

       X              Y       
------------------------------
  0.000000e+000  1.040000e+000
  1.300000e-001  1.038828e+000
  2.600000e-001  1.038179e+000
  4.160000e-001  1.037673e+000
  6.032000e-001  1.037234e+000
  8.278400e-001  1.036832e+000
  1.097408e+000  1.036002e+000
  1.420890e+000  1.035080e+000
  1.809067e+000  1.034146e+000
  2.274881e+000  1.033214e+000
  2.833857e+000  1.032273e+000
  3.504629e+000  1.031312e+000
  4.309555e+000  1.030317e+000
  5.275465e+000  1.029277e+000
  6.434558e+000  1.028181e+000
  7.825470e+000  1.027021e+000
  9.494564e+000  1.025785e+000
  1.149748e+001  1.024464e+000
  1.390097e+001  1.023049e+000
  1.678517e+001  1.021529e+000
  2.024620e+001  1.019893e+000
  2.439944e+001  1.018466e+000
  2.938333e+001  1.016859e+000
  3.436721e+001  1.015337e+000
  3.935110e+001  1.013791e+000
  4.533177e+001  1.012024e+000
  5.183177e+001  1.010238e+000
  5.833177e+001  1.008577e+000
  6.483177e+001  1.007027e+000
  7.133177e+001  1.005572e+000
  7.783177e+001  1.004197e+000
  8.433177e+001  1.002891e+000
  9.083177e+001  1.001646e+000
  9.733177e+001  1.000454e+000
  1.038318e+002  9.993093e-001
  1.103318e+002  9.982064e-001
  1.168318e+002  9.971412e-001
  1.233318e+002  9.961103e-001
  1.298318e+002  9.951106e-001
  1.363318e+002  9.941396e-001
  1.428318e+002  9.931949e-001
  1.493318e+002  9.922746e-001
  1.558318e+002  9.913769e-001
  1.623318e+002  9.905003e-001
  1.688318e+002  9.896433e-001
  1.753318e+002  9.888047e-001
  1.818318e+002  9.879834e-001
  1.883318e+002  9.871817e-001
  1.948318e+002  9.863934e-001
  2.013318e+002  9.856187e-001
  2.078318e+002  9.848576e-001
  2.143318e+002  9.841094e-001
  2.208318e+002  9.833735e-001
  2.273318e+002  9.826496e-001
  2.338318e+002  9.819368e-001
  2.403318e+002  9.812349e-001
  2.468318e+002  9.805433e-001
  2.533318e+002  9.798615e-001
  2.598318e+002  9.791892e-001
  2.663318e+002  9.785260e-001
  2.728318e+002  9.778715e-001
  2.793318e+002  9.772255e-001
  2.858318e+002  9.765875e-001
  2.923318e+002  9.759572e-001
  2.988318e+002  9.753345e-001
  3.053318e+002  9.747191e-001
  3.118318e+002  9.741106e-001
  3.183318e+002  9.735089e-001
  3.248318e+002  9.729138e-001
  3.313318e+002  9.723250e-001
  3.378318e+002  9.717423e-001
  3.443318e+002  9.711656e-001
  3.508318e+002  9.705946e-001
  3.573318e+002  9.700293e-001
  3.638318e+002  9.694694e-001
  3.703318e+002  9.689147e-001
  3.768318e+002  9.683652e-001
  3.833318e+002  9.678207e-001
  3.898318e+002  9.672811e-001
  3.963318e+002  9.667462e-001
  4.028318e+002  9.662159e-001
  4.093318e+002  9.656900e-001
  4.158318e+002  9.651686e-001
  4.223318e+002  9.646514e-001
  4.288318e+002  9.641384e-001
  4.353318e+002  9.636294e-001
  4.418318e+002  9.631245e-001
  4.483318e+002  9.626233e-001
  4.548318e+002  9.621260e-001
  4.613318e+002  9.616323e-001
  4.678318e+002  9.611423e-001
  4.743318e+002  9.606558e-001
  4.808318e+002  9.601728e-001
  4.873318e+002  9.596931e-001
  4.938318e+002  9.592168e-001
  5.003318e+002  9.587437e-001
  5.068318e+002  9.582738e-001
  5.133318e+002  9.578069e-001
  5.198318e+002  9.573432e-001
  5.263318e+002  9.568824e-001
  5.328318e+002  9.564245e-001
  5.393318e+002  9.559695e-001
  5.458318e+002  9.555174e-001
  5.523318e+002  9.550680e-001
  5.588318e+002  9.546213e-001
  5.653318e+002  9.541773e-001
  5.718318e+002  9.537359e-001
  5.783318e+002  9.532970e-001
  5.848318e+002  9.528607e-001
  5.913318e+002  9.524268e-001
  5.978318e+002  9.519954e-001
  6.043318e+002  9.515664e-001
  6.108318e+002  9.511397e-001
  6.173318e+002  9.507154e-001
  6.238318e+002  9.502933e-001
  6.303318e+002  9.498734e-001
  6.368318e+002  9.494558e-001
  6.433318e+002  9.490407e-001
  6.498318e+002  9.486278e-001
  6.563318e+002  9.482170e-001
  6.628318e+002  9.478082e-001
  6.693318e+002  9.474017e-001
  6.758318e+002  9.469970e-001
  6.823318e+002  9.465940e-001
  6.888318e+002  9.461928e-001
  6.953318e+002  9.457935e-001
  7.018318e+002  9.453960e-001
  7.083318e+002  9.450004e-001
  7.148318e+002  9.446065e-001
  7.213318e+002  9.442145e-001
  7.278318e+002  9.438246e-001
  7.343318e+002  9.434362e-001
  7.408318e+002  9.430496e-001
  7.473318e+002  9.426645e-001
  7.538318e+002  9.422812e-001
  7.603318e+002  9.418995e-001
  7.668318e+002  9.415195e-001
  7.733318e+002  9.411411e-001
  7.798318e+002  9.407643e-001
  7.863318e+002  9.403891e-001
  7.928318e+002  9.400155e-001
  7.993318e+002  9.396434e-001
  8.058318e+002  9.392729e-001
  8.123318e+002  9.389040e-001
  8.188318e+002  9.385365e-001
  8.253318e+002  9.381706e-001
  8.318318e+002  9.378061e-001
  8.383318e+002  9.374431e-001
  8.448318e+002  9.370819e-001
  8.513318e+002  9.367221e-001
  8.578318e+002  9.363638e-001
  8.643318e+002  9.360067e-001
  8.708318e+002  9.356510e-001
  8.773318e+002  9.352966e-001
  8.838318e+002  9.349436e-001
  8.903318e+002  9.345920e-001
  8.968318e+002  9.342417e-001
  9.033318e+002  9.338928e-001
  9.098318e+002  9.335453e-001
  9.163318e+002  9.331990e-001
  9.228318e+002  9.328541e-001
  9.293318e+002  9.325105e-001
  9.358318e+002  9.321681e-001
  9.423318e+002  9.318271e-001
  9.488318e+002  9.314873e-001
  9.553318e+002  9.311488e-001
  9.618318e+002  9.308115e-001
  9.683318e+002  9.304754e-001
  9.748318e+002  9.301406e-001
  9.813318e+002  9.298070e-001
  9.878318e+002  9.294746e-001
  9.943318e+002  9.291434e-001
  1.000832e+003  9.288133e-001
  1.007332e+003  9.284844e-001
  1.013832e+003  9.281567e-001
  1.020332e+003  9.278301e-001
  1.026832e+003  9.275047e-001
  1.033332e+003  9.271804e-001
  1.039832e+003  9.268572e-001
  1.046332e+003  9.265351e-001
  1.052832e+003  9.262141e-001
  1.059332e+003  9.258942e-001
  1.065832e+003  9.255755e-001
  1.072332e+003  9.252578e-001
  1.078832e+003  9.249411e-001
  1.085332e+003  9.246254e-001
  1.091832e+003  9.243108e-001
  1.098332e+003  9.239971e-001
  1.104832e+003  9.236845e-001
  1.111332e+003  9.233729e-001
  1.117832e+003  9.230623e-001
  1.124332e+003  9.227527e-001
  1.130832e+003  9.224441e-001
  1.137332e+003  9.221364e-001
  1.143832e+003  9.218297e-001
  1.150332e+003  9.215239e-001
  1.156832e+003  9.212191e-001
  1.163332e+003  9.209152e-001
  1.169832e+003  9.206123e-001
  1.176332e+003  9.203102e-001
  1.182832e+003  9.200091e-001
  1.189332e+003  9.197089e-001
  1.195832e+003  9.194095e-001
  1.202332e+003  9.191111e-001
  1.208832e+003  9.188136e-001
  1.215332e+003  9.185168e-001
  1.221832e+003  9.182210e-001
  1.228332e+003  9.179260e-001
  1.234832e+003  9.176319e-001
  1.241332e+003  9.173386e-001
  1.247832e+003  9.170462e-001
  1.254332e+003  9.167545e-001
  1.260832e+003  9.164637e-001
  1.267332e+003  9.161737e-001
  1.273832e+003  9.158845e-001
  1.280332e+003  9.155961e-001
  1.286832e+003  9.153085e-001
  1.293332e+003  9.150217e-001
  1.300000e+003  9.147282e-001
