HISTORY PLOT
job1

Curve 1
X : Time
Y : Displacement Y [Node 1]

       X              Y       
------------------------------
  0.000000e+000  0.000000e+000
  4.000000e-001 -1.862713e+000
  8.000000e-001 -2.283023e+000
  1.200000e+000 -2.534755e+000
  1.600000e+000 -2.711544e+000
  2.000000e+000 -2.854808e+000
  2.480000e+000 -3.169408e+000
  3.056000e+000 -3.484415e+000
  3.747200e+000 -3.774565e+000
  4.576640e+000 -4.044863e+000
  5.571968e+000 -4.302814e+000
  6.766362e+000 -4.561398e+000
  8.199634e+000 -4.818704e+000
  9.919560e+000 -5.075539e+000
  1.198347e+001 -5.333579e+000
  1.446017e+001 -5.594577e+000
  1.743220e+001 -5.860153e+000
  2.099864e+001 -6.131759e+000
  2.527837e+001 -6.410699e+000
  3.041404e+001 -6.698172e+000
  3.657685e+001 -6.995302e+000
  4.397222e+001 -7.303168e+000
  5.284667e+001 -7.622832e+000
  6.349600e+001 -7.955355e+000
  7.627520e+001 -8.301822e+000
  9.161024e+001 -8.663358e+000
  1.100123e+002 -9.041147e+000
  1.300123e+002 -9.401739e+000
  1.500123e+002 -9.723215e+000
  1.700123e+002 -1.001400e+001
  1.900123e+002 -1.028023e+001
  2.100123e+002 -1.052638e+001
  2.300123e+002 -1.075583e+001
  2.500123e+002 -1.097112e+001
  2.700123e+002 -1.117425e+001
  2.900123e+002 -1.136682e+001
  3.100123e+002 -1.155011e+001
  3.300123e+002 -1.172517e+001
  3.500123e+002 -1.189288e+001
  3.700123e+002 -1.205399e+001
  3.900123e+002 -1.220912e+001
  4.100123e+002 -1.235880e+001
  4.300123e+002 -1.250351e+001
  4.500123e+002 -1.264366e+001
  4.700123e+002 -1.277959e+001
  4.900123e+002 -1.291163e+001
  5.100123e+002 -1.304005e+001
  5.300123e+002 -1.316510e+001
  5.500123e+002 -1.328701e+001
  5.700123e+002 -1.340598e+001
  5.900123e+002 -1.352218e+001
  6.100123e+002 -1.363579e+001
  6.300123e+002 -1.374695e+001
  6.500123e+002 -1.385580e+001
  6.700123e+002 -1.396246e+001
  6.900123e+002 -1.406705e+001
  7.100123e+002 -1.416968e+001
  7.300123e+002 -1.427044e+001
  7.500123e+002 -1.436942e+001
  7.700123e+002 -1.446671e+001
  7.900123e+002 -1.456238e+001
  8.100123e+002 -1.465651e+001
  8.300123e+002 -1.474916e+001
  8.500123e+002 -1.484040e+001
  8.700123e+002 -1.493028e+001
  8.900123e+002 -1.501886e+001
  9.100123e+002 -1.510620e+001
  9.300123e+002 -1.519233e+001
  9.500123e+002 -1.527731e+001
  9.700123e+002 -1.536118e+001
  9.900123e+002 -1.544398e+001
  1.010012e+003 -1.552575e+001
  1.030012e+003 -1.560653e+001
  1.050012e+003 -1.568634e+001
  1.070012e+003 -1.576522e+001
  1.090012e+003 -1.584321e+001
  1.110012e+003 -1.592033e+001
  1.130012e+003 -1.599661e+001
  1.150012e+003 -1.607207e+001
  1.170012e+003 -1.614675e+001
  1.190012e+003 -1.622066e+001
  1.210012e+003 -1.629383e+001
  1.230012e+003 -1.636628e+001
  1.250012e+003 -1.643804e+001
  1.270012e+003 -1.650911e+001
  1.290012e+003 -1.657953e+001
  1.310012e+003 -1.664930e+001
  1.330012e+003 -1.671845e+001
  1.350012e+003 -1.678700e+001
  1.370012e+003 -1.685496e+001
  1.390012e+003 -1.692234e+001
  1.410012e+003 -1.698916e+001
  1.430012e+003 -1.705544e+001
  1.450012e+003 -1.712118e+001
  1.470012e+003 -1.718641e+001
  1.490012e+003 -1.725113e+001
  1.510012e+003 -1.731536e+001
  1.530012e+003 -1.737912e+001
  1.550012e+003 -1.744239e+001
  1.570012e+003 -1.750522e+001
  1.590012e+003 -1.756765e+001
  1.610012e+003 -1.762978e+001
  1.630012e+003 -1.769143e+001
  1.650012e+003 -1.775267e+001
  1.670012e+003 -1.781377e+001
  1.690012e+003 -1.787463e+001
  1.710012e+003 -1.793531e+001
  1.730012e+003 -1.799573e+001
  1.750012e+003 -1.805585e+001
  1.770012e+003 -1.811567e+001
  1.790012e+003 -1.817519e+001
  1.810012e+003 -1.823439e+001
  1.830012e+003 -1.829329e+001
  1.850012e+003 -1.835189e+001
  1.870012e+003 -1.841020e+001
  1.890012e+003 -1.846821e+001
  1.910012e+003 -1.852592e+001
  1.930012e+003 -1.858333e+001
  1.950012e+003 -1.864044e+001
  1.970012e+003 -1.869726e+001
  1.990012e+003 -1.875379e+001
  2.010012e+003 -1.881004e+001
  2.030012e+003 -1.886601e+001
  2.050012e+003 -1.892170e+001
  2.070012e+003 -1.897710e+001
  2.090012e+003 -1.903222e+001
  2.110012e+003 -1.908706e+001
  2.130012e+003 -1.914163e+001
  2.150012e+003 -1.919592e+001
  2.170012e+003 -1.924993e+001
  2.190012e+003 -1.930368e+001
  2.210012e+003 -1.935716e+001
  2.230012e+003 -1.941038e+001
  2.250012e+003 -1.946333e+001
  2.270012e+003 -1.951603e+001
  2.290012e+003 -1.956846e+001
  2.310012e+003 -1.962065e+001
  2.330012e+003 -1.967258e+001
  2.350012e+003 -1.972427e+001
  2.370012e+003 -1.977571e+001
  2.390012e+003 -1.982691e+001
  2.410012e+003 -1.987787e+001
  2.430012e+003 -1.992861e+001
  2.450012e+003 -1.997910e+001
  2.470012e+003 -2.002937e+001
  2.490012e+003 -2.007941e+001
  2.510012e+003 -2.012923e+001
  2.530012e+003 -2.017883e+001
  2.550012e+003 -2.022820e+001
  2.570012e+003 -2.027736e+001
  2.590012e+003 -2.032631e+001
  2.610012e+003 -2.037505e+001
  2.630012e+003 -2.042358e+001
  2.650012e+003 -2.047190e+001
  2.670012e+003 -2.052003e+001
  2.690012e+003 -2.056796e+001
  2.710012e+003 -2.061568e+001
  2.730012e+003 -2.066322e+001
  2.750012e+003 -2.071057e+001
  2.770012e+003 -2.075772e+001
  2.790012e+003 -2.080469e+001
  2.810012e+003 -2.085148e+001
  2.830012e+003 -2.089809e+001
  2.850012e+003 -2.094452e+001
  2.870012e+003 -2.099077e+001
  2.890012e+003 -2.103685e+001
  2.910012e+003 -2.108276e+001
  2.930012e+003 -2.112850e+001
  2.950012e+003 -2.117408e+001
  2.970012e+003 -2.121949e+001
  2.990012e+003 -2.126474e+001
  3.010012e+003 -2.130983e+001
  3.030012e+003 -2.135476e+001
  3.050012e+003 -2.139954e+001
  3.070012e+003 -2.144416e+001
  3.090012e+003 -2.148864e+001
  3.110012e+003 -2.153296e+001
  3.130012e+003 -2.157714e+001
  3.150012e+003 -2.162118e+001
  3.170012e+003 -2.166507e+001
  3.190012e+003 -2.170881e+001
  3.210012e+003 -2.175243e+001
  3.230012e+003 -2.179590e+001
  3.250012e+003 -2.183924e+001
  3.270012e+003 -2.188244e+001
  3.290012e+003 -2.192551e+001
  3.310012e+003 -2.196846e+001
  3.330012e+003 -2.201127e+001
  3.350012e+003 -2.205396e+001
  3.370012e+003 -2.209652e+001
  3.390012e+003 -2.213896e+001
  3.410012e+003 -2.218128e+001
  3.430012e+003 -2.222348e+001
  3.450012e+003 -2.226556e+001
  3.470012e+003 -2.230753e+001
  3.490012e+003 -2.234937e+001
  3.510012e+003 -2.239111e+001
  3.530012e+003 -2.243273e+001
  3.550012e+003 -2.247424e+001
  3.570012e+003 -2.251565e+001
  3.590012e+003 -2.255694e+001
  3.610012e+003 -2.259813e+001
  3.630012e+003 -2.263921e+001
  3.650012e+003 -2.268019e+001
  3.670012e+003 -2.272107e+001
  3.690012e+003 -2.276184e+001
  3.710012e+003 -2.280252e+001
  3.730012e+003 -2.284310e+001
  3.750012e+003 -2.288358e+001
  3.770012e+003 -2.292396e+001
  3.790012e+003 -2.296425e+001
  3.810012e+003 -2.300444e+001
  3.830012e+003 -2.304455e+001
  3.850012e+003 -2.308456e+001
  3.870012e+003 -2.312448e+001
  3.890012e+003 -2.316432e+001
  3.910012e+003 -2.320406e+001
  3.930012e+003 -2.324372e+001
  3.950012e+003 -2.328330e+001
  3.970012e+003 -2.332279e+001
  3.990012e+003 -2.336220e+001
  4.000000e+003 -2.338189e+001

Curve 2
X : Time
Y : Thickness of Element [Node 1]

       X              Y       
------------------------------
  0.000000e+000  1.030000e+000
  4.000000e-001  1.027749e+000
  8.000000e-001  1.026639e+000
  1.200000e+000  1.025866e+000
  1.600000e+000  1.025273e+000
  2.000000e+000  1.024764e+000
  2.480000e+000  1.023504e+000
  3.056000e+000  1.022139e+000
  3.747200e+000  1.020770e+000
  4.576640e+000  1.019396e+000
  5.571968e+000  1.017996e+000
  6.766362e+000  1.016514e+000
  8.199634e+000  1.014960e+000
  9.919560e+000  1.013326e+000
  1.198347e+001  1.011602e+000
  1.446017e+001  1.009774e+000
  1.743220e+001  1.007828e+000
  2.099864e+001  1.005749e+000
  2.527837e+001  1.003521e+000
  3.041404e+001  1.001126e+000
  3.657685e+001  9.985486e-001
  4.397222e+001  9.957684e-001
  5.284667e+001  9.927656e-001
  6.349600e+001  9.895178e-001
  7.627520e+001  9.860013e-001
  9.161024e+001  9.821896e-001
  1.100123e+002  9.780539e-001
  1.300123e+002  9.739623e-001
  1.500123e+002  9.701956e-001
  1.700123e+002  9.666920e-001
  1.900123e+002  9.634048e-001
  2.100123e+002  9.602989e-001
  2.300123e+002  9.573472e-001
  2.500123e+002  9.545286e-001
  2.700123e+002  9.518262e-001
  2.900123e+002  9.492265e-001
  3.100123e+002  9.467184e-001
  3.300123e+002  9.442925e-001
  3.500123e+002  9.419409e-001
  3.700123e+002  9.396570e-001
  3.900123e+002  9.374350e-001
  4.100123e+002  9.352699e-001
  4.300123e+002  9.331573e-001
  4.500123e+002  9.310935e-001
  4.700123e+002  9.290749e-001
  4.900123e+002  9.270986e-001
  5.100123e+002  9.251618e-001
  5.300123e+002  9.232622e-001
  5.500123e+002  9.213974e-001
  5.700123e+002  9.195656e-001
  5.900123e+002  9.177648e-001
  6.100123e+002  9.159934e-001
  6.300123e+002  9.142500e-001
  6.500123e+002  9.125330e-001
  6.700123e+002  9.108413e-001
  6.900123e+002  9.091735e-001
  7.100123e+002  9.075287e-001
  7.300123e+002  9.059058e-001
  7.500123e+002  9.043039e-001
  7.700123e+002  9.027220e-001
  7.900123e+002  9.011593e-001
  8.100123e+002  8.996151e-001
  8.300123e+002  8.980887e-001
  8.500123e+002  8.965793e-001
  8.700123e+002  8.950863e-001
  8.900123e+002  8.936092e-001
  9.100123e+002  8.921473e-001
  9.300123e+002  8.907001e-001
  9.500123e+002  8.892671e-001
  9.700123e+002  8.878479e-001
  9.900123e+002  8.864419e-001
  1.010012e+003  8.850488e-001
  1.030012e+003  8.836681e-001
  1.050012e+003  8.822995e-001
  1.070012e+003  8.809426e-001
  1.090012e+003  8.795970e-001
  1.110012e+003  8.782624e-001
  1.130012e+003  8.769385e-001
  1.150012e+003  8.756250e-001
  1.170012e+003  8.743215e-001
  1.190012e+003  8.730279e-001
  1.210012e+003  8.717437e-001
  1.230012e+003  8.704689e-001
  1.250012e+003  8.692031e-001
  1.270012e+003  8.679461e-001
  1.290012e+003  8.666977e-001
  1.310012e+003  8.654576e-001
  1.330012e+003  8.642257e-001
  1.350012e+003  8.630017e-001
  1.370012e+003  8.617855e-001
  1.390012e+003  8.605769e-001
  1.410012e+003  8.593757e-001
  1.430012e+003  8.581816e-001
  1.450012e+003  8.569947e-001
  1.470012e+003  8.558146e-001
  1.490012e+003  8.546413e-001
  1.510012e+003  8.534745e-001
  1.530012e+003  8.523142e-001
  1.550012e+003  8.511602e-001
  1.570012e+003  8.500124e-001
  1.590012e+003  8.488706e-001
  1.610012e+003  8.477353e-001
  1.630012e+003  8.466057e-001
  1.650012e+003  8.454817e-001
  1.670012e+003  8.443634e-001
  1.690012e+003  8.432506e-001
  1.710012e+003  8.421428e-001
  1.730012e+003  8.410401e-001
  1.750012e+003  8.399426e-001
  1.770012e+003  8.388500e-001
  1.790012e+003  8.377624e-001
  1.810012e+003  8.366796e-001
  1.830012e+003  8.356016e-001
  1.850012e+003  8.345284e-001
  1.870012e+003  8.334597e-001
  1.890012e+003  8.323956e-001
  1.910012e+003  8.313360e-001
  1.930012e+003  8.302809e-001
  1.950012e+003  8.292301e-001
  1.970012e+003  8.281837e-001
  1.990012e+003  8.271415e-001
  2.010012e+003  8.261036e-001
  2.030012e+003  8.250699e-001
  2.050012e+003  8.240403e-001
  2.070012e+003  8.230148e-001
  2.090012e+003  8.219934e-001
  2.110012e+003  8.209759e-001
  2.130012e+003  8.199625e-001
  2.150012e+003  8.189530e-001
  2.170012e+003  8.179473e-001
  2.190012e+003  8.169455e-001
  2.210012e+003  8.159475e-001
  2.230012e+003  8.149532e-001
  2.250012e+003  8.139627e-001
  2.270012e+003  8.129758e-001
  2.290012e+003  8.119926e-001
  2.310012e+003  8.110130e-001
  2.330012e+003  8.100368e-001
  2.350012e+003  8.090642e-001
  2.370012e+003  8.080951e-001
  2.390012e+003  8.071293e-001
  2.410012e+003  8.061670e-001
  2.430012e+003  8.052079e-001
  2.450012e+003  8.042522e-001
  2.470012e+003  8.032997e-001
  2.490012e+003  8.023504e-001
  2.510012e+003  8.014043e-001
  2.530012e+003  8.004613e-001
  2.550012e+003  7.995214e-001
  2.570012e+003  7.985845e-001
  2.590012e+003  7.976507e-001
  2.610012e+003  7.967198e-001
  2.630012e+003  7.957918e-001
  2.650012e+003  7.948668e-001
  2.670012e+003  7.939446e-001
  2.690012e+003  7.930251e-001
  2.710012e+003  7.921085e-001
  2.730012e+003  7.911946e-001
  2.750012e+003  7.902835e-001
  2.770012e+003  7.893750e-001
  2.790012e+003  7.884691e-001
  2.810012e+003  7.875658e-001
  2.830012e+003  7.866651e-001
  2.850012e+003  7.857669e-001
  2.870012e+003  7.848712e-001
  2.890012e+003  7.839780e-001
  2.910012e+003  7.830873e-001
  2.930012e+003  7.821989e-001
  2.950012e+003  7.813129e-001
  2.970012e+003  7.804292e-001
  2.990012e+003  7.795479e-001
  3.010012e+003  7.786688e-001
  3.030012e+003  7.777920e-001
  3.050012e+003  7.769174e-001
  3.070012e+003  7.760449e-001
  3.090012e+003  7.751747e-001
  3.110012e+003  7.743066e-001
  3.130012e+003  7.734406e-001
  3.150012e+003  7.725767e-001
  3.170012e+003  7.717148e-001
  3.190012e+003  7.708550e-001
  3.210012e+003  7.699971e-001
  3.230012e+003  7.691413e-001
  3.250012e+003  7.682874e-001
  3.270012e+003  7.674354e-001
  3.290012e+003  7.665853e-001
  3.310012e+003  7.657371e-001
  3.330012e+003  7.648908e-001
  3.350012e+003  7.640463e-001
  3.370012e+003  7.632036e-001
  3.390012e+003  7.623627e-001
  3.410012e+003  7.615235e-001
  3.430012e+003  7.606861e-001
  3.450012e+003  7.598504e-001
  3.470012e+003  7.590165e-001
  3.490012e+003  7.581841e-001
  3.510012e+003  7.573535e-001
  3.530012e+003  7.565245e-001
  3.550012e+003  7.556971e-001
  3.570012e+003  7.548713e-001
  3.590012e+003  7.540471e-001
  3.610012e+003  7.532244e-001
  3.630012e+003  7.524033e-001
  3.650012e+003  7.515837e-001
  3.670012e+003  7.507656e-001
  3.690012e+003  7.499490e-001
  3.710012e+003  7.491338e-001
  3.730012e+003  7.483201e-001
  3.750012e+003  7.475078e-001
  3.770012e+003  7.466970e-001
  3.790012e+003  7.458875e-001
  3.810012e+003  7.450794e-001
  3.830012e+003  7.442727e-001
  3.850012e+003  7.434673e-001
  3.870012e+003  7.426633e-001
  3.890012e+003  7.418605e-001
  3.910012e+003  7.410591e-001
  3.930012e+003  7.402589e-001
  3.950012e+003  7.394600e-001
  3.970012e+003  7.386624e-001
  3.990012e+003  7.378660e-001
  4.000000e+003  7.374685e-001
