HISTORY PLOT
job1

Curve 1
X : Time
Y : Displacement Y [Node 1]

       X              Y       
------------------------------
  0.000000e+000  0.000000e+000
  6.000000e-002 -1.336938e+000
  1.200000e-001 -1.669549e+000
  1.920000e-001 -1.893896e+000
  2.784000e-001 -2.072327e+000
  3.820800e-001 -2.226717e+000
  5.064960e-001 -2.438145e+000
  6.557952e-001 -2.632926e+000
  8.050944e-001 -2.813752e+000
  9.842535e-001 -2.994798e+000
  1.199244e+000 -3.171075e+000
  1.457233e+000 -3.342934e+000
  1.766820e+000 -3.512106e+000
  2.138324e+000 -3.680412e+000
  2.584129e+000 -3.849425e+000
  3.119095e+000 -4.020465e+000
  3.761055e+000 -4.194623e+000
  4.531405e+000 -4.372832e+000
  5.455827e+000 -4.555912e+000
  6.565133e+000 -4.744607e+000
  7.896299e+000 -4.939610e+000
  9.493699e+000 -5.141582e+000
  1.141058e+001 -5.351176e+000
  1.371084e+001 -5.569043e+000
  1.647114e+001 -5.795846e+000
  1.947114e+001 -6.011533e+000
  2.247114e+001 -6.203180e+000
  2.547114e+001 -6.376020e+000
  2.847114e+001 -6.533844e+000
  3.147114e+001 -6.679419e+000
  3.447114e+001 -6.814804e+000
  3.747114e+001 -6.941571e+000
  4.047114e+001 -7.060942e+000
  4.347114e+001 -7.173889e+000
  4.647114e+001 -7.281197e+000
  4.947114e+001 -7.383511e+000
  5.247114e+001 -7.481365e+000
  5.547114e+001 -7.575210e+000
  5.847114e+001 -7.665428e+000
  6.147114e+001 -7.752347e+000
  6.447115e+001 -7.836251e+000
  6.747115e+001 -7.917387e+000
  7.047115e+001 -7.995973e+000
  7.347115e+001 -8.072198e+000
  7.647115e+001 -8.146233e+000
  7.947115e+001 -8.218227e+000
  8.247115e+001 -8.288319e+000
  8.547115e+001 -8.347346e+000
  8.847115e+001 -8.411077e+000
  9.147115e+001 -8.475904e+000
  9.447115e+001 -8.540369e+000
  9.747115e+001 -8.603916e+000
  1.004711e+002 -8.666359e+000
  1.034711e+002 -8.727650e+000
  1.064711e+002 -8.787791e+000
  1.094711e+002 -8.846793e+000
  1.124711e+002 -8.904686e+000
  1.154711e+002 -8.961532e+000
  1.184711e+002 -9.017334e+000
  1.214711e+002 -9.072125e+000
  1.244711e+002 -9.125939e+000
  1.274711e+002 -9.178806e+000
  1.304711e+002 -9.230760e+000
  1.334711e+002 -9.281828e+000
  1.364711e+002 -9.332043e+000
  1.394711e+002 -9.381433e+000
  1.424711e+002 -9.430033e+000
  1.454711e+002 -9.477865e+000
  1.484711e+002 -9.524956e+000
  1.514711e+002 -9.571328e+000
  1.544711e+002 -9.617008e+000
  1.574711e+002 -9.662018e+000
  1.604711e+002 -9.706382e+000
  1.634711e+002 -9.750119e+000
  1.664711e+002 -9.793253e+000
  1.694711e+002 -9.835801e+000
  1.724711e+002 -9.877784e+000
  1.754711e+002 -9.919218e+000
  1.784711e+002 -9.960122e+000
  1.814711e+002 -1.000051e+001
  1.844711e+002 -1.004040e+001
  1.874711e+002 -1.007981e+001
  1.904711e+002 -1.011875e+001
  1.934711e+002 -1.015724e+001
  1.964711e+002 -1.019528e+001
  1.994711e+002 -1.023289e+001
  2.024711e+002 -1.027009e+001
  2.054711e+002 -1.030688e+001
  2.084711e+002 -1.034328e+001
  2.114711e+002 -1.037930e+001
  2.144711e+002 -1.041494e+001
  2.174711e+002 -1.045022e+001
  2.204711e+002 -1.048515e+001
  2.234711e+002 -1.051973e+001
  2.264711e+002 -1.055398e+001
  2.294711e+002 -1.058790e+001
  2.324711e+002 -1.062150e+001
  2.354711e+002 -1.065479e+001
  2.384711e+002 -1.068778e+001
  2.414711e+002 -1.072047e+001
  2.444711e+002 -1.075287e+001
  2.474711e+002 -1.078499e+001
  2.504711e+002 -1.081683e+001
  2.534711e+002 -1.084840e+001
  2.564711e+002 -1.087971e+001
  2.594711e+002 -1.091076e+001
  2.624711e+002 -1.094156e+001
  2.654711e+002 -1.097212e+001
  2.684711e+002 -1.100243e+001
  2.714711e+002 -1.103250e+001
  2.744711e+002 -1.106235e+001
  2.774711e+002 -1.109196e+001
  2.804711e+002 -1.112136e+001
  2.834711e+002 -1.115054e+001
  2.864711e+002 -1.117950e+001
  2.894711e+002 -1.120826e+001
  2.924711e+002 -1.123681e+001
  2.954711e+002 -1.126517e+001
  2.984711e+002 -1.129332e+001
  3.014711e+002 -1.132128e+001
  3.044711e+002 -1.134906e+001
  3.074711e+002 -1.137664e+001
  3.104711e+002 -1.140405e+001
  3.134711e+002 -1.143127e+001
  3.164711e+002 -1.145832e+001
  3.194711e+002 -1.148520e+001
  3.224711e+002 -1.151191e+001
  3.254711e+002 -1.153845e+001
  3.284711e+002 -1.156483e+001
  3.314711e+002 -1.159104e+001
  3.344711e+002 -1.161710e+001
  3.374711e+002 -1.164300e+001
  3.404711e+002 -1.166875e+001
  3.434711e+002 -1.169435e+001
  3.464711e+002 -1.171980e+001
  3.494711e+002 -1.174511e+001
  3.524711e+002 -1.177028e+001
  3.554711e+002 -1.179530e+001
  3.584711e+002 -1.182018e+001
  3.614711e+002 -1.184493e+001
  3.644711e+002 -1.186955e+001
  3.674711e+002 -1.189403e+001
  3.704711e+002 -1.191838e+001
  3.734711e+002 -1.194261e+001
  3.764711e+002 -1.196670e+001
  3.794711e+002 -1.199068e+001
  3.824711e+002 -1.201453e+001
  3.854711e+002 -1.203826e+001
  3.884711e+002 -1.206187e+001
  3.914711e+002 -1.208537e+001
  3.944711e+002 -1.210875e+001
  3.974711e+002 -1.213202e+001
  4.004711e+002 -1.215517e+001
  4.034711e+002 -1.217822e+001
  4.064711e+002 -1.220115e+001
  4.094711e+002 -1.222398e+001
  4.124711e+002 -1.224670e+001
  4.154711e+002 -1.226932e+001
  4.184711e+002 -1.229183e+001
  4.214711e+002 -1.231425e+001
  4.244711e+002 -1.233656e+001
  4.274711e+002 -1.235878e+001
  4.304711e+002 -1.238089e+001
  4.334711e+002 -1.240291e+001
  4.364711e+002 -1.242484e+001
  4.394711e+002 -1.244667e+001
  4.424711e+002 -1.246841e+001
  4.454711e+002 -1.249006e+001
  4.484711e+002 -1.251162e+001
  4.514711e+002 -1.253308e+001
  4.544711e+002 -1.255447e+001
  4.574711e+002 -1.257576e+001
  4.604711e+002 -1.259697e+001
  4.634711e+002 -1.261809e+001
  4.664711e+002 -1.263913e+001
  4.694711e+002 -1.266009e+001
  4.724711e+002 -1.268096e+001
  4.754711e+002 -1.270176e+001
  4.784711e+002 -1.272247e+001
  4.814711e+002 -1.274311e+001
  4.844711e+002 -1.276367e+001
  4.874711e+002 -1.278415e+001
  4.904711e+002 -1.280456e+001
  4.934711e+002 -1.282489e+001
  4.964711e+002 -1.284515e+001
  4.994711e+002 -1.286533e+001
  5.024711e+002 -1.288544e+001
  5.054711e+002 -1.290548e+001
  5.084711e+002 -1.292545e+001
  5.114711e+002 -1.294535e+001
  5.144711e+002 -1.296517e+001
  5.174711e+002 -1.298494e+001
  5.204711e+002 -1.300463e+001
  5.234711e+002 -1.302425e+001
  5.264711e+002 -1.304381e+001
  5.294711e+002 -1.306331e+001
  5.324711e+002 -1.308274e+001
  5.354711e+002 -1.310210e+001
  5.384711e+002 -1.312140e+001
  5.414711e+002 -1.314064e+001
  5.444711e+002 -1.315982e+001
  5.474711e+002 -1.317893e+001
  5.504711e+002 -1.319799e+001
  5.534711e+002 -1.321698e+001
  5.564711e+002 -1.323591e+001
  5.594711e+002 -1.325479e+001
  5.624711e+002 -1.327361e+001
  5.654711e+002 -1.329237e+001
  5.684711e+002 -1.331107e+001
  5.714711e+002 -1.332971e+001
  5.744711e+002 -1.334830e+001
  5.774711e+002 -1.336684e+001
  5.804711e+002 -1.338532e+001
  5.834711e+002 -1.340374e+001
  5.864711e+002 -1.342211e+001
  5.894711e+002 -1.344043e+001
  5.924711e+002 -1.345869e+001
  5.954711e+002 -1.347691e+001
  5.984711e+002 -1.349507e+001
  6.000000e+002 -1.350432e+001

Curve 2
X : Time
Y : Thickness of Element [Node 1]

       X              Y       
------------------------------
  0.000000e+000  1.050000e+000
  6.000000e-002  1.047816e+000
  1.200000e-001  1.046621e+000
  1.920000e-001  1.045658e+000
  2.784000e-001  1.044800e+000
  3.820800e-001  1.043994e+000
  5.064960e-001  1.042781e+000
  6.557952e-001  1.041601e+000
  8.050944e-001  1.040447e+000
  9.842535e-001  1.039216e+000
  1.199244e+000  1.037937e+000
  1.457233e+000  1.036611e+000
  1.766820e+000  1.035230e+000
  2.138324e+000  1.033782e+000
  2.584129e+000  1.032253e+000
  3.119095e+000  1.030631e+000
  3.761055e+000  1.028901e+000
  4.531405e+000  1.027051e+000
  5.455827e+000  1.025067e+000
  6.565133e+000  1.022933e+000
  7.896299e+000  1.020635e+000
  9.493699e+000  1.018155e+000
  1.141058e+001  1.015476e+000
  1.371084e+001  1.012577e+000
  1.647114e+001  1.009439e+000
  1.947114e+001  1.006339e+000
  2.247114e+001  1.003491e+000
  2.547114e+001  1.000846e+000
  2.847114e+001  9.983679e-001
  3.147114e+001  9.960299e-001
  3.447114e+001  9.938107e-001
  3.747114e+001  9.916942e-001
  4.047114e+001  9.896673e-001
  4.347114e+001  9.877195e-001
  4.647114e+001  9.858423e-001
  4.947114e+001  9.840285e-001
  5.247114e+001  9.822720e-001
  5.547114e+001  9.805677e-001
  5.847114e+001  9.789111e-001
  6.147114e+001  9.772984e-001
  6.447115e+001  9.757263e-001
  6.747115e+001  9.741918e-001
  7.047115e+001  9.726922e-001
  7.347115e+001  9.712253e-001
  7.647115e+001  9.697890e-001
  7.947115e+001  9.683813e-001
  8.247115e+001  9.670006e-001
  8.547115e+001  9.658331e-001
  8.847115e+001  9.645739e-001
  9.147115e+001  9.632906e-001
  9.447115e+001  9.620106e-001
  9.747115e+001  9.607443e-001
  1.004711e+002  9.594951e-001
  1.034711e+002  9.582639e-001
  1.064711e+002  9.570506e-001
  1.094711e+002  9.558547e-001
  1.124711e+002  9.546759e-001
  1.154711e+002  9.535134e-001
  1.184711e+002  9.523668e-001
  1.214711e+002  9.512357e-001
  1.244711e+002  9.501195e-001
  1.274711e+002  9.490178e-001
  1.304711e+002  9.479300e-001
  1.334711e+002  9.468559e-001
  1.364711e+002  9.457949e-001
  1.394711e+002  9.447466e-001
  1.424711e+002  9.437106e-001
  1.454711e+002  9.426866e-001
  1.484711e+002  9.416741e-001
  1.514711e+002  9.406728e-001
  1.544711e+002  9.396824e-001
  1.574711e+002  9.387026e-001
  1.604711e+002  9.377329e-001
  1.634711e+002  9.367731e-001
  1.664711e+002  9.358229e-001
  1.694711e+002  9.348821e-001
  1.724711e+002  9.339503e-001
  1.754711e+002  9.330272e-001
  1.784711e+002  9.321128e-001
  1.814711e+002  9.312066e-001
  1.844711e+002  9.303085e-001
  1.874711e+002  9.294182e-001
  1.904711e+002  9.285356e-001
  1.934711e+002  9.276604e-001
  1.964711e+002  9.267924e-001
  1.994711e+002  9.259315e-001
  2.024711e+002  9.250775e-001
  2.054711e+002  9.242302e-001
  2.084711e+002  9.233894e-001
  2.114711e+002  9.225550e-001
  2.144711e+002  9.217268e-001
  2.174711e+002  9.209046e-001
  2.204711e+002  9.200884e-001
  2.234711e+002  9.192781e-001
  2.264711e+002  9.184733e-001
  2.294711e+002  9.176741e-001
  2.324711e+002  9.168803e-001
  2.354711e+002  9.160918e-001
  2.384711e+002  9.153085e-001
  2.414711e+002  9.145302e-001
  2.444711e+002  9.137569e-001
  2.474711e+002  9.129884e-001
  2.504711e+002  9.122247e-001
  2.534711e+002  9.114657e-001
  2.564711e+002  9.107112e-001
  2.594711e+002  9.099612e-001
  2.624711e+002  9.092155e-001
  2.654711e+002  9.084742e-001
  2.684711e+002  9.077371e-001
  2.714711e+002  9.070041e-001
  2.744711e+002  9.062751e-001
  2.774711e+002  9.055502e-001
  2.804711e+002  9.048291e-001
  2.834711e+002  9.041119e-001
  2.864711e+002  9.033984e-001
  2.894711e+002  9.026887e-001
  2.924711e+002  9.019826e-001
  2.954711e+002  9.012800e-001
  2.984711e+002  9.005810e-001
  3.014711e+002  8.998854e-001
  3.044711e+002  8.991932e-001
  3.074711e+002  8.985043e-001
  3.104711e+002  8.978187e-001
  3.134711e+002  8.971364e-001
  3.164711e+002  8.964572e-001
  3.194711e+002  8.957811e-001
  3.224711e+002  8.951081e-001
  3.254711e+002  8.944381e-001
  3.284711e+002  8.937711e-001
  3.314711e+002  8.931070e-001
  3.344711e+002  8.924458e-001
  3.374711e+002  8.917874e-001
  3.404711e+002  8.911318e-001
  3.434711e+002  8.904790e-001
  3.464711e+002  8.898289e-001
  3.494711e+002  8.891815e-001
  3.524711e+002  8.885367e-001
  3.554711e+002  8.878945e-001
  3.584711e+002  8.872548e-001
  3.614711e+002  8.866177e-001
  3.644711e+002  8.859830e-001
  3.674711e+002  8.853509e-001
  3.704711e+002  8.847211e-001
  3.734711e+002  8.840937e-001
  3.764711e+002  8.834687e-001
  3.794711e+002  8.828459e-001
  3.824711e+002  8.822255e-001
  3.854711e+002  8.816073e-001
  3.884711e+002  8.809914e-001
  3.914711e+002  8.803776e-001
  3.944711e+002  8.797660e-001
  3.974711e+002  8.791566e-001
  4.004711e+002  8.785493e-001
  4.034711e+002  8.779440e-001
  4.064711e+002  8.773408e-001
  4.094711e+002  8.767397e-001
  4.124711e+002  8.761405e-001
  4.154711e+002  8.755434e-001
  4.184711e+002  8.749482e-001
  4.214711e+002  8.743549e-001
  4.244711e+002  8.737636e-001
  4.274711e+002  8.731741e-001
  4.304711e+002  8.725865e-001
  4.334711e+002  8.720007e-001
  4.364711e+002  8.714168e-001
  4.394711e+002  8.708346e-001
  4.424711e+002  8.702543e-001
  4.454711e+002  8.696757e-001
  4.484711e+002  8.690988e-001
  4.514711e+002  8.685237e-001
  4.544711e+002  8.679502e-001
  4.574711e+002  8.673784e-001
  4.604711e+002  8.668083e-001
  4.634711e+002  8.662399e-001
  4.664711e+002  8.656730e-001
  4.694711e+002  8.651078e-001
  4.724711e+002  8.645441e-001
  4.754711e+002  8.639820e-001
  4.784711e+002  8.634215e-001
  4.814711e+002  8.628625e-001
  4.844711e+002  8.623050e-001
  4.874711e+002  8.617490e-001
  4.904711e+002  8.611946e-001
  4.934711e+002  8.606416e-001
  4.964711e+002  8.600900e-001
  4.994711e+002  8.595399e-001
  5.024711e+002  8.589912e-001
  5.054711e+002  8.584439e-001
  5.084711e+002  8.578980e-001
  5.114711e+002  8.573535e-001
  5.144711e+002  8.568104e-001
  5.174711e+002  8.562686e-001
  5.204711e+002  8.557282e-001
  5.234711e+002  8.551891e-001
  5.264711e+002  8.546513e-001
  5.294711e+002  8.541148e-001
  5.324711e+002  8.535796e-001
  5.354711e+002  8.530457e-001
  5.384711e+002  8.525130e-001
  5.414711e+002  8.519816e-001
  5.444711e+002  8.514515e-001
  5.474711e+002  8.509225e-001
  5.504711e+002  8.503948e-001
  5.534711e+002  8.498683e-001
  5.564711e+002  8.493429e-001
  5.594711e+002  8.488188e-001
  5.624711e+002  8.482958e-001
  5.654711e+002  8.477740e-001
  5.684711e+002  8.472534e-001
  5.714711e+002  8.467338e-001
  5.744711e+002  8.462154e-001
  5.774711e+002  8.456981e-001
  5.804711e+002  8.451820e-001
  5.834711e+002  8.446669e-001
  5.864711e+002  8.441529e-001
  5.894711e+002  8.436400e-001
  5.924711e+002  8.431281e-001
  5.954711e+002  8.426174e-001
  5.984711e+002  8.421076e-001
  6.000000e+002  8.418482e-001
