HISTORY PLOT
job1

Curve 1
X : Time
Y : Displacement Y [Node 1]

       X              Y       
------------------------------
  0.000000e+000  0.000000e+000
  1.300000e-001 -1.011624e+000
  2.600000e-001 -1.261627e+000
  4.160000e-001 -1.394892e+000
  5.720000e-001 -1.501936e+000
  7.280000e-001 -1.586605e+000
  9.152000e-001 -1.735245e+000
  1.139840e+000 -1.891464e+000
  1.409408e+000 -2.033675e+000
  1.732890e+000 -2.171029e+000
  2.121068e+000 -2.302909e+000
  2.586881e+000 -2.430824e+000
  3.145857e+000 -2.556497e+000
  3.816629e+000 -2.681421e+000
  4.621554e+000 -2.806802e+000
  5.587465e+000 -2.933614e+000
  6.746558e+000 -3.062657e+000
  8.137470e+000 -3.194605e+000
  9.806564e+000 -3.330047e+000
  1.180948e+001 -3.469512e+000
  1.421297e+001 -3.613486e+000
  1.709717e+001 -3.762433e+000
  2.055820e+001 -3.916800e+000
  2.471144e+001 -4.077033e+000
  2.969533e+001 -4.243576e+000
  3.567599e+001 -4.416886e+000
  4.217599e+001 -4.581603e+000
  4.867599e+001 -4.727850e+000
  5.517599e+001 -4.859637e+000
  6.167599e+001 -4.979874e+000
  6.817599e+001 -5.090687e+000
  7.467599e+001 -5.193659e+000
  8.117599e+001 -5.289998e+000
  8.767599e+001 -5.368154e+000
  9.417599e+001 -5.440938e+000
  1.006760e+002 -5.513355e+000
  1.071760e+002 -5.589783e+000
  1.136760e+002 -5.665737e+000
  1.201760e+002 -5.739555e+000
  1.266760e+002 -5.810715e+000
  1.331760e+002 -5.879164e+000
  1.396760e+002 -5.945013e+000
  1.461760e+002 -6.008421e+000
  1.526760e+002 -6.069575e+000
  1.591760e+002 -6.128617e+000
  1.656760e+002 -6.185697e+000
  1.721760e+002 -6.240953e+000
  1.786760e+002 -6.294514e+000
  1.851760e+002 -6.346491e+000
  1.916760e+002 -6.396990e+000
  1.981760e+002 -6.446104e+000
  2.046760e+002 -6.493919e+000
  2.111760e+002 -6.540515e+000
  2.176760e+002 -6.585961e+000
  2.241760e+002 -6.630324e+000
  2.306760e+002 -6.673663e+000
  2.371760e+002 -6.716034e+000
  2.436760e+002 -6.757487e+000
  2.501760e+002 -6.798069e+000
  2.566760e+002 -6.837822e+000
  2.631760e+002 -6.876788e+000
  2.696760e+002 -6.915002e+000
  2.761760e+002 -6.952500e+000
  2.826760e+002 -6.989313e+000
  2.891760e+002 -7.025472e+000
  2.956760e+002 -7.061003e+000
  3.021760e+002 -7.095934e+000
  3.086760e+002 -7.130289e+000
  3.151760e+002 -7.164091e+000
  3.216760e+002 -7.197360e+000
  3.281760e+002 -7.230118e+000
  3.346760e+002 -7.262384e+000
  3.411760e+002 -7.294175e+000
  3.476760e+002 -7.325509e+000
  3.541760e+002 -7.356400e+000
  3.606760e+002 -7.386867e+000
  3.671760e+002 -7.416921e+000
  3.736760e+002 -7.446577e+000
  3.801760e+002 -7.475847e+000
  3.866760e+002 -7.504745e+000
  3.931760e+002 -7.533281e+000
  3.996760e+002 -7.561467e+000
  4.061760e+002 -7.589314e+000
  4.126760e+002 -7.616831e+000
  4.191760e+002 -7.644029e+000
  4.256760e+002 -7.670916e+000
  4.321760e+002 -7.697502e+000
  4.386760e+002 -7.723794e+000
  4.451760e+002 -7.749801e+000
  4.516760e+002 -7.775530e+000
  4.581760e+002 -7.800989e+000
  4.646760e+002 -7.826185e+000
  4.711760e+002 -7.851125e+000
  4.776760e+002 -7.875816e+000
  4.841760e+002 -7.900263e+000
  4.906760e+002 -7.924472e+000
  4.971760e+002 -7.948451e+000
  5.036760e+002 -7.972202e+000
  5.101760e+002 -7.995734e+000
  5.166760e+002 -8.019050e+000
  5.231760e+002 -8.042156e+000
  5.296760e+002 -8.065056e+000
  5.361760e+002 -8.087755e+000
  5.426760e+002 -8.110257e+000
  5.491760e+002 -8.132568e+000
  5.556760e+002 -8.154691e+000
  5.621760e+002 -8.176629e+000
  5.686760e+002 -8.198388e+000
  5.751760e+002 -8.219970e+000
  5.816760e+002 -8.241380e+000
  5.881760e+002 -8.262621e+000
  5.946760e+002 -8.283696e+000
  6.011760e+002 -8.304608e+000
  6.076760e+002 -8.325362e+000
  6.141760e+002 -8.345961e+000
  6.206760e+002 -8.366405e+000
  6.271760e+002 -8.386700e+000
  6.336760e+002 -8.406848e+000
  6.401760e+002 -8.426851e+000
  6.466760e+002 -8.446712e+000
  6.531760e+002 -8.466434e+000
  6.596760e+002 -8.486021e+000
  6.661760e+002 -8.505432e+000
  6.726760e+002 -8.524740e+000
  6.791760e+002 -8.543927e+000
  6.856760e+002 -8.562989e+000
  6.921760e+002 -8.581927e+000
  6.986760e+002 -8.600742e+000
  7.051760e+002 -8.619436e+000
  7.116760e+002 -8.638012e+000
  7.181760e+002 -8.656471e+000
  7.246760e+002 -8.674815e+000
  7.311760e+002 -8.693047e+000
  7.376760e+002 -8.711166e+000
  7.441760e+002 -8.729177e+000
  7.506760e+002 -8.747081e+000
  7.571760e+002 -8.764878e+000
  7.636760e+002 -8.782572e+000
  7.701760e+002 -8.800162e+000
  7.766760e+002 -8.817653e+000
  7.831760e+002 -8.835043e+000
  7.896760e+002 -8.852336e+000
  7.961760e+002 -8.869532e+000
  8.026760e+002 -8.886633e+000
  8.091760e+002 -8.903641e+000
  8.156760e+002 -8.920556e+000
  8.221760e+002 -8.937381e+000
  8.286760e+002 -8.954116e+000
  8.351760e+002 -8.970762e+000
  8.416760e+002 -8.987322e+000
  8.481760e+002 -9.003796e+000
  8.546760e+002 -9.020185e+000
  8.611760e+002 -9.036490e+000
  8.676760e+002 -9.052714e+000
  8.741760e+002 -9.068856e+000
  8.806760e+002 -9.084919e+000
  8.871760e+002 -9.100902e+000
  8.936760e+002 -9.116807e+000
  9.001760e+002 -9.132636e+000
  9.066760e+002 -9.148388e+000
  9.131760e+002 -9.164065e+000
  9.196760e+002 -9.179669e+000
  9.261760e+002 -9.195200e+000
  9.326760e+002 -9.210659e+000
  9.391760e+002 -9.226047e+000
  9.456760e+002 -9.241364e+000
  9.521760e+002 -9.256612e+000
  9.586760e+002 -9.271791e+000
  9.651760e+002 -9.286902e+000
  9.716760e+002 -9.301948e+000
  9.781760e+002 -9.316926e+000
  9.846760e+002 -9.331841e+000
  9.911760e+002 -9.346689e+000
  9.976760e+002 -9.361475e+000
  1.004176e+003 -9.376198e+000
  1.010676e+003 -9.390859e+000
  1.017176e+003 -9.405457e+000
  1.023676e+003 -9.419995e+000
  1.030176e+003 -9.434474e+000
  1.036676e+003 -9.448894e+000
  1.043176e+003 -9.463254e+000
  1.049676e+003 -9.477556e+000
  1.056176e+003 -9.491801e+000
  1.062676e+003 -9.505990e+000
  1.069176e+003 -9.520122e+000
  1.075676e+003 -9.534199e+000
  1.082176e+003 -9.548221e+000
  1.088676e+003 -9.562189e+000
  1.095176e+003 -9.576103e+000
  1.101676e+003 -9.589965e+000
  1.108176e+003 -9.603773e+000
  1.114676e+003 -9.617530e+000
  1.121176e+003 -9.631236e+000
  1.127676e+003 -9.644891e+000
  1.134176e+003 -9.658495e+000
  1.140676e+003 -9.672050e+000
  1.147176e+003 -9.685555e+000
  1.153676e+003 -9.699012e+000
  1.160176e+003 -9.712421e+000
  1.166676e+003 -9.725782e+000
  1.173176e+003 -9.739096e+000
  1.179676e+003 -9.752363e+000
  1.186176e+003 -9.765584e+000
  1.192676e+003 -9.778760e+000
  1.199176e+003 -9.791890e+000
  1.205676e+003 -9.804975e+000
  1.212176e+003 -9.818016e+000
  1.218676e+003 -9.831013e+000
  1.225176e+003 -9.843966e+000
  1.231676e+003 -9.856875e+000
  1.238176e+003 -9.869743e+000
  1.244676e+003 -9.882568e+000
  1.251176e+003 -9.895351e+000
  1.257676e+003 -9.908092e+000
  1.264176e+003 -9.920794e+000
  1.270676e+003 -9.933454e+000
  1.277176e+003 -9.946073e+000
  1.283676e+003 -9.958652e+000
  1.290176e+003 -9.971192e+000
  1.296676e+003 -9.983693e+000
  1.300000e+003 -9.990085e+000

Curve 2
X : Time
Y : Thickness of Element [Node 1]

       X              Y       
------------------------------
  0.000000e+000  1.040000e+000
  1.300000e-001  1.038295e+000
  2.600000e-001  1.037447e+000
  4.160000e-001  1.036894e+000
  5.720000e-001  1.036408e+000
  7.280000e-001  1.035996e+000
  9.152000e-001  1.035196e+000
  1.139840e+000  1.034294e+000
  1.409408e+000  1.033394e+000
  1.732890e+000  1.032463e+000
  2.121068e+000  1.031508e+000
  2.586881e+000  1.030524e+000
  3.145857e+000  1.029501e+000
  3.816629e+000  1.028429e+000
  4.621554e+000  1.027298e+000
  5.587465e+000  1.026099e+000
  6.746558e+000  1.024820e+000
  8.137470e+000  1.023454e+000
  9.806564e+000  1.021989e+000
  1.180948e+001  1.020415e+000
  1.421297e+001  1.018721e+000
  1.709717e+001  1.016894e+000
  2.055820e+001  1.014922e+000
  2.471144e+001  1.012791e+000
  2.969533e+001  1.010487e+000
  3.567599e+001  1.007991e+000
  4.217599e+001  1.005528e+000
  4.867599e+001  1.003266e+000
  5.517599e+001  1.001166e+000
  6.167599e+001  9.992007e-001
  6.817599e+001  9.973472e-001
  7.467599e+001  9.955890e-001
  8.117599e+001  9.939131e-001
  8.767599e+001  9.925398e-001
  9.417599e+001  9.912552e-001
  1.006760e+002  9.899667e-001
  1.071760e+002  9.885965e-001
  1.136760e+002  9.872214e-001
  1.201760e+002  9.858707e-001
  1.266760e+002  9.845541e-001
  1.331760e+002  9.832736e-001
  1.396760e+002  9.820283e-001
  1.461760e+002  9.808165e-001
  1.526760e+002  9.796362e-001
  1.591760e+002  9.784854e-001
  1.656760e+002  9.773623e-001
  1.721760e+002  9.762651e-001
  1.786760e+002  9.751922e-001
  1.851760e+002  9.741423e-001
  1.916760e+002  9.731139e-001
  1.981760e+002  9.721058e-001
  2.046760e+002  9.711170e-001
  2.111760e+002  9.701463e-001
  2.176760e+002  9.691930e-001
  2.241760e+002  9.682559e-001
  2.306760e+002  9.673345e-001
  2.371760e+002  9.664279e-001
  2.436760e+002  9.655354e-001
  2.501760e+002  9.646564e-001
  2.566760e+002  9.637903e-001
  2.631760e+002  9.629366e-001
  2.696760e+002  9.620947e-001
  2.761760e+002  9.612642e-001
  2.826760e+002  9.604445e-001
  2.891760e+002  9.596354e-001
  2.956760e+002  9.588363e-001
  3.021760e+002  9.580470e-001
  3.086760e+002  9.572670e-001
  3.151760e+002  9.564961e-001
  3.216760e+002  9.557338e-001
  3.281760e+002  9.549800e-001
  3.346760e+002  9.542344e-001
  3.411760e+002  9.534966e-001
  3.476760e+002  9.527665e-001
  3.541760e+002  9.520437e-001
  3.606760e+002  9.513282e-001
  3.671760e+002  9.506195e-001
  3.736760e+002  9.499176e-001
  3.801760e+002  9.492223e-001
  3.866760e+002  9.485333e-001
  3.931760e+002  9.478506e-001
  3.996760e+002  9.471738e-001
  4.061760e+002  9.465029e-001
  4.126760e+002  9.458377e-001
  4.191760e+002  9.451781e-001
  4.256760e+002  9.445238e-001
  4.321760e+002  9.438749e-001
  4.386760e+002  9.432311e-001
  4.451760e+002  9.425923e-001
  4.516760e+002  9.419584e-001
  4.581760e+002  9.413293e-001
  4.646760e+002  9.407048e-001
  4.711760e+002  9.400849e-001
  4.776760e+002  9.394695e-001
  4.841760e+002  9.388584e-001
  4.906760e+002  9.382517e-001
  4.971760e+002  9.376490e-001
  5.036760e+002  9.370505e-001
  5.101760e+002  9.364559e-001
  5.166760e+002  9.358653e-001
  5.231760e+002  9.352784e-001
  5.296760e+002  9.346954e-001
  5.361760e+002  9.341160e-001
  5.426760e+002  9.335402e-001
  5.491760e+002  9.329679e-001
  5.556760e+002  9.323992e-001
  5.621760e+002  9.318338e-001
  5.686760e+002  9.312717e-001
  5.751760e+002  9.307129e-001
  5.816760e+002  9.301573e-001
  5.881760e+002  9.296049e-001
  5.946760e+002  9.290556e-001
  6.011760e+002  9.285093e-001
  6.076760e+002  9.279660e-001
  6.141760e+002  9.274256e-001
  6.206760e+002  9.268882e-001
  6.271760e+002  9.263535e-001
  6.336760e+002  9.258216e-001
  6.401760e+002  9.252925e-001
  6.466760e+002  9.247661e-001
  6.531760e+002  9.242423e-001
  6.596760e+002  9.237211e-001
  6.661760e+002  9.232025e-001
  6.726760e+002  9.226864e-001
  6.791760e+002  9.221729e-001
  6.856760e+002  9.216617e-001
  6.921760e+002  9.211529e-001
  6.986760e+002  9.206466e-001
  7.051760e+002  9.201425e-001
  7.116760e+002  9.196408e-001
  7.181760e+002  9.191413e-001
  7.246760e+002  9.186441e-001
  7.311760e+002  9.181490e-001
  7.376760e+002  9.176562e-001
  7.441760e+002  9.171654e-001
  7.506760e+002  9.166768e-001
  7.571760e+002  9.161902e-001
  7.636760e+002  9.157057e-001
  7.701760e+002  9.152233e-001
  7.766760e+002  9.147427e-001
  7.831760e+002  9.142642e-001
  7.896760e+002  9.137876e-001
  7.961760e+002  9.133129e-001
  8.026760e+002  9.128402e-001
  8.091760e+002  9.123692e-001
  8.156760e+002  9.119001e-001
  8.221760e+002  9.114328e-001
  8.286760e+002  9.109673e-001
  8.351760e+002  9.105036e-001
  8.416760e+002  9.100416e-001
  8.481760e+002  9.095814e-001
  8.546760e+002  9.091228e-001
  8.611760e+002  9.086659e-001
  8.676760e+002  9.082107e-001
  8.741760e+002  9.077571e-001
  8.806760e+002  9.073052e-001
  8.871760e+002  9.068548e-001
  8.936760e+002  9.064060e-001
  9.001760e+002  9.059588e-001
  9.066760e+002  9.055131e-001
  9.131760e+002  9.050690e-001
  9.196760e+002  9.046263e-001
  9.261760e+002  9.041852e-001
  9.326760e+002  9.037455e-001
  9.391760e+002  9.033073e-001
  9.456760e+002  9.028705e-001
  9.521760e+002  9.024351e-001
  9.586760e+002  9.020012e-001
  9.651760e+002  9.015686e-001
  9.716760e+002  9.011374e-001
  9.781760e+002  9.007076e-001
  9.846760e+002  9.002791e-001
  9.911760e+002  8.998520e-001
  9.976760e+002  8.994262e-001
  1.004176e+003  8.990016e-001
  1.010676e+003  8.985784e-001
  1.017176e+003  8.981565e-001
  1.023676e+003  8.977358e-001
  1.030176e+003  8.973164e-001
  1.036676e+003  8.968982e-001
  1.043176e+003  8.964812e-001
  1.049676e+003  8.960654e-001
  1.056176e+003  8.956509e-001
  1.062676e+003  8.952375e-001
  1.069176e+003  8.948253e-001
  1.075676e+003  8.944143e-001
  1.082176e+003  8.940044e-001
  1.088676e+003  8.935957e-001
  1.095176e+003  8.931881e-001
  1.101676e+003  8.927816e-001
  1.108176e+003  8.923763e-001
  1.114676e+003  8.919720e-001
  1.121176e+003  8.915688e-001
  1.127676e+003  8.911667e-001
  1.134176e+003  8.907657e-001
  1.140676e+003  8.903657e-001
  1.147176e+003  8.899668e-001
  1.153676e+003  8.895689e-001
  1.160176e+003  8.891720e-001
  1.166676e+003  8.887762e-001
  1.173176e+003  8.883813e-001
  1.179676e+003  8.879875e-001
  1.186176e+003  8.875947e-001
  1.192676e+003  8.872028e-001
  1.199176e+003  8.868119e-001
  1.205676e+003  8.864220e-001
  1.212176e+003  8.860330e-001
  1.218676e+003  8.856450e-001
  1.225176e+003  8.852579e-001
  1.231676e+003  8.848718e-001
  1.238176e+003  8.844866e-001
  1.244676e+003  8.841023e-001
  1.251176e+003  8.837189e-001
  1.257676e+003  8.833364e-001
  1.264176e+003  8.829548e-001
  1.270676e+003  8.825741e-001
  1.277176e+003  8.821942e-001
  1.283676e+003  8.818153e-001
  1.290176e+003  8.814372e-001
  1.296676e+003  8.810599e-001
  1.300000e+003  8.808673e-001
