HISTORY PLOT
job1

Curve 1
X : Time
Y : Displacement Y [Node 1]

       X              Y       
------------------------------
  0.000000e+000  0.000000e+000
  4.000000e-001 -8.947332e-001
  8.000000e-001 -1.088795e+000
  1.200000e+000 -1.204178e+000
  1.600000e+000 -1.274344e+000
  2.080000e+000 -1.336607e+000
  2.656000e+000 -1.539312e+000
  3.232000e+000 -1.704280e+000
  3.923200e+000 -1.846906e+000
  4.752640e+000 -1.980913e+000
  5.747968e+000 -2.107218e+000
  6.942362e+000 -2.228448e+000
  8.375634e+000 -2.346614e+000
  1.009556e+001 -2.463375e+000
  1.215947e+001 -2.580029e+000
  1.463617e+001 -2.697595e+000
  1.760820e+001 -2.816891e+000
  2.117464e+001 -2.938593e+000
  2.545437e+001 -3.063276e+000
  3.059004e+001 -3.191449e+000
  3.675285e+001 -3.323575e+000
  4.414822e+001 -3.460083e+000
  5.302267e+001 -3.601387e+000
  6.367200e+001 -3.747888e+000
  7.645120e+001 -3.899986e+000
  9.178624e+001 -4.058084e+000
  1.101883e+002 -4.222594e+000
  1.301883e+002 -4.378917e+000
  1.501883e+002 -4.517675e+000
  1.701883e+002 -4.642678e+000
  1.901883e+002 -4.756691e+000
  2.101883e+002 -4.861736e+000
  2.301883e+002 -4.959320e+000
  2.501883e+002 -5.050589e+000
  2.701883e+002 -5.136441e+000
  2.901883e+002 -5.217587e+000
  3.101883e+002 -5.294600e+000
  3.301883e+002 -5.356823e+000
  3.501883e+002 -5.418602e+000
  3.701883e+002 -5.484024e+000
  3.901883e+002 -5.549017e+000
  4.101883e+002 -5.612257e+000
  4.301883e+002 -5.673418e+000
  4.501883e+002 -5.733120e+000
  4.701883e+002 -5.791056e+000
  4.901883e+002 -5.847178e+000
  5.101883e+002 -5.901542e+000
  5.301883e+002 -5.954239e+000
  5.501883e+002 -6.005364e+000
  5.701883e+002 -6.055021e+000
  5.901883e+002 -6.103283e+000
  6.101883e+002 -6.150231e+000
  6.301883e+002 -6.195940e+000
  6.501883e+002 -6.240479e+000
  6.701883e+002 -6.283915e+000
  6.901883e+002 -6.326307e+000
  7.101883e+002 -6.367711e+000
  7.301883e+002 -6.408177e+000
  7.501883e+002 -6.447755e+000
  7.701883e+002 -6.486487e+000
  7.901883e+002 -6.524417e+000
  8.101883e+002 -6.561582e+000
  8.301883e+002 -6.598016e+000
  8.501883e+002 -6.633755e+000
  8.701883e+002 -6.668828e+000
  8.901883e+002 -6.703266e+000
  9.101883e+002 -6.737093e+000
  9.301883e+002 -6.770338e+000
  9.501883e+002 -6.803022e+000
  9.701883e+002 -6.835168e+000
  9.901883e+002 -6.866798e+000
  1.010188e+003 -6.897931e+000
  1.030188e+003 -6.928585e+000
  1.050188e+003 -6.958779e+000
  1.070188e+003 -6.988529e+000
  1.090188e+003 -7.017850e+000
  1.110188e+003 -7.046757e+000
  1.130188e+003 -7.075265e+000
  1.150188e+003 -7.103387e+000
  1.170188e+003 -7.131135e+000
  1.190188e+003 -7.158522e+000
  1.210188e+003 -7.185558e+000
  1.230188e+003 -7.212255e+000
  1.250188e+003 -7.238624e+000
  1.270188e+003 -7.264673e+000
  1.290188e+003 -7.290413e+000
  1.310188e+003 -7.315852e+000
  1.330188e+003 -7.340999e+000
  1.350188e+003 -7.365862e+000
  1.370188e+003 -7.390449e+000
  1.390188e+003 -7.414768e+000
  1.410188e+003 -7.438825e+000
  1.430188e+003 -7.462628e+000
  1.450188e+003 -7.486184e+000
  1.470188e+003 -7.509498e+000
  1.490188e+003 -7.532577e+000
  1.510188e+003 -7.555426e+000
  1.530188e+003 -7.578052e+000
  1.550188e+003 -7.600460e+000
  1.570188e+003 -7.622654e+000
  1.590188e+003 -7.644640e+000
  1.610188e+003 -7.666424e+000
  1.630188e+003 -7.688008e+000
  1.650188e+003 -7.709399e+000
  1.670188e+003 -7.730601e+000
  1.690188e+003 -7.751617e+000
  1.710188e+003 -7.772452e+000
  1.730188e+003 -7.793110e+000
  1.750188e+003 -7.813595e+000
  1.770188e+003 -7.833911e+000
  1.790188e+003 -7.854061e+000
  1.810188e+003 -7.874047e+000
  1.830188e+003 -7.893875e+000
  1.850188e+003 -7.913547e+000
  1.870188e+003 -7.933066e+000
  1.890188e+003 -7.952435e+000
  1.910188e+003 -7.971657e+000
  1.930188e+003 -7.990735e+000
  1.950188e+003 -8.009671e+000
  1.970188e+003 -8.028469e+000
  1.990188e+003 -8.047131e+000
  2.010188e+003 -8.065659e+000
  2.030188e+003 -8.084056e+000
  2.050188e+003 -8.102324e+000
  2.070188e+003 -8.120464e+000
  2.090188e+003 -8.138482e+000
  2.110188e+003 -8.156377e+000
  2.130188e+003 -8.174152e+000
  2.150188e+003 -8.191809e+000
  2.170188e+003 -8.209351e+000
  2.190188e+003 -8.226778e+000
  2.210188e+003 -8.244093e+000
  2.230188e+003 -8.261298e+000
  2.250188e+003 -8.278395e+000
  2.270188e+003 -8.295384e+000
  2.290188e+003 -8.312270e+000
  2.310188e+003 -8.329052e+000
  2.330188e+003 -8.345732e+000
  2.350188e+003 -8.362312e+000
  2.370188e+003 -8.378794e+000
  2.390188e+003 -8.395179e+000
  2.410188e+003 -8.411469e+000
  2.430188e+003 -8.427664e+000
  2.450188e+003 -8.443767e+000
  2.470188e+003 -8.459778e+000
  2.490188e+003 -8.475699e+000
  2.510188e+003 -8.491516e+000
  2.530188e+003 -8.507257e+000
  2.550188e+003 -8.522915e+000
  2.570188e+003 -8.538489e+000
  2.590188e+003 -8.553980e+000
  2.610188e+003 -8.569388e+000
  2.630188e+003 -8.584716e+000
  2.650188e+003 -8.599963e+000
  2.670188e+003 -8.615130e+000
  2.690188e+003 -8.630220e+000
  2.710188e+003 -8.645234e+000
  2.730188e+003 -8.660171e+000
  2.750188e+003 -8.675033e+000
  2.770188e+003 -8.689821e+000
  2.790188e+003 -8.704536e+000
  2.810188e+003 -8.719180e+000
  2.830188e+003 -8.733752e+000
  2.850188e+003 -8.748255e+000
  2.870188e+003 -8.762688e+000
  2.890188e+003 -8.777053e+000
  2.910188e+003 -8.791349e+000
  2.930188e+003 -8.805580e+000
  2.950188e+003 -8.819745e+000
  2.970188e+003 -8.833845e+000
  2.990188e+003 -8.847880e+000
  3.010188e+003 -8.861853e+000
  3.030188e+003 -8.875762e+000
  3.050188e+003 -8.889610e+000
  3.070188e+003 -8.903397e+000
  3.090188e+003 -8.917123e+000
  3.110188e+003 -8.930789e+000
  3.130188e+003 -8.944396e+000
  3.150188e+003 -8.957945e+000
  3.170188e+003 -8.971437e+000
  3.190188e+003 -8.984871e+000
  3.210188e+003 -8.998250e+000
  3.230188e+003 -9.011573e+000
  3.250188e+003 -9.024840e+000
  3.270188e+003 -9.038054e+000
  3.290188e+003 -9.051214e+000
  3.310188e+003 -9.064321e+000
  3.330188e+003 -9.077375e+000
  3.350188e+003 -9.090378e+000
  3.370188e+003 -9.103329e+000
  3.390188e+003 -9.116229e+000
  3.410188e+003 -9.129080e+000
  3.430188e+003 -9.141880e+000
  3.450188e+003 -9.154632e+000
  3.470188e+003 -9.167334e+000
  3.490188e+003 -9.179989e+000
  3.510188e+003 -9.192595e+000
  3.530188e+003 -9.205155e+000
  3.550188e+003 -9.217669e+000
  3.570188e+003 -9.230135e+000
  3.590188e+003 -9.242557e+000
  3.610188e+003 -9.254932e+000
  3.630188e+003 -9.267263e+000
  3.650188e+003 -9.279550e+000
  3.670188e+003 -9.291793e+000
  3.690188e+003 -9.303992e+000
  3.710188e+003 -9.316149e+000
  3.730188e+003 -9.328262e+000
  3.750188e+003 -9.340334e+000
  3.770188e+003 -9.352364e+000
  3.790188e+003 -9.364351e+000
  3.810188e+003 -9.376299e+000
  3.830188e+003 -9.388206e+000
  3.850188e+003 -9.400071e+000
  3.870188e+003 -9.411898e+000
  3.890188e+003 -9.423685e+000
  3.910188e+003 -9.435432e+000
  3.930188e+003 -9.447142e+000
  3.950188e+003 -9.458813e+000
  3.970188e+003 -9.470445e+000
  3.990188e+003 -9.482039e+000
  4.000000e+003 -9.487728e+000

Curve 2
X : Time
Y : Thickness of Element [Node 1]

       X              Y       
------------------------------
  0.000000e+000  1.030000e+000
  4.000000e-001  1.028720e+000
  8.000000e-001  1.028082e+000
  1.200000e+000  1.027678e+000
  1.600000e+000  1.027411e+000
  2.080000e+000  1.027160e+000
  2.656000e+000  1.026237e+000
  3.232000e+000  1.025407e+000
  3.923200e+000  1.024608e+000
  4.752640e+000  1.023796e+000
  5.747968e+000  1.022973e+000
  6.942362e+000  1.022132e+000
  8.375634e+000  1.021262e+000
  1.009556e+001  1.020356e+000
  1.215947e+001  1.019402e+000
  1.463617e+001  1.018393e+000
  1.760820e+001  1.017320e+000
  2.117464e+001  1.016175e+000
  2.545437e+001  1.014950e+000
  3.059004e+001  1.013634e+000
  3.675285e+001  1.012220e+000
  4.414822e+001  1.010697e+000
  5.302267e+001  1.009054e+000
  6.367200e+001  1.007280e+000
  7.645120e+001  1.005363e+000
  9.178624e+001  1.003288e+000
  1.101883e+002  1.001043e+000
  1.301883e+002  9.988271e-001
  1.501883e+002  9.967922e-001
  1.701883e+002  9.949040e-001
  1.901883e+002  9.931367e-001
  2.101883e+002  9.914704e-001
  2.301883e+002  9.898902e-001
  2.501883e+002  9.883843e-001
  2.701883e+002  9.869433e-001
  2.901883e+002  9.855596e-001
  3.101883e+002  9.842271e-001
  3.301883e+002  9.831416e-001
  3.501883e+002  9.820612e-001
  3.701883e+002  9.809114e-001
  3.901883e+002  9.797511e-001
  4.101883e+002  9.786123e-001
  4.301883e+002  9.775012e-001
  4.501883e+002  9.764134e-001
  4.701883e+002  9.753506e-001
  4.901883e+002  9.743126e-001
  5.101883e+002  9.732986e-001
  5.301883e+002  9.723072e-001
  5.501883e+002  9.713375e-001
  5.701883e+002  9.703881e-001
  5.901883e+002  9.694582e-001
  6.101883e+002  9.685466e-001
  6.301883e+002  9.676524e-001
  6.501883e+002  9.667748e-001
  6.701883e+002  9.659129e-001
  6.901883e+002  9.650660e-001
  7.101883e+002  9.642333e-001
  7.301883e+002  9.634143e-001
  7.501883e+002  9.626082e-001
  7.701883e+002  9.618145e-001
  7.901883e+002  9.610327e-001
  8.101883e+002  9.602623e-001
  8.301883e+002  9.595027e-001
  8.501883e+002  9.587536e-001
  8.701883e+002  9.580146e-001
  8.901883e+002  9.572852e-001
  9.101883e+002  9.565651e-001
  9.301883e+002  9.558539e-001
  9.501883e+002  9.551514e-001
  9.701883e+002  9.544571e-001
  9.901883e+002  9.537710e-001
  1.010188e+003  9.530925e-001
  1.030188e+003  9.524216e-001
  1.050188e+003  9.517579e-001
  1.070188e+003  9.511012e-001
  1.090188e+003  9.504513e-001
  1.110188e+003  9.498080e-001
  1.130188e+003  9.491711e-001
  1.150188e+003  9.485404e-001
  1.170188e+003  9.479158e-001
  1.190188e+003  9.472969e-001
  1.210188e+003  9.466838e-001
  1.230188e+003  9.460762e-001
  1.250188e+003  9.454740e-001
  1.270188e+003  9.448770e-001
  1.290188e+003  9.442851e-001
  1.310188e+003  9.436982e-001
  1.330188e+003  9.431161e-001
  1.350188e+003  9.425388e-001
  1.370188e+003  9.419660e-001
  1.390188e+003  9.413978e-001
  1.410188e+003  9.408339e-001
  1.430188e+003  9.402743e-001
  1.450188e+003  9.397189e-001
  1.470188e+003  9.391676e-001
  1.490188e+003  9.386203e-001
  1.510188e+003  9.380769e-001
  1.530188e+003  9.375373e-001
  1.550188e+003  9.370015e-001
  1.570188e+003  9.364693e-001
  1.590188e+003  9.359407e-001
  1.610188e+003  9.354156e-001
  1.630188e+003  9.348939e-001
  1.650188e+003  9.343756e-001
  1.670188e+003  9.338607e-001
  1.690188e+003  9.333489e-001
  1.710188e+003  9.328403e-001
  1.730188e+003  9.323349e-001
  1.750188e+003  9.318324e-001
  1.770188e+003  9.313330e-001
  1.790188e+003  9.308366e-001
  1.810188e+003  9.303430e-001
  1.830188e+003  9.298522e-001
  1.850188e+003  9.293642e-001
  1.870188e+003  9.288790e-001
  1.890188e+003  9.283964e-001
  1.910188e+003  9.279165e-001
  1.930188e+003  9.274392e-001
  1.950188e+003  9.269644e-001
  1.970188e+003  9.264921e-001
  1.990188e+003  9.260223e-001
  2.010188e+003  9.255550e-001
  2.030188e+003  9.250900e-001
  2.050188e+003  9.246273e-001
  2.070188e+003  9.241670e-001
  2.090188e+003  9.237089e-001
  2.110188e+003  9.232531e-001
  2.130188e+003  9.227995e-001
  2.150188e+003  9.223480e-001
  2.170188e+003  9.218987e-001
  2.190188e+003  9.214515e-001
  2.210188e+003  9.210064e-001
  2.230188e+003  9.205633e-001
  2.250188e+003  9.201222e-001
  2.270188e+003  9.196831e-001
  2.290188e+003  9.192459e-001
  2.310188e+003  9.188107e-001
  2.330188e+003  9.183774e-001
  2.350188e+003  9.179459e-001
  2.370188e+003  9.175163e-001
  2.390188e+003  9.170885e-001
  2.410188e+003  9.166625e-001
  2.430188e+003  9.162383e-001
  2.450188e+003  9.158159e-001
  2.470188e+003  9.153951e-001
  2.490188e+003  9.149761e-001
  2.510188e+003  9.145587e-001
  2.530188e+003  9.141430e-001
  2.550188e+003  9.137290e-001
  2.570188e+003  9.133165e-001
  2.590188e+003  9.129057e-001
  2.610188e+003  9.124964e-001
  2.630188e+003  9.120887e-001
  2.650188e+003  9.116825e-001
  2.670188e+003  9.112779e-001
  2.690188e+003  9.108747e-001
  2.710188e+003  9.104730e-001
  2.730188e+003  9.100728e-001
  2.750188e+003  9.096740e-001
  2.770188e+003  9.092767e-001
  2.790188e+003  9.088808e-001
  2.810188e+003  9.084862e-001
  2.830188e+003  9.080931e-001
  2.850188e+003  9.077013e-001
  2.870188e+003  9.073109e-001
  2.890188e+003  9.069218e-001
  2.910188e+003  9.065340e-001
  2.930188e+003  9.061475e-001
  2.950188e+003  9.057623e-001
  2.970188e+003  9.053784e-001
  2.990188e+003  9.049957e-001
  3.010188e+003  9.046143e-001
  3.030188e+003  9.042341e-001
  3.050188e+003  9.038552e-001
  3.070188e+003  9.034774e-001
  3.090188e+003  9.031009e-001
  3.110188e+003  9.027255e-001
  3.130188e+003  9.023513e-001
  3.150188e+003  9.019782e-001
  3.170188e+003  9.016063e-001
  3.190188e+003  9.012356e-001
  3.210188e+003  9.008659e-001
  3.230188e+003  9.004974e-001
  3.250188e+003  9.001299e-001
  3.270188e+003  8.997636e-001
  3.290188e+003  8.993983e-001
  3.310188e+003  8.990341e-001
  3.330188e+003  8.986710e-001
  3.350188e+003  8.983089e-001
  3.370188e+003  8.979478e-001
  3.390188e+003  8.975877e-001
  3.410188e+003  8.972287e-001
  3.430188e+003  8.968707e-001
  3.450188e+003  8.965137e-001
  3.470188e+003  8.961577e-001
  3.490188e+003  8.958026e-001
  3.510188e+003  8.954485e-001
  3.530188e+003  8.950954e-001
  3.550188e+003  8.947432e-001
  3.570188e+003  8.943920e-001
  3.590188e+003  8.940417e-001
  3.610188e+003  8.936923e-001
  3.630188e+003  8.933439e-001
  3.650188e+003  8.929964e-001
  3.670188e+003  8.926497e-001
  3.690188e+003  8.923040e-001
  3.710188e+003  8.919591e-001
  3.730188e+003  8.916151e-001
  3.750188e+003  8.912720e-001
  3.770188e+003  8.909297e-001
  3.790188e+003  8.905883e-001
  3.810188e+003  8.902478e-001
  3.830188e+003  8.899081e-001
  3.850188e+003  8.895692e-001
  3.870188e+003  8.892311e-001
  3.890188e+003  8.888939e-001
  3.910188e+003  8.885575e-001
  3.930188e+003  8.882219e-001
  3.950188e+003  8.878871e-001
  3.970188e+003  8.875530e-001
  3.990188e+003  8.872198e-001
  4.000000e+003  8.870566e-001
