HISTORY PLOT
job1

Curve 1
X : Time
Y : Displacement Y [Node 1]

       X              Y       
------------------------------
  0.000000e+000  0.000000e+000
  4.000000e-001 -1.681959e+000
  8.000000e-001 -2.083236e+000
  1.280000e+000 -2.344683e+000
  1.856000e+000 -2.535741e+000
  2.432000e+000 -2.684534e+000
  3.123200e+000 -3.027101e+000
  3.952640e+000 -3.370092e+000
  4.947968e+000 -3.671045e+000
  6.142362e+000 -3.956447e+000
  7.575634e+000 -4.227261e+000
  9.295561e+000 -4.488001e+000
  1.135947e+001 -4.743025e+000
  1.383617e+001 -4.995866e+000
  1.680820e+001 -5.249292e+000
  2.037464e+001 -5.505499e+000
  2.465437e+001 -5.766276e+000
  2.979004e+001 -6.033135e+000
  3.595285e+001 -6.257679e+000
  4.211566e+001 -6.462831e+000
  4.827847e+001 -6.672294e+000
  5.567384e+001 -6.907137e+000
  6.454829e+001 -7.125745e+000
  7.342273e+001 -7.342370e+000
  8.407206e+001 -7.583405e+000
  9.685126e+001 -7.843911e+000
  1.121863e+002 -8.121848e+000
  1.305883e+002 -8.416595e+000
  1.505883e+002 -8.700725e+000
  1.705883e+002 -8.955713e+000
  1.905883e+002 -9.187420e+000
  2.105883e+002 -9.400249e+000
  2.305883e+002 -9.597488e+000
  2.505883e+002 -9.781650e+000
  2.705883e+002 -9.954666e+000
  2.905883e+002 -1.011806e+001
  3.105883e+002 -1.027306e+001
  3.305883e+002 -1.042065e+001
  3.505883e+002 -1.056166e+001
  3.705883e+002 -1.069677e+001
  3.905883e+002 -1.082656e+001
  4.105883e+002 -1.095154e+001
  4.305883e+002 -1.107212e+001
  4.505883e+002 -1.118867e+001
  4.705883e+002 -1.130153e+001
  4.905883e+002 -1.141097e+001
  5.105883e+002 -1.151724e+001
  5.305884e+002 -1.162057e+001
  5.505884e+002 -1.172116e+001
  5.705884e+002 -1.181918e+001
  5.905884e+002 -1.191480e+001
  6.105884e+002 -1.200817e+001
  6.305884e+002 -1.209941e+001
  6.505884e+002 -1.218865e+001
  6.705884e+002 -1.227600e+001
  6.905884e+002 -1.236156e+001
  7.105884e+002 -1.244541e+001
  7.305884e+002 -1.252766e+001
  7.505884e+002 -1.260838e+001
  7.705884e+002 -1.268763e+001
  7.905884e+002 -1.276549e+001
  8.105884e+002 -1.284202e+001
  8.305884e+002 -1.291728e+001
  8.505884e+002 -1.299133e+001
  8.705884e+002 -1.306420e+001
  8.905884e+002 -1.313597e+001
  9.105884e+002 -1.320666e+001
  9.305884e+002 -1.327632e+001
  9.505884e+002 -1.334499e+001
  9.705884e+002 -1.341270e+001
  9.905884e+002 -1.347950e+001
  1.010588e+003 -1.354541e+001
  1.030588e+003 -1.361047e+001
  1.050588e+003 -1.367471e+001
  1.070588e+003 -1.373815e+001
  1.090588e+003 -1.380082e+001
  1.110588e+003 -1.386275e+001
  1.130588e+003 -1.392396e+001
  1.150588e+003 -1.398447e+001
  1.170588e+003 -1.404430e+001
  1.190588e+003 -1.410348e+001
  1.210588e+003 -1.416202e+001
  1.230588e+003 -1.421995e+001
  1.250588e+003 -1.427728e+001
  1.270588e+003 -1.433403e+001
  1.290588e+003 -1.439021e+001
  1.310588e+003 -1.444585e+001
  1.330588e+003 -1.450095e+001
  1.350588e+003 -1.455553e+001
  1.370588e+003 -1.460961e+001
  1.390588e+003 -1.466319e+001
  1.410588e+003 -1.471630e+001
  1.430588e+003 -1.476894e+001
  1.450588e+003 -1.482112e+001
  1.470588e+003 -1.487285e+001
  1.490588e+003 -1.492416e+001
  1.510588e+003 -1.497504e+001
  1.530588e+003 -1.502551e+001
  1.550588e+003 -1.507557e+001
  1.570588e+003 -1.512524e+001
  1.590588e+003 -1.517453e+001
  1.610588e+003 -1.522344e+001
  1.630588e+003 -1.527198e+001
  1.650588e+003 -1.532017e+001
  1.670588e+003 -1.536800e+001
  1.690588e+003 -1.541549e+001
  1.710588e+003 -1.546264e+001
  1.730588e+003 -1.550947e+001
  1.750588e+003 -1.555597e+001
  1.770588e+003 -1.560216e+001
  1.790588e+003 -1.564804e+001
  1.810588e+003 -1.569361e+001
  1.830588e+003 -1.573889e+001
  1.850588e+003 -1.578389e+001
  1.870588e+003 -1.582859e+001
  1.890588e+003 -1.587302e+001
  1.910588e+003 -1.591717e+001
  1.930588e+003 -1.596106e+001
  1.950588e+003 -1.600468e+001
  1.970588e+003 -1.604805e+001
  1.990588e+003 -1.609116e+001
  2.010588e+003 -1.613402e+001
  2.030588e+003 -1.617664e+001
  2.050588e+003 -1.621902e+001
  2.070588e+003 -1.626116e+001
  2.090588e+003 -1.630307e+001
  2.110588e+003 -1.634476e+001
  2.130588e+003 -1.638622e+001
  2.150588e+003 -1.642746e+001
  2.170588e+003 -1.646848e+001
  2.190588e+003 -1.650930e+001
  2.210588e+003 -1.654990e+001
  2.230588e+003 -1.659031e+001
  2.250588e+003 -1.663050e+001
  2.270588e+003 -1.667050e+001
  2.290588e+003 -1.671031e+001
  2.310588e+003 -1.674992e+001
  2.330588e+003 -1.678935e+001
  2.350588e+003 -1.682859e+001
  2.370588e+003 -1.686206e+001
  2.390588e+003 -1.689885e+001
  2.410588e+003 -1.693716e+001
  2.430588e+003 -1.697569e+001
  2.450588e+003 -1.701415e+001
  2.470588e+003 -1.705258e+001
  2.490588e+003 -1.709091e+001
  2.510588e+003 -1.712911e+001
  2.530588e+003 -1.716716e+001
  2.550588e+003 -1.720513e+001
  2.570588e+003 -1.724307e+001
  2.590588e+003 -1.728092e+001
  2.610588e+003 -1.731864e+001
  2.630588e+003 -1.735625e+001
  2.650588e+003 -1.739373e+001
  2.670588e+003 -1.743109e+001
  2.690588e+003 -1.746832e+001
  2.710588e+003 -1.750542e+001
  2.730588e+003 -1.754240e+001
  2.750588e+003 -1.757926e+001
  2.770588e+003 -1.761600e+001
  2.790588e+003 -1.765262e+001
  2.810588e+003 -1.768911e+001
  2.830588e+003 -1.772549e+001
  2.850588e+003 -1.776174e+001
  2.870588e+003 -1.779786e+001
  2.890588e+003 -1.783387e+001
  2.910588e+003 -1.786976e+001
  2.930588e+003 -1.790552e+001
  2.950588e+003 -1.794116e+001
  2.970588e+003 -1.797669e+001
  2.990588e+003 -1.801200e+001
  3.010588e+003 -1.804718e+001
  3.030588e+003 -1.808224e+001
  3.050588e+003 -1.811717e+001
  3.070588e+003 -1.815208e+001
  3.090588e+003 -1.818689e+001
  3.110588e+003 -1.822160e+001
  3.130588e+003 -1.825620e+001
  3.150588e+003 -1.829068e+001
  3.170588e+003 -1.832504e+001
  3.190588e+003 -1.835930e+001
  3.210588e+003 -1.839344e+001
  3.230588e+003 -1.842747e+001
  3.250588e+003 -1.846138e+001
  3.270588e+003 -1.849519e+001
  3.290588e+003 -1.852888e+001
  3.310588e+003 -1.856247e+001
  3.330588e+003 -1.859595e+001
  3.350588e+003 -1.862932e+001
  3.370588e+003 -1.866258e+001
  3.390588e+003 -1.869574e+001
  3.410588e+003 -1.872879e+001
  3.430588e+003 -1.876173e+001
  3.450588e+003 -1.879457e+001
  3.470588e+003 -1.882731e+001
  3.490588e+003 -1.885995e+001
  3.510588e+003 -1.889248e+001
  3.530588e+003 -1.892491e+001
  3.550588e+003 -1.895725e+001
  3.570588e+003 -1.898948e+001
  3.590588e+003 -1.902162e+001
  3.610588e+003 -1.905359e+001
  3.630588e+003 -1.908546e+001
  3.650588e+003 -1.911723e+001
  3.670588e+003 -1.914890e+001
  3.690588e+003 -1.918048e+001
  3.710588e+003 -1.921196e+001
  3.730588e+003 -1.924336e+001
  3.750588e+003 -1.927466e+001
  3.770588e+003 -1.930587e+001
  3.790588e+003 -1.933705e+001
  3.810588e+003 -1.936815e+001
  3.830588e+003 -1.939917e+001
  3.850588e+003 -1.943010e+001
  3.870588e+003 -1.946095e+001
  3.890588e+003 -1.949171e+001
  3.910588e+003 -1.952238e+001
  3.930588e+003 -1.955297e+001
  3.950588e+003 -1.958348e+001
  3.970588e+003 -1.961390e+001
  3.990588e+003 -1.964424e+001
  4.000000e+003 -1.965852e+001

Curve 2
X : Time
Y : Thickness of Element [Node 1]

       X              Y       
------------------------------
  0.000000e+000  1.030000e+000
  4.000000e-001  1.027908e+000
  8.000000e-001  1.026817e+000
  1.280000e+000  1.025974e+000
  1.856000e+000  1.025288e+000
  2.432000e+000  1.024716e+000
  3.123200e+000  1.023232e+000
  3.952640e+000  1.021627e+000
  4.947968e+000  1.020069e+000
  6.142362e+000  1.018478e+000
  7.575634e+000  1.016861e+000
  9.295561e+000  1.015203e+000
  1.135947e+001  1.013487e+000
  1.383617e+001  1.011691e+000
  1.680820e+001  1.009800e+000
  2.037464e+001  1.007796e+000
  2.465437e+001  1.005661e+000
  2.979004e+001  1.003379e+000
  3.595285e+001  1.001393e+000
  4.211566e+001  9.995380e-001
  4.827847e+001  9.976038e-001
  5.567384e+001  9.953735e-001
  6.454829e+001  9.932145e-001
  7.342273e+001  9.910167e-001
  8.407206e+001  9.884984e-001
  9.685126e+001  9.856884e-001
  1.121863e+002  9.825879e-001
  1.305883e+002  9.791844e-001
  1.505883e+002  9.757903e-001
  1.705883e+002  9.726489e-001
  1.905883e+002  9.697159e-001
  2.105883e+002  9.669566e-001
  2.305883e+002  9.643440e-001
  2.505883e+002  9.618573e-001
  2.705883e+002  9.594799e-001
  2.905883e+002  9.571984e-001
  3.105883e+002  9.550020e-001
  3.305883e+002  9.528817e-001
  3.505883e+002  9.508300e-001
  3.705883e+002  9.488405e-001
  3.905883e+002  9.469077e-001
  4.105883e+002  9.450269e-001
  4.305883e+002  9.431941e-001
  4.505883e+002  9.414055e-001
  4.705883e+002  9.396581e-001
  4.905883e+002  9.379491e-001
  5.105883e+002  9.362758e-001
  5.305884e+002  9.346361e-001
  5.505884e+002  9.330280e-001
  5.705884e+002  9.314495e-001
  5.905884e+002  9.298990e-001
  6.105884e+002  9.283750e-001
  6.305884e+002  9.268762e-001
  6.505884e+002  9.254011e-001
  6.705884e+002  9.239487e-001
  6.905884e+002  9.225179e-001
  7.105884e+002  9.211076e-001
  7.305884e+002  9.197171e-001
  7.505884e+002  9.183452e-001
  7.705884e+002  9.169914e-001
  7.905884e+002  9.156548e-001
  8.105884e+002  9.143348e-001
  8.305884e+002  9.130306e-001
  8.505884e+002  9.117417e-001
  8.705884e+002  9.104675e-001
  8.905884e+002  9.092075e-001
  9.105884e+002  9.079611e-001
  9.305884e+002  9.067279e-001
  9.505884e+002  9.055074e-001
  9.705884e+002  9.042992e-001
  9.905884e+002  9.031029e-001
  1.010588e+003  9.019180e-001
  1.030588e+003  9.007443e-001
  1.050588e+003  8.995814e-001
  1.070588e+003  8.984290e-001
  1.090588e+003  8.972866e-001
  1.110588e+003  8.961541e-001
  1.130588e+003  8.950312e-001
  1.150588e+003  8.939176e-001
  1.170588e+003  8.928130e-001
  1.190588e+003  8.917172e-001
  1.210588e+003  8.906299e-001
  1.230588e+003  8.895509e-001
  1.250588e+003  8.884800e-001
  1.270588e+003  8.874170e-001
  1.290588e+003  8.863617e-001
  1.310588e+003  8.853139e-001
  1.330588e+003  8.842734e-001
  1.350588e+003  8.832400e-001
  1.370588e+003  8.822136e-001
  1.390588e+003  8.811940e-001
  1.410588e+003  8.801810e-001
  1.430588e+003  8.791745e-001
  1.450588e+003  8.781743e-001
  1.470588e+003  8.771803e-001
  1.490588e+003  8.761925e-001
  1.510588e+003  8.752105e-001
  1.530588e+003  8.742343e-001
  1.550588e+003  8.732638e-001
  1.570588e+003  8.722988e-001
  1.590588e+003  8.713393e-001
  1.610588e+003  8.703852e-001
  1.630588e+003  8.694362e-001
  1.650588e+003  8.684924e-001
  1.670588e+003  8.675535e-001
  1.690588e+003  8.666196e-001
  1.710588e+003  8.656906e-001
  1.730588e+003  8.647662e-001
  1.750588e+003  8.638465e-001
  1.770588e+003  8.629313e-001
  1.790588e+003  8.620206e-001
  1.810588e+003  8.611143e-001
  1.830588e+003  8.602123e-001
  1.850588e+003  8.593145e-001
  1.870588e+003  8.584209e-001
  1.890588e+003  8.575314e-001
  1.910588e+003  8.566459e-001
  1.930588e+003  8.557643e-001
  1.950588e+003  8.548865e-001
  1.970588e+003  8.540126e-001
  1.990588e+003  8.531425e-001
  2.010588e+003  8.522760e-001
  2.030588e+003  8.514131e-001
  2.050588e+003  8.505538e-001
  2.070588e+003  8.496979e-001
  2.090588e+003  8.488456e-001
  2.110588e+003  8.479966e-001
  2.130588e+003  8.471509e-001
  2.150588e+003  8.463086e-001
  2.170588e+003  8.454694e-001
  2.190588e+003  8.446335e-001
  2.210588e+003  8.438007e-001
  2.230588e+003  8.429709e-001
  2.250588e+003  8.421442e-001
  2.270588e+003  8.413205e-001
  2.290588e+003  8.404998e-001
  2.310588e+003  8.396819e-001
  2.330588e+003  8.388670e-001
  2.350588e+003  8.380548e-001
  2.370588e+003  8.373640e-001
  2.390588e+003  8.366052e-001
  2.410588e+003  8.358128e-001
  2.430588e+003  8.350140e-001
  2.450588e+003  8.342156e-001
  2.470588e+003  8.334192e-001
  2.490588e+003  8.326253e-001
  2.510588e+003  8.318339e-001
  2.530588e+003  8.310450e-001
  2.550588e+003  8.302585e-001
  2.570588e+003  8.294744e-001
  2.590588e+003  8.286927e-001
  2.610588e+003  8.279134e-001
  2.630588e+003  8.271363e-001
  2.650588e+003  8.263616e-001
  2.670588e+003  8.255892e-001
  2.690588e+003  8.248190e-001
  2.710588e+003  8.240510e-001
  2.730588e+003  8.232852e-001
  2.750588e+003  8.225216e-001
  2.770588e+003  8.217601e-001
  2.790588e+003  8.210008e-001
  2.810588e+003  8.202436e-001
  2.830588e+003  8.194885e-001
  2.850588e+003  8.187355e-001
  2.870588e+003  8.179845e-001
  2.890588e+003  8.172356e-001
  2.910588e+003  8.164887e-001
  2.930588e+003  8.157438e-001
  2.950588e+003  8.150009e-001
  2.970588e+003  8.142600e-001
  2.990588e+003  8.135210e-001
  3.010588e+003  8.127840e-001
  3.030588e+003  8.120489e-001
  3.050588e+003  8.113158e-001
  3.070588e+003  8.105846e-001
  3.090588e+003  8.098553e-001
  3.110588e+003  8.091279e-001
  3.130588e+003  8.084024e-001
  3.150588e+003  8.076788e-001
  3.170588e+003  8.069570e-001
  3.190588e+003  8.062370e-001
  3.210588e+003  8.055188e-001
  3.230588e+003  8.048025e-001
  3.250588e+003  8.040880e-001
  3.270588e+003  8.033752e-001
  3.290588e+003  8.026642e-001
  3.310588e+003  8.019549e-001
  3.330588e+003  8.012474e-001
  3.350588e+003  8.005417e-001
  3.370588e+003  7.998376e-001
  3.390588e+003  7.991353e-001
  3.410588e+003  7.984346e-001
  3.430588e+003  7.977356e-001
  3.450588e+003  7.970383e-001
  3.470588e+003  7.963426e-001
  3.490588e+003  7.956485e-001
  3.510588e+003  7.949561e-001
  3.530588e+003  7.942653e-001
  3.550588e+003  7.935760e-001
  3.570588e+003  7.928884e-001
  3.590588e+003  7.922023e-001
  3.610588e+003  7.915177e-001
  3.630588e+003  7.908347e-001
  3.650588e+003  7.901531e-001
  3.670588e+003  7.894731e-001
  3.690588e+003  7.887946e-001
  3.710588e+003  7.881176e-001
  3.730588e+003  7.874420e-001
  3.750588e+003  7.867679e-001
  3.770588e+003  7.860952e-001
  3.790588e+003  7.854241e-001
  3.810588e+003  7.847544e-001
  3.830588e+003  7.840860e-001
  3.850588e+003  7.834191e-001
  3.870588e+003  7.827536e-001
  3.890588e+003  7.820895e-001
  3.910588e+003  7.814267e-001
  3.930588e+003  7.807652e-001
  3.950588e+003  7.801051e-001
  3.970588e+003  7.794463e-001
  3.990588e+003  7.787888e-001
  4.000000e+003  7.784797e-001
