HISTORY PLOT
job1

Curve 1
X : Time
Y : Displacement Y [Node 1]

       X              Y       
------------------------------
  0.000000e+000  0.000000e+000
  1.300000e-001 -2.066982e+000
  2.600000e-001 -2.550989e+000
  3.900000e-001 -2.842316e+000
  5.200000e-001 -3.062715e+000
  6.760000e-001 -3.262502e+000
  8.632000e-001 -3.578650e+000
  1.087840e+000 -3.891668e+000
  1.357408e+000 -4.185823e+000
  1.680890e+000 -4.465352e+000
  2.069067e+000 -4.744150e+000
  2.534881e+000 -5.020136e+000
  3.093857e+000 -5.294431e+000
  3.764629e+000 -5.569093e+000
  4.569554e+000 -5.846208e+000
  5.535465e+000 -6.127665e+000
  6.694558e+000 -6.415132e+000
  8.085470e+000 -6.710094e+000
  9.754564e+000 -7.013903e+000
  1.175748e+001 -7.327816e+000
  1.416097e+001 -7.653036e+000
  1.704517e+001 -7.990743e+000
  2.050620e+001 -8.342116e+000
  2.465944e+001 -8.708364e+000
  2.964333e+001 -9.090742e+000
  3.562399e+001 -9.490574e+000
  4.212399e+001 -9.872504e+000
  4.862399e+001 -1.021329e+001
  5.512399e+001 -1.052179e+001
  6.162399e+001 -1.080446e+001
  6.812399e+001 -1.106602e+001
  7.462399e+001 -1.131000e+001
  8.112399e+001 -1.153909e+001
  8.762399e+001 -1.175540e+001
  9.412399e+001 -1.196060e+001
  1.006240e+002 -1.215604e+001
  1.071240e+002 -1.234282e+001
  1.136240e+002 -1.252188e+001
  1.201240e+002 -1.269399e+001
  1.266240e+002 -1.285982e+001
  1.331240e+002 -1.301992e+001
  1.396240e+002 -1.317480e+001
  1.461240e+002 -1.332487e+001
  1.526240e+002 -1.347052e+001
  1.591240e+002 -1.361208e+001
  1.656240e+002 -1.374984e+001
  1.721240e+002 -1.388406e+001
  1.786240e+002 -1.401497e+001
  1.851240e+002 -1.414280e+001
  1.916240e+002 -1.426772e+001
  1.981240e+002 -1.438992e+001
  2.046240e+002 -1.450955e+001
  2.111240e+002 -1.462675e+001
  2.176240e+002 -1.474166e+001
  2.241240e+002 -1.485440e+001
  2.306240e+002 -1.496508e+001
  2.371240e+002 -1.507380e+001
  2.436240e+002 -1.518066e+001
  2.501240e+002 -1.528574e+001
  2.566240e+002 -1.538913e+001
  2.631240e+002 -1.549090e+001
  2.696240e+002 -1.559112e+001
  2.761240e+002 -1.568986e+001
  2.826240e+002 -1.578719e+001
  2.891240e+002 -1.588315e+001
  2.956240e+002 -1.597781e+001
  3.021240e+002 -1.607122e+001
  3.086240e+002 -1.616342e+001
  3.151240e+002 -1.625445e+001
  3.216240e+002 -1.634437e+001
  3.281240e+002 -1.643322e+001
  3.346240e+002 -1.652102e+001
  3.411240e+002 -1.660782e+001
  3.476240e+002 -1.669365e+001
  3.541240e+002 -1.677855e+001
  3.606240e+002 -1.686254e+001
  3.671240e+002 -1.694565e+001
  3.736240e+002 -1.702792e+001
  3.801240e+002 -1.710937e+001
  3.866240e+002 -1.719002e+001
  3.931240e+002 -1.726990e+001
  3.996240e+002 -1.734903e+001
  4.061240e+002 -1.742743e+001
  4.126240e+002 -1.750513e+001
  4.191240e+002 -1.757404e+001
  4.256240e+002 -1.764764e+001
  4.321240e+002 -1.772285e+001
  4.386240e+002 -1.779841e+001
  4.451240e+002 -1.787380e+001
  4.516240e+002 -1.794885e+001
  4.581240e+002 -1.802345e+001
  4.646240e+002 -1.809760e+001
  4.711240e+002 -1.817129e+001
  4.776240e+002 -1.824450e+001
  4.841240e+002 -1.831722e+001
  4.906240e+002 -1.838926e+001
  4.971240e+002 -1.846098e+001
  5.036240e+002 -1.853230e+001
  5.101240e+002 -1.860317e+001
  5.166240e+002 -1.867360e+001
  5.231240e+002 -1.874357e+001
  5.296240e+002 -1.881313e+001
  5.361240e+002 -1.888225e+001
  5.426240e+002 -1.895092e+001
  5.491240e+002 -1.901917e+001
  5.556240e+002 -1.908698e+001
  5.621240e+002 -1.915437e+001
  5.686240e+002 -1.922133e+001
  5.751240e+002 -1.928788e+001
  5.816240e+002 -1.935402e+001
  5.881240e+002 -1.941975e+001
  5.946240e+002 -1.948508e+001
  6.011240e+002 -1.955002e+001
  6.076240e+002 -1.961456e+001
  6.141240e+002 -1.967872e+001
  6.206240e+002 -1.974250e+001
  6.271240e+002 -1.980591e+001
  6.336240e+002 -1.986896e+001
  6.401240e+002 -1.993165e+001
  6.466240e+002 -1.999398e+001
  6.531240e+002 -2.005596e+001
  6.596240e+002 -2.011759e+001
  6.661240e+002 -2.017889e+001
  6.726240e+002 -2.023985e+001
  6.791240e+002 -2.030048e+001
  6.856240e+002 -2.036079e+001
  6.921240e+002 -2.042078e+001
  6.986240e+002 -2.048046e+001
  7.051240e+002 -2.053983e+001
  7.116240e+002 -2.059889e+001
  7.181240e+002 -2.065766e+001
  7.246240e+002 -2.071614e+001
  7.311240e+002 -2.077433e+001
  7.376240e+002 -2.083224e+001
  7.441240e+002 -2.088987e+001
  7.506240e+002 -2.094723e+001
  7.571240e+002 -2.100432e+001
  7.636240e+002 -2.106115e+001
  7.701240e+002 -2.111771e+001
  7.766240e+002 -2.117403e+001
  7.831240e+002 -2.123009e+001
  7.896240e+002 -2.128591e+001
  7.961240e+002 -2.134148e+001
  8.026240e+002 -2.139681e+001
  8.091240e+002 -2.145192e+001
  8.156240e+002 -2.150679e+001
  8.221240e+002 -2.156144e+001
  8.286240e+002 -2.161586e+001
  8.351240e+002 -2.167007e+001
  8.416240e+002 -2.172406e+001
  8.481240e+002 -2.177784e+001
  8.546240e+002 -2.183141e+001
  8.611240e+002 -2.188478e+001
  8.676240e+002 -2.193794e+001
  8.741240e+002 -2.199091e+001
  8.806240e+002 -2.204368e+001
  8.871240e+002 -2.209627e+001
  8.936240e+002 -2.214866e+001
  9.001240e+002 -2.220087e+001
  9.066240e+002 -2.225290e+001
  9.131240e+002 -2.230475e+001
  9.196240e+002 -2.235642e+001
  9.261240e+002 -2.240792e+001
  9.326240e+002 -2.245925e+001
  9.391240e+002 -2.251041e+001
  9.456240e+002 -2.256140e+001
  9.521240e+002 -2.261224e+001
  9.586240e+002 -2.266291e+001
  9.651240e+002 -2.271343e+001
  9.716240e+002 -2.276379e+001
  9.781240e+002 -2.281400e+001
  9.846240e+002 -2.286406e+001
  9.911240e+002 -2.291397e+001
  9.976240e+002 -2.296374e+001
  1.004124e+003 -2.301336e+001
  1.010624e+003 -2.306285e+001
  1.017124e+003 -2.311219e+001
  1.023624e+003 -2.316140e+001
  1.030124e+003 -2.321048e+001
  1.036624e+003 -2.325942e+001
  1.043124e+003 -2.330823e+001
  1.049624e+003 -2.335692e+001
  1.056124e+003 -2.340548e+001
  1.062624e+003 -2.345391e+001
  1.069124e+003 -2.350223e+001
  1.075624e+003 -2.355042e+001
  1.082124e+003 -2.359850e+001
  1.088624e+003 -2.364646e+001
  1.095124e+003 -2.369430e+001
  1.101624e+003 -2.374203e+001
  1.108124e+003 -2.378966e+001
  1.114624e+003 -2.383717e+001
  1.121124e+003 -2.388457e+001
  1.127624e+003 -2.393187e+001
  1.134124e+003 -2.397907e+001
  1.140624e+003 -2.402616e+001
  1.147124e+003 -2.407315e+001
  1.153624e+003 -2.412005e+001
  1.160124e+003 -2.416684e+001
  1.166624e+003 -2.421354e+001
  1.173124e+003 -2.426015e+001
  1.179624e+003 -2.430666e+001
  1.186124e+003 -2.435308e+001
  1.192624e+003 -2.439941e+001
  1.199124e+003 -2.444565e+001
  1.205624e+003 -2.449180e+001
  1.212124e+003 -2.453787e+001
  1.218624e+003 -2.458385e+001
  1.225124e+003 -2.462975e+001
  1.231624e+003 -2.467557e+001
  1.238124e+003 -2.472130e+001
  1.244624e+003 -2.476696e+001
  1.251124e+003 -2.481254e+001
  1.257624e+003 -2.485805e+001
  1.264124e+003 -2.490347e+001
  1.270624e+003 -2.494883e+001
  1.277124e+003 -2.499411e+001
  1.283624e+003 -2.503932e+001
  1.290124e+003 -2.508446e+001
  1.296624e+003 -2.512953e+001
  1.300000e+003 -2.515295e+001

Curve 2
X : Time
Y : Thickness of Element [Node 1]

       X              Y       
------------------------------
  0.000000e+000  1.040000e+000
  1.300000e-001  1.037201e+000
  2.600000e-001  1.035753e+000
  3.900000e-001  1.034731e+000
  5.200000e-001  1.033887e+000
  6.760000e-001  1.033066e+000
  8.632000e-001  1.031619e+000
  1.087840e+000  1.030078e+000
  1.357408e+000  1.028517e+000
  1.680890e+000  1.026931e+000
  2.069067e+000  1.025258e+000
  2.534881e+000  1.023510e+000
  3.093857e+000  1.021678e+000
  3.764629e+000  1.019750e+000
  4.569554e+000  1.017709e+000
  5.535465e+000  1.015539e+000
  6.694558e+000  1.013222e+000
  8.085470e+000  1.010741e+000
  9.754564e+000  1.008076e+000
  1.175748e+001  1.005208e+000
  1.416097e+001  1.002115e+000
  1.704517e+001  9.987736e-001
  2.050620e+001  9.951597e-001
  2.465944e+001  9.912456e-001
  2.964333e+001  9.870016e-001
  3.562399e+001  9.823949e-001
  4.212399e+001  9.778348e-001
  4.862399e+001  9.736345e-001
  5.512399e+001  9.697253e-001
  6.162399e+001  9.660556e-001
  6.812399e+001  9.625864e-001
  7.462399e+001  9.592877e-001
  8.112399e+001  9.561361e-001
  8.762399e+001  9.531131e-001
  9.412399e+001  9.502036e-001
  1.006240e+002  9.473952e-001
  1.071240e+002  9.446777e-001
  1.136240e+002  9.420423e-001
  1.201240e+002  9.394816e-001
  1.266240e+002  9.369893e-001
  1.331240e+002  9.345597e-001
  1.396240e+002  9.321882e-001
  1.461240e+002  9.298704e-001
  1.526240e+002  9.276026e-001
  1.591240e+002  9.253814e-001
  1.656240e+002  9.232038e-001
  1.721240e+002  9.210671e-001
  1.786240e+002  9.189688e-001
  1.851240e+002  9.169068e-001
  1.916240e+002  9.148790e-001
  1.981240e+002  9.128837e-001
  2.046240e+002  9.109190e-001
  2.111240e+002  9.089835e-001
  2.176240e+002  9.070757e-001
  2.241240e+002  9.051944e-001
  2.306240e+002  9.033382e-001
  2.371240e+002  9.015061e-001
  2.436240e+002  8.996970e-001
  2.501240e+002  8.979100e-001
  2.566240e+002  8.961441e-001
  2.631240e+002  8.943985e-001
  2.696240e+002  8.926723e-001
  2.761240e+002  8.909648e-001
  2.826240e+002  8.892753e-001
  2.891240e+002  8.876032e-001
  2.956240e+002  8.859478e-001
  3.021240e+002  8.843085e-001
  3.086240e+002  8.826847e-001
  3.151240e+002  8.810760e-001
  3.216240e+002  8.794818e-001
  3.281240e+002  8.779017e-001
  3.346240e+002  8.763351e-001
  3.411240e+002  8.747817e-001
  3.476240e+002  8.732411e-001
  3.541240e+002  8.717129e-001
  3.606240e+002  8.701966e-001
  3.671240e+002  8.686920e-001
  3.736240e+002  8.671987e-001
  3.801240e+002  8.657164e-001
  3.866240e+002  8.642448e-001
  3.931240e+002  8.627835e-001
  3.996240e+002  8.613323e-001
  4.061240e+002  8.598910e-001
  4.126240e+002  8.584592e-001
  4.191240e+002  8.571907e-001
  4.256240e+002  8.558381e-001
  4.321240e+002  8.544564e-001
  4.386240e+002  8.530685e-001
  4.451240e+002  8.516832e-001
  4.516240e+002  8.503039e-001
  4.581240e+002  8.489318e-001
  4.646240e+002  8.475672e-001
  4.711240e+002  8.462101e-001
  4.776240e+002  8.448605e-001
  4.841240e+002  8.435182e-001
  4.906240e+002  8.421835e-001
  4.971240e+002  8.408557e-001
  5.036240e+002  8.395348e-001
  5.101240e+002  8.382208e-001
  5.166240e+002  8.369135e-001
  5.231240e+002  8.356128e-001
  5.296240e+002  8.343188e-001
  5.361240e+002  8.330312e-001
  5.426240e+002  8.317499e-001
  5.491240e+002  8.304750e-001
  5.556240e+002  8.292063e-001
  5.621240e+002  8.279438e-001
  5.686240e+002  8.266872e-001
  5.751240e+002  8.254367e-001
  5.816240e+002  8.241920e-001
  5.881240e+002  8.229532e-001
  5.946240e+002  8.217200e-001
  6.011240e+002  8.204925e-001
  6.076240e+002  8.192706e-001
  6.141240e+002  8.180541e-001
  6.206240e+002  8.168430e-001
  6.271240e+002  8.156372e-001
  6.336240e+002  8.144367e-001
  6.401240e+002  8.132413e-001
  6.466240e+002  8.120510e-001
  6.531240e+002  8.108657e-001
  6.596240e+002  8.096852e-001
  6.661240e+002  8.085096e-001
  6.726240e+002  8.073388e-001
  6.791240e+002  8.061727e-001
  6.856240e+002  8.050111e-001
  6.921240e+002  8.038541e-001
  6.986240e+002  8.027016e-001
  7.051240e+002  8.015534e-001
  7.116240e+002  8.004095e-001
  7.181240e+002  7.992699e-001
  7.246240e+002  7.981345e-001
  7.311240e+002  7.970032e-001
  7.376240e+002  7.958759e-001
  7.441240e+002  7.947526e-001
  7.506240e+002  7.936331e-001
  7.571240e+002  7.925176e-001
  7.636240e+002  7.914058e-001
  7.701240e+002  7.902978e-001
  7.766240e+002  7.891934e-001
  7.831240e+002  7.880926e-001
  7.896240e+002  7.869954e-001
  7.961240e+002  7.859016e-001
  8.026240e+002  7.848113e-001
  8.091240e+002  7.837244e-001
  8.156240e+002  7.826408e-001
  8.221240e+002  7.815605e-001
  8.286240e+002  7.804834e-001
  8.351240e+002  7.794094e-001
  8.416240e+002  7.783386e-001
  8.481240e+002  7.772709e-001
  8.546240e+002  7.762061e-001
  8.611240e+002  7.751444e-001
  8.676240e+002  7.740856e-001
  8.741240e+002  7.730297e-001
  8.806240e+002  7.719766e-001
  8.871240e+002  7.709263e-001
  8.936240e+002  7.698787e-001
  9.001240e+002  7.688339e-001
  9.066240e+002  7.677917e-001
  9.131240e+002  7.667522e-001
  9.196240e+002  7.657152e-001
  9.261240e+002  7.646808e-001
  9.326240e+002  7.636489e-001
  9.391240e+002  7.626195e-001
  9.456240e+002  7.615925e-001
  9.521240e+002  7.605679e-001
  9.586240e+002  7.595457e-001
  9.651240e+002  7.585258e-001
  9.716240e+002  7.575082e-001
  9.781240e+002  7.564928e-001
  9.846240e+002  7.554797e-001
  9.911240e+002  7.544687e-001
  9.976240e+002  7.534599e-001
  1.004124e+003  7.524532e-001
  1.010624e+003  7.514486e-001
  1.017124e+003  7.504461e-001
  1.023624e+003  7.494456e-001
  1.030124e+003  7.484471e-001
  1.036624e+003  7.474506e-001
  1.043124e+003  7.464560e-001
  1.049624e+003  7.454634e-001
  1.056124e+003  7.444726e-001
  1.062624e+003  7.434837e-001
  1.069124e+003  7.424966e-001
  1.075624e+003  7.415113e-001
  1.082124e+003  7.405277e-001
  1.088624e+003  7.395460e-001
  1.095124e+003  7.385659e-001
  1.101624e+003  7.375875e-001
  1.108124e+003  7.366109e-001
  1.114624e+003  7.356358e-001
  1.121124e+003  7.346624e-001
  1.127624e+003  7.336906e-001
  1.134124e+003  7.327204e-001
  1.140624e+003  7.317517e-001
  1.147124e+003  7.307845e-001
  1.153624e+003  7.298189e-001
  1.160124e+003  7.288547e-001
  1.166624e+003  7.278920e-001
  1.173124e+003  7.269307e-001
  1.179624e+003  7.259708e-001
  1.186124e+003  7.250124e-001
  1.192624e+003  7.240553e-001
  1.199124e+003  7.230996e-001
  1.205624e+003  7.221452e-001
  1.212124e+003  7.211921e-001
  1.218624e+003  7.202403e-001
  1.225124e+003  7.192898e-001
  1.231624e+003  7.183406e-001
  1.238124e+003  7.173925e-001
  1.244624e+003  7.164457e-001
  1.251124e+003  7.155001e-001
  1.257624e+003  7.145557e-001
  1.264124e+003  7.136125e-001
  1.270624e+003  7.126703e-001
  1.277124e+003  7.117293e-001
  1.283624e+003  7.107894e-001
  1.290124e+003  7.098507e-001
  1.296624e+003  7.089129e-001
  1.300000e+003  7.084261e-001
