HISTORY PLOT
job1

Curve 1
X : Time
Y : Displacement Y [Node 1]

       X              Y       
------------------------------
  0.000000e+000  0.000000e+000
  6.000000e-002 -1.962546e+000
  1.200000e-001 -2.453278e+000
  1.920000e-001 -2.785689e+000
  2.784000e-001 -3.051233e+000
  3.820800e-001 -3.281857e+000
  5.064960e-001 -3.587105e+000
  6.557952e-001 -3.907531e+000
  8.349543e-001 -4.215803e+000
  1.049945e+000 -4.509121e+000
  1.307934e+000 -4.791341e+000
  1.617521e+000 -5.067030e+000
  1.989025e+000 -5.340078e+000
  2.434830e+000 -5.613578e+000
  2.969796e+000 -5.889989e+000
  3.611755e+000 -6.131074e+000
  4.382106e+000 -6.375877e+000
  5.152458e+000 -6.595381e+000
  5.922809e+000 -6.816951e+000
  6.847230e+000 -7.063666e+000
  7.956535e+000 -7.328393e+000
  9.287703e+000 -7.608045e+000
  1.088510e+001 -7.901567e+000
  1.280198e+001 -8.208921e+000
  1.510224e+001 -8.530597e+000
  1.786255e+001 -8.867367e+000
  2.086255e+001 -9.189169e+000
  2.386255e+001 -9.476261e+000
  2.686255e+001 -9.736076e+000
  2.986255e+001 -9.974040e+000
  3.286255e+001 -1.019413e+001
  3.586255e+001 -1.039931e+001
  3.886255e+001 -1.059186e+001
  4.186255e+001 -1.077356e+001
  4.486255e+001 -1.094582e+001
  4.786255e+001 -1.110978e+001
  5.086255e+001 -1.126640e+001
  5.386255e+001 -1.141644e+001
  5.686255e+001 -1.156057e+001
  5.986255e+001 -1.169936e+001
  6.286255e+001 -1.183327e+001
  6.586255e+001 -1.196274e+001
  6.886255e+001 -1.208811e+001
  7.186255e+001 -1.220972e+001
  7.486255e+001 -1.232784e+001
  7.786255e+001 -1.244272e+001
  8.086255e+001 -1.255459e+001
  8.386255e+001 -1.266364e+001
  8.686255e+001 -1.277005e+001
  8.986255e+001 -1.287400e+001
  9.286255e+001 -1.297561e+001
  9.586255e+001 -1.307504e+001
  9.886255e+001 -1.317240e+001
  1.018625e+002 -1.326780e+001
  1.048625e+002 -1.336134e+001
  1.078625e+002 -1.345313e+001
  1.108625e+002 -1.354324e+001
  1.138625e+002 -1.363177e+001
  1.168625e+002 -1.371877e+001
  1.198625e+002 -1.380433e+001
  1.228625e+002 -1.388850e+001
  1.258625e+002 -1.397136e+001
  1.288625e+002 -1.405295e+001
  1.318625e+002 -1.413332e+001
  1.348625e+002 -1.421253e+001
  1.378625e+002 -1.429063e+001
  1.408625e+002 -1.436765e+001
  1.438625e+002 -1.444363e+001
  1.468625e+002 -1.451862e+001
  1.498625e+002 -1.459266e+001
  1.528625e+002 -1.466577e+001
  1.558625e+002 -1.473799e+001
  1.588625e+002 -1.480935e+001
  1.618625e+002 -1.487988e+001
  1.648625e+002 -1.494960e+001
  1.678625e+002 -1.501855e+001
  1.708625e+002 -1.508675e+001
  1.738625e+002 -1.515422e+001
  1.768625e+002 -1.522098e+001
  1.798625e+002 -1.528706e+001
  1.828625e+002 -1.535248e+001
  1.858625e+002 -1.541725e+001
  1.888625e+002 -1.548140e+001
  1.918625e+002 -1.554494e+001
  1.948625e+002 -1.560789e+001
  1.978625e+002 -1.567027e+001
  2.008625e+002 -1.573209e+001
  2.038625e+002 -1.579337e+001
  2.068625e+002 -1.585413e+001
  2.098625e+002 -1.591436e+001
  2.128625e+002 -1.597410e+001
  2.158625e+002 -1.603335e+001
  2.188625e+002 -1.609213e+001
  2.218625e+002 -1.615044e+001
  2.248625e+002 -1.620830e+001
  2.278625e+002 -1.626572e+001
  2.308625e+002 -1.632271e+001
  2.338625e+002 -1.637928e+001
  2.368625e+002 -1.643544e+001
  2.398625e+002 -1.649121e+001
  2.428625e+002 -1.654657e+001
  2.458625e+002 -1.660156e+001
  2.488625e+002 -1.665618e+001
  2.518625e+002 -1.671043e+001
  2.548625e+002 -1.676432e+001
  2.578625e+002 -1.681789e+001
  2.608625e+002 -1.687121e+001
  2.638625e+002 -1.692422e+001
  2.668625e+002 -1.697697e+001
  2.698625e+002 -1.702941e+001
  2.728625e+002 -1.708174e+001
  2.758625e+002 -1.713377e+001
  2.788625e+002 -1.718560e+001
  2.818625e+002 -1.723732e+001
  2.848625e+002 -1.728883e+001
  2.878625e+002 -1.734009e+001
  2.908625e+002 -1.739109e+001
  2.938625e+002 -1.744183e+001
  2.968625e+002 -1.749233e+001
  2.998625e+002 -1.754262e+001
  3.028625e+002 -1.759268e+001
  3.058625e+002 -1.764252e+001
  3.088625e+002 -1.769212e+001
  3.118625e+002 -1.774150e+001
  3.148625e+002 -1.779064e+001
  3.178625e+002 -1.783956e+001
  3.208625e+002 -1.788824e+001
  3.238625e+002 -1.793671e+001
  3.268625e+002 -1.798494e+001
  3.298625e+002 -1.803296e+001
  3.328625e+002 -1.808077e+001
  3.358625e+002 -1.812836e+001
  3.388625e+002 -1.817573e+001
  3.418625e+002 -1.822289e+001
  3.448625e+002 -1.826989e+001
  3.478625e+002 -1.831669e+001
  3.508625e+002 -1.836329e+001
  3.538625e+002 -1.840968e+001
  3.568625e+002 -1.845586e+001
  3.598625e+002 -1.850184e+001
  3.628625e+002 -1.854761e+001
  3.658625e+002 -1.859318e+001
  3.688625e+002 -1.863855e+001
  3.718625e+002 -1.868372e+001
  3.748625e+002 -1.872870e+001
  3.778625e+002 -1.877348e+001
  3.808625e+002 -1.881806e+001
  3.838625e+002 -1.886246e+001
  3.868625e+002 -1.890667e+001
  3.898625e+002 -1.895069e+001
  3.928625e+002 -1.899453e+001
  3.958625e+002 -1.903819e+001
  3.988625e+002 -1.908167e+001
  4.018625e+002 -1.912498e+001
  4.048625e+002 -1.916810e+001
  4.078625e+002 -1.921106e+001
  4.108625e+002 -1.925384e+001
  4.138625e+002 -1.929645e+001
  4.168625e+002 -1.933890e+001
  4.198625e+002 -1.938118e+001
  4.228625e+002 -1.942330e+001
  4.258625e+002 -1.946525e+001
  4.288625e+002 -1.950705e+001
  4.318625e+002 -1.954869e+001
  4.348625e+002 -1.959018e+001
  4.378625e+002 -1.963151e+001
  4.408625e+002 -1.967269e+001
  4.438625e+002 -1.971372e+001
  4.468625e+002 -1.975461e+001
  4.498625e+002 -1.979535e+001
  4.528625e+002 -1.983594e+001
  4.558625e+002 -1.987640e+001
  4.588625e+002 -1.991671e+001
  4.618625e+002 -1.995689e+001
  4.648625e+002 -1.999693e+001
  4.678625e+002 -2.003684e+001
  4.708625e+002 -2.007661e+001
  4.738625e+002 -2.011626e+001
  4.768625e+002 -2.015577e+001
  4.798625e+002 -2.019516e+001
  4.828625e+002 -2.023442e+001
  4.858625e+002 -2.027356e+001
  4.888625e+002 -2.031257e+001
  4.918625e+002 -2.035147e+001
  4.948625e+002 -2.039024e+001
  4.978625e+002 -2.042890e+001
  5.008625e+002 -2.046744e+001
  5.038625e+002 -2.050587e+001
  5.068625e+002 -2.054418e+001
  5.098625e+002 -2.058238e+001
  5.128625e+002 -2.062047e+001
  5.158625e+002 -2.065845e+001
  5.188625e+002 -2.069633e+001
  5.218625e+002 -2.073410e+001
  5.248625e+002 -2.077176e+001
  5.278625e+002 -2.080932e+001
  5.308625e+002 -2.084678e+001
  5.338625e+002 -2.088414e+001
  5.368625e+002 -2.092140e+001
  5.398625e+002 -2.095856e+001
  5.428625e+002 -2.099563e+001
  5.458625e+002 -2.103259e+001
  5.488625e+002 -2.106947e+001
  5.518625e+002 -2.110625e+001
  5.548625e+002 -2.114294e+001
  5.578625e+002 -2.117954e+001
  5.608625e+002 -2.121605e+001
  5.638625e+002 -2.125247e+001
  5.668625e+002 -2.128881e+001
  5.698625e+002 -2.132505e+001
  5.728625e+002 -2.136122e+001
  5.758625e+002 -2.139730e+001
  5.788625e+002 -2.143329e+001
  5.818625e+002 -2.146921e+001
  5.848625e+002 -2.150504e+001
  5.878625e+002 -2.154080e+001
  5.908625e+002 -2.157647e+001
  5.938625e+002 -2.161207e+001
  5.968625e+002 -2.164759e+001
  6.000000e+002 -2.168466e+001

Curve 2
X : Time
Y : Thickness of Element [Node 1]

       X              Y       
------------------------------
  0.000000e+000  1.050000e+000
  6.000000e-002  1.047082e+000
  1.200000e-001  1.045472e+000
  1.920000e-001  1.044168e+000
  2.784000e-001  1.043004e+000
  3.820800e-001  1.041905e+000
  5.064960e-001  1.040310e+000
  6.557952e-001  1.038520e+000
  8.349543e-001  1.036663e+000
  1.049945e+000  1.034767e+000
  1.307934e+000  1.032822e+000
  1.617521e+000  1.030808e+000
  1.989025e+000  1.028704e+000
  2.434830e+000  1.026488e+000
  2.969796e+000  1.024140e+000
  3.611755e+000  1.022007e+000
  4.382106e+000  1.019783e+000
  5.152458e+000  1.017729e+000
  5.922809e+000  1.015604e+000
  6.847230e+000  1.013166e+000
  7.956535e+000  1.010459e+000
  9.287703e+000  1.007491e+000
  1.088510e+001  1.004257e+000
  1.280198e+001  1.000739e+000
  1.510224e+001  9.969144e-001
  1.786255e+001  9.927566e-001
  2.086255e+001  9.886369e-001
  2.386255e+001  9.848402e-001
  2.686255e+001  9.813056e-001
  2.986255e+001  9.779872e-001
  3.286255e+001  9.748499e-001
  3.586255e+001  9.718669e-001
  3.886255e+001  9.690173e-001
  4.186255e+001  9.662843e-001
  4.486255e+001  9.636542e-001
  4.786255e+001  9.611160e-001
  5.086255e+001  9.586603e-001
  5.386255e+001  9.562794e-001
  5.686255e+001  9.539664e-001
  5.986255e+001  9.517157e-001
  6.286255e+001  9.495221e-001
  6.586255e+001  9.473815e-001
  6.886255e+001  9.452898e-001
  7.186255e+001  9.432436e-001
  7.486255e+001  9.412401e-001
  7.786255e+001  9.392763e-001
  8.086255e+001  9.373499e-001
  8.386255e+001  9.354586e-001
  8.686255e+001  9.336005e-001
  8.986255e+001  9.317736e-001
  9.286255e+001  9.299764e-001
  9.586255e+001  9.282073e-001
  9.886255e+001  9.264649e-001
  1.018625e+002  9.247479e-001
  1.048625e+002  9.230551e-001
  1.078625e+002  9.213855e-001
  1.108625e+002  9.197378e-001
  1.138625e+002  9.181114e-001
  1.168625e+002  9.165051e-001
  1.198625e+002  9.149182e-001
  1.228625e+002  9.133500e-001
  1.258625e+002  9.117996e-001
  1.288625e+002  9.102664e-001
  1.318625e+002  9.087498e-001
  1.348625e+002  9.072491e-001
  1.378625e+002  9.057638e-001
  1.408625e+002  9.042934e-001
  1.438625e+002  9.028373e-001
  1.468625e+002  9.013951e-001
  1.498625e+002  8.999662e-001
  1.528625e+002  8.985503e-001
  1.558625e+002  8.971470e-001
  1.588625e+002  8.957558e-001
  1.618625e+002  8.943764e-001
  1.648625e+002  8.930084e-001
  1.678625e+002  8.916516e-001
  1.708625e+002  8.903055e-001
  1.738625e+002  8.889698e-001
  1.768625e+002  8.876444e-001
  1.798625e+002  8.863288e-001
  1.828625e+002  8.850229e-001
  1.858625e+002  8.837263e-001
  1.888625e+002  8.824389e-001
  1.918625e+002  8.811603e-001
  1.948625e+002  8.798904e-001
  1.978625e+002  8.786289e-001
  2.008625e+002  8.773756e-001
  2.038625e+002  8.761303e-001
  2.068625e+002  8.748929e-001
  2.098625e+002  8.736632e-001
  2.128625e+002  8.724409e-001
  2.158625e+002  8.712258e-001
  2.188625e+002  8.700179e-001
  2.218625e+002  8.688169e-001
  2.248625e+002  8.676228e-001
  2.278625e+002  8.664353e-001
  2.308625e+002  8.652543e-001
  2.338625e+002  8.640796e-001
  2.368625e+002  8.629112e-001
  2.398625e+002  8.617489e-001
  2.428625e+002  8.605926e-001
  2.458625e+002  8.594420e-001
  2.488625e+002  8.582972e-001
  2.518625e+002  8.571581e-001
  2.548625e+002  8.560244e-001
  2.578625e+002  8.548961e-001
  2.608625e+002  8.537734e-001
  2.638625e+002  8.526559e-001
  2.668625e+002  8.515435e-001
  2.698625e+002  8.504361e-001
  2.728625e+002  8.493335e-001
  2.758625e+002  8.482358e-001
  2.788625e+002  8.471427e-001
  2.818625e+002  8.460541e-001
  2.848625e+002  8.449700e-001
  2.878625e+002  8.438904e-001
  2.908625e+002  8.428151e-001
  2.938625e+002  8.417442e-001
  2.968625e+002  8.406775e-001
  2.998625e+002  8.396150e-001
  3.028625e+002  8.385566e-001
  3.058625e+002  8.375023e-001
  3.088625e+002  8.364520e-001
  3.118625e+002  8.354057e-001
  3.148625e+002  8.343634e-001
  3.178625e+002  8.333249e-001
  3.208625e+002  8.322902e-001
  3.238625e+002  8.312594e-001
  3.268625e+002  8.302323e-001
  3.298625e+002  8.292089e-001
  3.328625e+002  8.281892e-001
  3.358625e+002  8.271732e-001
  3.388625e+002  8.261609e-001
  3.418625e+002  8.251521e-001
  3.448625e+002  8.241468e-001
  3.478625e+002  8.231452e-001
  3.508625e+002  8.221470e-001
  3.538625e+002  8.211522e-001
  3.568625e+002  8.201608e-001
  3.598625e+002  8.191729e-001
  3.628625e+002  8.181882e-001
  3.658625e+002  8.172069e-001
  3.688625e+002  8.162288e-001
  3.718625e+002  8.152539e-001
  3.748625e+002  8.142823e-001
  3.778625e+002  8.133138e-001
  3.808625e+002  8.123484e-001
  3.838625e+002  8.113861e-001
  3.868625e+002  8.104269e-001
  3.898625e+002  8.094706e-001
  3.928625e+002  8.085174e-001
  3.958625e+002  8.075671e-001
  3.988625e+002  8.066198e-001
  4.018625e+002  8.056753e-001
  4.048625e+002  8.047336e-001
  4.078625e+002  8.037948e-001
  4.108625e+002  8.028588e-001
  4.138625e+002  8.019255e-001
  4.168625e+002  8.009949e-001
  4.198625e+002  8.000669e-001
  4.228625e+002  7.991417e-001
  4.258625e+002  7.982190e-001
  4.288625e+002  7.972989e-001
  4.318625e+002  7.963814e-001
  4.348625e+002  7.954664e-001
  4.378625e+002  7.945538e-001
  4.408625e+002  7.936437e-001
  4.438625e+002  7.927361e-001
  4.468625e+002  7.918308e-001
  4.498625e+002  7.909279e-001
  4.528625e+002  7.900274e-001
  4.558625e+002  7.891291e-001
  4.588625e+002  7.882331e-001
  4.618625e+002  7.873394e-001
  4.648625e+002  7.864478e-001
  4.678625e+002  7.855585e-001
  4.708625e+002  7.846713e-001
  4.738625e+002  7.837863e-001
  4.768625e+002  7.829034e-001
  4.798625e+002  7.820226e-001
  4.828625e+002  7.811438e-001
  4.858625e+002  7.802670e-001
  4.888625e+002  7.793923e-001
  4.918625e+002  7.785195e-001
  4.948625e+002  7.776487e-001
  4.978625e+002  7.767799e-001
  5.008625e+002  7.759129e-001
  5.038625e+002  7.750478e-001
  5.068625e+002  7.741846e-001
  5.098625e+002  7.733233e-001
  5.128625e+002  7.724637e-001
  5.158625e+002  7.716059e-001
  5.188625e+002  7.707500e-001
  5.218625e+002  7.698957e-001
  5.248625e+002  7.690432e-001
  5.278625e+002  7.681924e-001
  5.308625e+002  7.673433e-001
  5.338625e+002  7.664958e-001
  5.368625e+002  7.656500e-001
  5.398625e+002  7.648058e-001
  5.428625e+002  7.639632e-001
  5.458625e+002  7.631223e-001
  5.488625e+002  7.622828e-001
  5.518625e+002  7.614449e-001
  5.548625e+002  7.606086e-001
  5.578625e+002  7.597737e-001
  5.608625e+002  7.589404e-001
  5.638625e+002  7.581085e-001
  5.668625e+002  7.572781e-001
  5.698625e+002  7.564491e-001
  5.728625e+002  7.556215e-001
  5.758625e+002  7.547954e-001
  5.788625e+002  7.539706e-001
  5.818625e+002  7.531472e-001
  5.848625e+002  7.523251e-001
  5.878625e+002  7.515044e-001
  5.908625e+002  7.506850e-001
  5.938625e+002  7.498669e-001
  5.968625e+002  7.490501e-001
  6.000000e+002  7.481972e-001
