HISTORY PLOT
job1

Curve 1
X : Time
Y : Displacement Y [Node 1]

       X              Y       
------------------------------
  0.000000e+000  0.000000e+000
  4.000000e-001 -6.573090e-001
  8.000000e-001 -8.055639e-001
  1.280000e+000 -8.929668e-001
  1.760000e+000 -9.511155e-001
  2.240000e+000 -9.946013e-001
  2.720000e+000 -1.115361e+000
  3.296000e+000 -1.240102e+000
  3.987200e+000 -1.349558e+000
  4.816640e+000 -1.452711e+000
  5.811968e+000 -1.549896e+000
  7.006361e+000 -1.642880e+000
  8.439634e+000 -1.733340e+000
  1.015956e+001 -1.822613e+000
  1.222347e+001 -1.911724e+000
  1.470017e+001 -2.001466e+000
  1.767220e+001 -2.092472e+000
  2.123864e+001 -2.185257e+000
  2.551837e+001 -2.280263e+000
  3.065404e+001 -2.377873e+000
  3.681685e+001 -2.478434e+000
  4.421222e+001 -2.582270e+000
  5.308667e+001 -2.689686e+000
  6.373600e+001 -2.800980e+000
  7.651520e+001 -2.916445e+000
  9.185024e+001 -3.017548e+000
  1.102523e+002 -3.126159e+000
  1.286543e+002 -3.220878e+000
  1.470564e+002 -3.310363e+000
  1.654584e+002 -3.400208e+000
  1.854584e+002 -3.492123e+000
  2.054584e+002 -3.576970e+000
  2.254584e+002 -3.655162e+000
  2.454584e+002 -3.727519e+000
  2.654584e+002 -3.794854e+000
  2.854584e+002 -3.857866e+000
  3.054584e+002 -3.917135e+000
  3.254584e+002 -3.973136e+000
  3.454584e+002 -4.026258e+000
  3.654584e+002 -4.076828e+000
  3.854584e+002 -4.125113e+000
  4.054584e+002 -4.171346e+000
  4.254584e+002 -4.215719e+000
  4.454584e+002 -4.258400e+000
  4.654584e+002 -4.299536e+000
  4.854584e+002 -4.339252e+000
  5.054584e+002 -4.377659e+000
  5.254584e+002 -4.414856e+000
  5.454584e+002 -4.450929e+000
  5.654584e+002 -4.485955e+000
  5.854584e+002 -4.520005e+000
  6.054584e+002 -4.553141e+000
  6.254584e+002 -4.585418e+000
  6.454584e+002 -4.616889e+000
  6.654584e+002 -4.647601e+000
  6.854584e+002 -4.677594e+000
  7.054584e+002 -4.706909e+000
  7.254584e+002 -4.735511e+000
  7.454584e+002 -4.763550e+000
  7.654584e+002 -4.791024e+000
  7.854584e+002 -4.817950e+000
  8.054584e+002 -4.844350e+000
  8.254584e+002 -4.870249e+000
  8.454584e+002 -4.895668e+000
  8.654584e+002 -4.920628e+000
  8.854584e+002 -4.945148e+000
  9.054584e+002 -4.969248e+000
  9.254584e+002 -4.992943e+000
  9.454584e+002 -5.016251e+000
  9.654584e+002 -5.039185e+000
  9.854584e+002 -5.061760e+000
  1.005458e+003 -5.083989e+000
  1.025458e+003 -5.105886e+000
  1.045458e+003 -5.127460e+000
  1.065458e+003 -5.148725e+000
  1.085458e+003 -5.169690e+000
  1.105458e+003 -5.190365e+000
  1.125458e+003 -5.210761e+000
  1.145458e+003 -5.230885e+000
  1.165458e+003 -5.250747e+000
  1.185458e+003 -5.270355e+000
  1.205458e+003 -5.289716e+000
  1.225458e+003 -5.308838e+000
  1.245458e+003 -5.327729e+000
  1.265458e+003 -5.346394e+000
  1.285458e+003 -5.364840e+000
  1.305458e+003 -5.383073e+000
  1.325458e+003 -5.401100e+000
  1.345458e+003 -5.418926e+000
  1.365458e+003 -5.436556e+000
  1.385458e+003 -5.453995e+000
  1.405458e+003 -5.471249e+000
  1.425458e+003 -5.488322e+000
  1.445458e+003 -5.505219e+000
  1.465458e+003 -5.521945e+000
  1.485458e+003 -5.538502e+000
  1.505458e+003 -5.554896e+000
  1.525458e+003 -5.571130e+000
  1.545458e+003 -5.587209e+000
  1.565458e+003 -5.603135e+000
  1.585458e+003 -5.618913e+000
  1.605458e+003 -5.634546e+000
  1.625458e+003 -5.650037e+000
  1.645458e+003 -5.665390e+000
  1.665458e+003 -5.680607e+000
  1.685458e+003 -5.695692e+000
  1.705458e+003 -5.710647e+000
  1.725458e+003 -5.725475e+000
  1.745458e+003 -5.740180e+000
  1.765458e+003 -5.754762e+000
  1.785458e+003 -5.769225e+000
  1.805458e+003 -5.783571e+000
  1.825458e+003 -5.797803e+000
  1.845458e+003 -5.811922e+000
  1.865458e+003 -5.825932e+000
  1.885458e+003 -5.839833e+000
  1.905458e+003 -5.853629e+000
  1.925458e+003 -5.867321e+000
  1.945458e+003 -5.880910e+000
  1.965458e+003 -5.894400e+000
  1.985458e+003 -5.907791e+000
  2.005458e+003 -5.921086e+000
  2.025458e+003 -5.934286e+000
  2.045458e+003 -5.947393e+000
  2.065458e+003 -5.960408e+000
  2.085458e+003 -5.973334e+000
  2.105458e+003 -5.986171e+000
  2.125458e+003 -5.998922e+000
  2.145458e+003 -6.011587e+000
  2.165458e+003 -6.024168e+000
  2.185458e+003 -6.036666e+000
  2.205458e+003 -6.049084e+000
  2.225458e+003 -6.061421e+000
  2.245458e+003 -6.073680e+000
  2.265458e+003 -6.085861e+000
  2.285458e+003 -6.097967e+000
  2.305458e+003 -6.109997e+000
  2.325458e+003 -6.121953e+000
  2.345458e+003 -6.133837e+000
  2.365458e+003 -6.145650e+000
  2.385458e+003 -6.157392e+000
  2.405458e+003 -6.169064e+000
  2.425458e+003 -6.180680e+000
  2.445458e+003 -6.192248e+000
  2.465458e+003 -6.203754e+000
  2.485458e+003 -6.215214e+000
  2.505458e+003 -6.226603e+000
  2.525458e+003 -6.237941e+000
  2.545458e+003 -6.249266e+000
  2.565458e+003 -6.260550e+000
  2.585458e+003 -6.271797e+000
  2.605458e+003 -6.282991e+000
  2.625458e+003 -6.294133e+000
  2.645458e+003 -6.305221e+000
  2.665458e+003 -6.316227e+000
  2.685458e+003 -6.327204e+000
  2.705458e+003 -6.338139e+000
  2.725458e+003 -6.349028e+000
  2.745458e+003 -6.359867e+000
  2.765458e+003 -6.370626e+000
  2.785458e+003 -6.381358e+000
  2.805458e+003 -6.392052e+000
  2.825458e+003 -6.402701e+000
  2.845458e+003 -6.413303e+000
  2.865458e+003 -6.423857e+000
  2.885458e+003 -6.434365e+000
  2.905458e+003 -6.444824e+000
  2.925458e+003 -6.455209e+000
  2.945458e+003 -6.465568e+000
  2.965458e+003 -6.475890e+000
  2.985458e+003 -6.486169e+000
  3.005458e+003 -6.496405e+000
  3.025458e+003 -6.506595e+000
  3.045458e+003 -6.516741e+000
  3.065458e+003 -6.526843e+000
  3.085458e+003 -6.536900e+000
  3.105458e+003 -6.546912e+000
  3.125458e+003 -6.556881e+000
  3.145458e+003 -6.566807e+000
  3.165458e+003 -6.576689e+000
  3.185458e+003 -6.586528e+000
  3.205458e+003 -6.596328e+000
  3.225458e+003 -6.606086e+000
  3.245458e+003 -6.615803e+000
  3.265458e+003 -6.625478e+000
  3.285458e+003 -6.635112e+000
  3.305458e+003 -6.644705e+000
  3.325458e+003 -6.654258e+000
  3.345458e+003 -6.663769e+000
  3.365458e+003 -6.673241e+000
  3.385458e+003 -6.682672e+000
  3.405458e+003 -6.692063e+000
  3.425458e+003 -6.701415e+000
  3.445458e+003 -6.710727e+000
  3.465458e+003 -6.720001e+000
  3.485458e+003 -6.729236e+000
  3.505458e+003 -6.738432e+000
  3.525458e+003 -6.747591e+000
  3.545458e+003 -6.756711e+000
  3.565458e+003 -6.765795e+000
  3.585458e+003 -6.774840e+000
  3.605458e+003 -6.783849e+000
  3.625458e+003 -6.792821e+000
  3.645458e+003 -6.801757e+000
  3.665458e+003 -6.810657e+000
  3.685458e+003 -6.819521e+000
  3.705458e+003 -6.828349e+000
  3.725458e+003 -6.837142e+000
  3.745458e+003 -6.845900e+000
  3.765458e+003 -6.854623e+000
  3.785458e+003 -6.863311e+000
  3.805458e+003 -6.871966e+000
  3.825458e+003 -6.880586e+000
  3.845458e+003 -6.889173e+000
  3.865458e+003 -6.897727e+000
  3.885458e+003 -6.906247e+000
  3.905458e+003 -6.914734e+000
  3.925458e+003 -6.923189e+000
  3.945458e+003 -6.931611e+000
  3.965458e+003 -6.940001e+000
  3.985458e+003 -6.948360e+000
  4.000000e+003 -6.954423e+000

Curve 2
X : Time
Y : Thickness of Element [Node 1]

       X              Y       
------------------------------
  0.000000e+000  1.030000e+000
  4.000000e-001  1.029063e+000
  8.000000e-001  1.028588e+000
  1.280000e+000  1.028252e+000
  1.760000e+000  1.028008e+000
  2.240000e+000  1.027813e+000
  2.720000e+000  1.027207e+000
  3.296000e+000  1.026531e+000
  3.987200e+000  1.025872e+000
  4.816640e+000  1.025200e+000
  5.811968e+000  1.024519e+000
  7.006361e+000  1.023824e+000
  8.439634e+000  1.023107e+000
  1.015956e+001  1.022359e+000
  1.222347e+001  1.021574e+000
  1.470017e+001  1.020743e+000
  1.767220e+001  1.019860e+000
  2.123864e+001  1.018918e+000
  2.551837e+001  1.017910e+000
  3.065404e+001  1.016828e+000
  3.681685e+001  1.015666e+000
  4.421222e+001  1.014415e+000
  5.308667e+001  1.013066e+000
  6.373600e+001  1.011610e+000
  7.651520e+001  1.010038e+000
  9.185024e+001  1.008612e+000
  1.102523e+002  1.007048e+000
  1.286543e+002  1.005647e+000
  1.470564e+002  1.004287e+000
  1.654584e+002  1.002889e+000
  1.854584e+002  1.001421e+000
  2.054584e+002  1.000029e+000
  2.254584e+002  9.987148e-001
  2.454584e+002  9.974705e-001
  2.654584e+002  9.962884e-001
  2.854584e+002  9.951611e-001
  3.054584e+002  9.940821e-001
  3.254584e+002  9.930462e-001
  3.454584e+002  9.920486e-001
  3.654584e+002  9.910857e-001
  3.854584e+002  9.901541e-001
  4.054584e+002  9.892512e-001
  4.254584e+002  9.883744e-001
  4.454584e+002  9.875217e-001
  4.654584e+002  9.866913e-001
  4.854584e+002  9.858815e-001
  5.054584e+002  9.850909e-001
  5.254584e+002  9.843183e-001
  5.454584e+002  9.835625e-001
  5.654584e+002  9.828225e-001
  5.854584e+002  9.820973e-001
  6.054584e+002  9.813861e-001
  6.254584e+002  9.806882e-001
  6.454584e+002  9.800029e-001
  6.654584e+002  9.793294e-001
  6.854584e+002  9.786673e-001
  7.054584e+002  9.780160e-001
  7.254584e+002  9.773749e-001
  7.454584e+002  9.767436e-001
  7.654584e+002  9.761218e-001
  7.854584e+002  9.755089e-001
  8.054584e+002  9.749046e-001
  8.254584e+002  9.743086e-001
  8.454584e+002  9.737205e-001
  8.654584e+002  9.731401e-001
  8.854584e+002  9.725670e-001
  9.054584e+002  9.720010e-001
  9.254584e+002  9.714418e-001
  9.454584e+002  9.708891e-001
  9.654584e+002  9.703429e-001
  9.854584e+002  9.698028e-001
  1.005458e+003  9.692686e-001
  1.025458e+003  9.687402e-001
  1.045458e+003  9.682174e-001
  1.065458e+003  9.676999e-001
  1.085458e+003  9.671877e-001
  1.105458e+003  9.666806e-001
  1.125458e+003  9.661785e-001
  1.145458e+003  9.656811e-001
  1.165458e+003  9.651883e-001
  1.185458e+003  9.647001e-001
  1.205458e+003  9.642164e-001
  1.225458e+003  9.637369e-001
  1.245458e+003  9.632616e-001
  1.265458e+003  9.627903e-001
  1.285458e+003  9.623230e-001
  1.305458e+003  9.618596e-001
  1.325458e+003  9.614000e-001
  1.345458e+003  9.609441e-001
  1.365458e+003  9.604917e-001
  1.385458e+003  9.600429e-001
  1.405458e+003  9.595975e-001
  1.425458e+003  9.591555e-001
  1.445458e+003  9.587167e-001
  1.465458e+003  9.582811e-001
  1.485458e+003  9.578487e-001
  1.505458e+003  9.574193e-001
  1.525458e+003  9.569930e-001
  1.545458e+003  9.565695e-001
  1.565458e+003  9.561490e-001
  1.585458e+003  9.557313e-001
  1.605458e+003  9.553163e-001
  1.625458e+003  9.549041e-001
  1.645458e+003  9.544945e-001
  1.665458e+003  9.540875e-001
  1.685458e+003  9.536831e-001
  1.705458e+003  9.532811e-001
  1.725458e+003  9.528817e-001
  1.745458e+003  9.524846e-001
  1.765458e+003  9.520900e-001
  1.785458e+003  9.516976e-001
  1.805458e+003  9.513075e-001
  1.825458e+003  9.509197e-001
  1.845458e+003  9.505341e-001
  1.865458e+003  9.501506e-001
  1.885458e+003  9.497693e-001
  1.905458e+003  9.493901e-001
  1.925458e+003  9.490129e-001
  1.945458e+003  9.486378e-001
  1.965458e+003  9.482647e-001
  1.985458e+003  9.478935e-001
  2.005458e+003  9.475243e-001
  2.025458e+003  9.471569e-001
  2.045458e+003  9.467914e-001
  2.065458e+003  9.464278e-001
  2.085458e+003  9.460660e-001
  2.105458e+003  9.457059e-001
  2.125458e+003  9.453476e-001
  2.145458e+003  9.449911e-001
  2.165458e+003  9.446362e-001
  2.185458e+003  9.442830e-001
  2.205458e+003  9.439315e-001
  2.225458e+003  9.435816e-001
  2.245458e+003  9.432334e-001
  2.265458e+003  9.428867e-001
  2.285458e+003  9.425416e-001
  2.305458e+003  9.421980e-001
  2.325458e+003  9.418559e-001
  2.345458e+003  9.415153e-001
  2.365458e+003  9.411763e-001
  2.385458e+003  9.408386e-001
  2.405458e+003  9.405025e-001
  2.425458e+003  9.401677e-001
  2.445458e+003  9.398346e-001
  2.465458e+003  9.395027e-001
  2.485458e+003  9.391722e-001
  2.505458e+003  9.388431e-001
  2.525458e+003  9.385155e-001
  2.545458e+003  9.381890e-001
  2.565458e+003  9.378638e-001
  2.585458e+003  9.375398e-001
  2.605458e+003  9.372170e-001
  2.625458e+003  9.368955e-001
  2.645458e+003  9.365752e-001
  2.665458e+003  9.362564e-001
  2.685458e+003  9.359386e-001
  2.705458e+003  9.356220e-001
  2.725458e+003  9.353066e-001
  2.745458e+003  9.349923e-001
  2.765458e+003  9.346793e-001
  2.785458e+003  9.343674e-001
  2.805458e+003  9.340566e-001
  2.825458e+003  9.337468e-001
  2.845458e+003  9.334382e-001
  2.865458e+003  9.331306e-001
  2.885458e+003  9.328241e-001
  2.905458e+003  9.325188e-001
  2.925458e+003  9.322146e-001
  2.945458e+003  9.319114e-001
  2.965458e+003  9.316092e-001
  2.985458e+003  9.313080e-001
  3.005458e+003  9.310079e-001
  3.025458e+003  9.307087e-001
  3.045458e+003  9.304106e-001
  3.065458e+003  9.301134e-001
  3.085458e+003  9.298173e-001
  3.105458e+003  9.295222e-001
  3.125458e+003  9.292280e-001
  3.145458e+003  9.289348e-001
  3.165458e+003  9.286426e-001
  3.185458e+003  9.283513e-001
  3.205458e+003  9.280610e-001
  3.225458e+003  9.277716e-001
  3.245458e+003  9.274832e-001
  3.265458e+003  9.271957e-001
  3.285458e+003  9.269091e-001
  3.305458e+003  9.266234e-001
  3.325458e+003  9.263387e-001
  3.345458e+003  9.260549e-001
  3.365458e+003  9.257719e-001
  3.385458e+003  9.254899e-001
  3.405458e+003  9.252087e-001
  3.425458e+003  9.249284e-001
  3.445458e+003  9.246490e-001
  3.465458e+003  9.243705e-001
  3.485458e+003  9.240928e-001
  3.505458e+003  9.238160e-001
  3.525458e+003  9.235400e-001
  3.545458e+003  9.232649e-001
  3.565458e+003  9.229906e-001
  3.585458e+003  9.227171e-001
  3.605458e+003  9.224445e-001
  3.625458e+003  9.221727e-001
  3.645458e+003  9.219017e-001
  3.665458e+003  9.216315e-001
  3.685458e+003  9.213621e-001
  3.705458e+003  9.210935e-001
  3.725458e+003  9.208257e-001
  3.745458e+003  9.205586e-001
  3.765458e+003  9.202924e-001
  3.785458e+003  9.200269e-001
  3.805458e+003  9.197622e-001
  3.825458e+003  9.194982e-001
  3.845458e+003  9.192350e-001
  3.865458e+003  9.189726e-001
  3.885458e+003  9.187108e-001
  3.905458e+003  9.184499e-001
  3.925458e+003  9.181896e-001
  3.945458e+003  9.179301e-001
  3.965458e+003  9.176713e-001
  3.985458e+003  9.174132e-001
  4.000000e+003  9.172260e-001
