HISTORY PLOT
job1

Curve 1
X : Time
Y : Displacement Y [Node 1]

       X              Y       
------------------------------
  0.000000e+000  0.000000e+000
  6.000000e-002 -7.768890e-001
  1.200000e-001 -9.656832e-001
  1.920000e-001 -1.090584e+000
  2.784000e-001 -1.188623e+000
  3.820800e-001 -1.272640e+000
  5.064960e-001 -1.401419e+000
  6.557952e-001 -1.533039e+000
  8.349543e-001 -1.656864e+000
  1.049945e+000 -1.772759e+000
  1.307934e+000 -1.882939e+000
  1.617521e+000 -1.989604e+000
  1.989025e+000 -2.094498e+000
  2.434830e+000 -2.198946e+000
  2.969796e+000 -2.303961e+000
  3.611755e+000 -2.410341e+000
  4.382106e+000 -2.518733e+000
  5.306528e+000 -2.629684e+000
  6.415833e+000 -2.743672e+000
  7.747000e+000 -2.861128e+000
  9.344400e+000 -2.982454e+000
  1.126128e+001 -3.087307e+000
  1.317816e+001 -3.184389e+000
  1.509504e+001 -3.272683e+000
  1.701192e+001 -3.361377e+000
  1.931218e+001 -3.461082e+000
  2.207248e+001 -3.569579e+000
  2.507248e+001 -3.675531e+000
  2.807248e+001 -3.771219e+000
  3.107248e+001 -3.858428e+000
  3.407248e+001 -3.938631e+000
  3.707248e+001 -4.012980e+000
  4.007248e+001 -4.082378e+000
  4.307248e+001 -4.147532e+000
  4.607248e+001 -4.209006e+000
  4.907248e+001 -4.267258e+000
  5.207248e+001 -4.322660e+000
  5.507248e+001 -4.375524e+000
  5.807248e+001 -4.426108e+000
  6.107248e+001 -4.474636e+000
  6.407249e+001 -4.521295e+000
  6.707249e+001 -4.566249e+000
  7.007249e+001 -4.609639e+000
  7.307249e+001 -4.651589e+000
  7.607249e+001 -4.692209e+000
  7.907249e+001 -4.731283e+000
  8.207249e+001 -4.769408e+000
  8.507249e+001 -4.806538e+000
  8.807249e+001 -4.842691e+000
  9.107249e+001 -4.877916e+000
  9.407249e+001 -4.912263e+000
  9.707249e+001 -4.945781e+000
  1.000725e+002 -4.978516e+000
  1.030725e+002 -5.010511e+000
  1.060725e+002 -5.041805e+000
  1.090725e+002 -5.072433e+000
  1.120725e+002 -5.102430e+000
  1.150725e+002 -5.131826e+000
  1.180725e+002 -5.160649e+000
  1.210725e+002 -5.188925e+000
  1.240725e+002 -5.216680e+000
  1.270725e+002 -5.243935e+000
  1.300725e+002 -5.270712e+000
  1.330725e+002 -5.297031e+000
  1.360725e+002 -5.322911e+000
  1.390725e+002 -5.348368e+000
  1.420725e+002 -5.373421e+000
  1.450725e+002 -5.398083e+000
  1.480725e+002 -5.422369e+000
  1.510725e+002 -5.446293e+000
  1.540725e+002 -5.469869e+000
  1.570725e+002 -5.493108e+000
  1.600725e+002 -5.516022e+000
  1.630725e+002 -5.538621e+000
  1.660725e+002 -5.560916e+000
  1.690725e+002 -5.582918e+000
  1.720725e+002 -5.604635e+000
  1.750725e+002 -5.626077e+000
  1.780725e+002 -5.647251e+000
  1.810725e+002 -5.668166e+000
  1.840725e+002 -5.688829e+000
  1.870725e+002 -5.709249e+000
  1.900725e+002 -5.729431e+000
  1.930725e+002 -5.749383e+000
  1.960725e+002 -5.769111e+000
  1.990725e+002 -5.788621e+000
  2.020725e+002 -5.807920e+000
  2.050725e+002 -5.827012e+000
  2.080725e+002 -5.845903e+000
  2.110725e+002 -5.864598e+000
  2.140725e+002 -5.883103e+000
  2.170725e+002 -5.901422e+000
  2.200725e+002 -5.919559e+000
  2.230725e+002 -5.937520e+000
  2.260725e+002 -5.955308e+000
  2.290725e+002 -5.972928e+000
  2.320725e+002 -5.990382e+000
  2.350725e+002 -6.007676e+000
  2.380725e+002 -6.024813e+000
  2.410725e+002 -6.041796e+000
  2.440725e+002 -6.058629e+000
  2.470725e+002 -6.075315e+000
  2.500725e+002 -6.091858e+000
  2.530725e+002 -6.108260e+000
  2.560725e+002 -6.124524e+000
  2.590725e+002 -6.140653e+000
  2.620725e+002 -6.156651e+000
  2.650725e+002 -6.172547e+000
  2.680725e+002 -6.188255e+000
  2.710725e+002 -6.203821e+000
  2.740725e+002 -6.219317e+000
  2.770725e+002 -6.234730e+000
  2.800725e+002 -6.250130e+000
  2.830725e+002 -6.265474e+000
  2.860725e+002 -6.280729e+000
  2.890725e+002 -6.295885e+000
  2.920725e+002 -6.310814e+000
  2.950725e+002 -6.325734e+000
  2.980725e+002 -6.340592e+000
  3.010725e+002 -6.355366e+000
  3.040725e+002 -6.369935e+000
  3.070725e+002 -6.384490e+000
  3.100725e+002 -6.398985e+000
  3.130725e+002 -6.413400e+000
  3.160725e+002 -6.427727e+000
  3.190725e+002 -6.441972e+000
  3.220725e+002 -6.456130e+000
  3.250725e+002 -6.470202e+000
  3.280725e+002 -6.484190e+000
  3.310725e+002 -6.498092e+000
  3.340725e+002 -6.511909e+000
  3.370725e+002 -6.525643e+000
  3.400725e+002 -6.539293e+000
  3.430725e+002 -6.552861e+000
  3.460725e+002 -6.566348e+000
  3.490725e+002 -6.579753e+000
  3.520725e+002 -6.593084e+000
  3.550725e+002 -6.606336e+000
  3.580725e+002 -6.619509e+000
  3.610725e+002 -6.632606e+000
  3.640725e+002 -6.645626e+000
  3.670725e+002 -6.658570e+000
  3.700725e+002 -6.671438e+000
  3.730725e+002 -6.684231e+000
  3.760725e+002 -6.696950e+000
  3.790725e+002 -6.709595e+000
  3.820725e+002 -6.722168e+000
  3.850725e+002 -6.734669e+000
  3.880725e+002 -6.747099e+000
  3.910725e+002 -6.759459e+000
  3.940725e+002 -6.771748e+000
  3.970725e+002 -6.783969e+000
  4.000725e+002 -6.796122e+000
  4.030725e+002 -6.808207e+000
  4.060725e+002 -6.820225e+000
  4.090725e+002 -6.832178e+000
  4.120725e+002 -6.844065e+000
  4.150725e+002 -6.855887e+000
  4.180725e+002 -6.867646e+000
  4.210725e+002 -6.879341e+000
  4.240725e+002 -6.890974e+000
  4.270725e+002 -6.902544e+000
  4.300725e+002 -6.914054e+000
  4.330725e+002 -6.925503e+000
  4.360725e+002 -6.936893e+000
  4.390725e+002 -6.948223e+000
  4.420725e+002 -6.959495e+000
  4.450725e+002 -6.970654e+000
  4.480725e+002 -6.981744e+000
  4.510725e+002 -6.992777e+000
  4.540725e+002 -7.003754e+000
  4.570725e+002 -7.014676e+000
  4.600725e+002 -7.025544e+000
  4.630725e+002 -7.036403e+000
  4.660725e+002 -7.047223e+000
  4.690725e+002 -7.057996e+000
  4.720725e+002 -7.068717e+000
  4.750725e+002 -7.079388e+000
  4.780725e+002 -7.090008e+000
  4.810725e+002 -7.100577e+000
  4.840725e+002 -7.111095e+000
  4.870725e+002 -7.121565e+000
  4.900725e+002 -7.131985e+000
  4.930725e+002 -7.142357e+000
  4.960725e+002 -7.152681e+000
  4.990725e+002 -7.162958e+000
  5.020725e+002 -7.173188e+000
  5.050725e+002 -7.183372e+000
  5.080725e+002 -7.193510e+000
  5.110725e+002 -7.203603e+000
  5.140725e+002 -7.213651e+000
  5.170725e+002 -7.223655e+000
  5.200725e+002 -7.233615e+000
  5.230725e+002 -7.243532e+000
  5.260725e+002 -7.253406e+000
  5.290725e+002 -7.263237e+000
  5.320725e+002 -7.273026e+000
  5.350725e+002 -7.282774e+000
  5.380725e+002 -7.292480e+000
  5.410725e+002 -7.302146e+000
  5.440725e+002 -7.311772e+000
  5.470725e+002 -7.321358e+000
  5.500725e+002 -7.330905e+000
  5.530725e+002 -7.340412e+000
  5.560725e+002 -7.349881e+000
  5.590725e+002 -7.359312e+000
  5.620725e+002 -7.368704e+000
  5.650725e+002 -7.378060e+000
  5.680725e+002 -7.387378e+000
  5.710725e+002 -7.396659e+000
  5.740725e+002 -7.405905e+000
  5.770725e+002 -7.415114e+000
  5.800725e+002 -7.424287e+000
  5.830725e+002 -7.433425e+000
  5.860725e+002 -7.442529e+000
  5.890725e+002 -7.451598e+000
  5.920725e+002 -7.460632e+000
  5.950725e+002 -7.469632e+000
  5.980725e+002 -7.478599e+000
  6.000000e+002 -7.484351e+000

Curve 2
X : Time
Y : Thickness of Element [Node 1]

       X              Y       
------------------------------
  0.000000e+000  1.050000e+000
  6.000000e-002  1.048684e+000
  1.200000e-001  1.047933e+000
  1.920000e-001  1.047334e+000
  2.784000e-001  1.046807e+000
  3.820800e-001  1.046317e+000
  5.064960e-001  1.045480e+000
  6.557952e-001  1.044562e+000
  8.349543e-001  1.043624e+000
  1.049945e+000  1.042677e+000
  1.307934e+000  1.041714e+000
  1.617521e+000  1.040722e+000
  1.989025e+000  1.039691e+000
  2.434830e+000  1.038609e+000
  2.969796e+000  1.037465e+000
  3.611755e+000  1.036252e+000
  4.382106e+000  1.034957e+000
  5.306528e+000  1.033572e+000
  6.415833e+000  1.032087e+000
  7.747000e+000  1.030490e+000
  9.344400e+000  1.028770e+000
  1.126128e+001  1.027243e+000
  1.317816e+001  1.025794e+000
  1.509504e+001  1.024441e+000
  1.701192e+001  1.023051e+000
  1.931218e+001  1.021447e+000
  2.207248e+001  1.019647e+000
  2.507248e+001  1.017832e+000
  2.807248e+001  1.016143e+000
  3.107248e+001  1.014562e+000
  3.407248e+001  1.013073e+000
  3.707248e+001  1.011662e+000
  4.007248e+001  1.010320e+000
  4.307248e+001  1.009036e+000
  4.607248e+001  1.007805e+000
  4.907248e+001  1.006620e+000
  5.207248e+001  1.005478e+000
  5.507248e+001  1.004373e+000
  5.807248e+001  1.003302e+000
  6.107248e+001  1.002263e+000
  6.407249e+001  1.001252e+000
  6.707249e+001  1.000269e+000
  7.007249e+001  9.993096e-001
  7.307249e+001  9.983733e-001
  7.607249e+001  9.974585e-001
  7.907249e+001  9.965677e-001
  8.207249e+001  9.956931e-001
  8.507249e+001  9.948352e-001
  8.807249e+001  9.939935e-001
  9.107249e+001  9.931675e-001
  9.407249e+001  9.923562e-001
  9.707249e+001  9.915590e-001
  1.000725e+002  9.907752e-001
  1.030725e+002  9.900042e-001
  1.060725e+002  9.892453e-001
  1.090725e+002  9.884980e-001
  1.120725e+002  9.877618e-001
  1.150725e+002  9.870362e-001
  1.180725e+002  9.863207e-001
  1.210725e+002  9.856151e-001
  1.240725e+002  9.849188e-001
  1.270725e+002  9.842315e-001
  1.300725e+002  9.835528e-001
  1.330725e+002  9.828825e-001
  1.360725e+002  9.822203e-001
  1.390725e+002  9.815658e-001
  1.420725e+002  9.809188e-001
  1.450725e+002  9.802790e-001
  1.480725e+002  9.796463e-001
  1.510725e+002  9.790203e-001
  1.540725e+002  9.784009e-001
  1.570725e+002  9.777878e-001
  1.600725e+002  9.771810e-001
  1.630725e+002  9.765800e-001
  1.660725e+002  9.759849e-001
  1.690725e+002  9.753955e-001
  1.720725e+002  9.748115e-001
  1.750725e+002  9.742329e-001
  1.780725e+002  9.736594e-001
  1.810725e+002  9.730910e-001
  1.840725e+002  9.725274e-001
  1.870725e+002  9.719687e-001
  1.900725e+002  9.714146e-001
  1.930725e+002  9.708651e-001
  1.960725e+002  9.703200e-001
  1.990725e+002  9.697793e-001
  2.020725e+002  9.692427e-001
  2.050725e+002  9.687103e-001
  2.080725e+002  9.681819e-001
  2.110725e+002  9.676574e-001
  2.140725e+002  9.671368e-001
  2.170725e+002  9.666200e-001
  2.200725e+002  9.661068e-001
  2.230725e+002  9.655972e-001
  2.260725e+002  9.650912e-001
  2.290725e+002  9.645885e-001
  2.320725e+002  9.640893e-001
  2.350725e+002  9.635934e-001
  2.380725e+002  9.631007e-001
  2.410725e+002  9.626112e-001
  2.440725e+002  9.621248e-001
  2.470725e+002  9.616414e-001
  2.500725e+002  9.611611e-001
  2.530725e+002  9.606837e-001
  2.560725e+002  9.602091e-001
  2.590725e+002  9.597374e-001
  2.620725e+002  9.592685e-001
  2.650725e+002  9.588023e-001
  2.680725e+002  9.583392e-001
  2.710725e+002  9.578789e-001
  2.740725e+002  9.574214e-001
  2.770725e+002  9.569665e-001
  2.800725e+002  9.565135e-001
  2.830725e+002  9.560628e-001
  2.860725e+002  9.556144e-001
  2.890725e+002  9.551684e-001
  2.920725e+002  9.547250e-001
  2.950725e+002  9.542838e-001
  2.980725e+002  9.538447e-001
  3.010725e+002  9.534077e-001
  3.040725e+002  9.529734e-001
  3.070725e+002  9.525409e-001
  3.100725e+002  9.521105e-001
  3.130725e+002  9.516821e-001
  3.160725e+002  9.512558e-001
  3.190725e+002  9.508316e-001
  3.220725e+002  9.504093e-001
  3.250725e+002  9.499891e-001
  3.280725e+002  9.495708e-001
  3.310725e+002  9.491545e-001
  3.340725e+002  9.487401e-001
  3.370725e+002  9.483276e-001
  3.400725e+002  9.479170e-001
  3.430725e+002  9.475082e-001
  3.460725e+002  9.471013e-001
  3.490725e+002  9.466963e-001
  3.520725e+002  9.462930e-001
  3.550725e+002  9.458916e-001
  3.580725e+002  9.454919e-001
  3.610725e+002  9.450939e-001
  3.640725e+002  9.446977e-001
  3.670725e+002  9.443032e-001
  3.700725e+002  9.439105e-001
  3.730725e+002  9.435194e-001
  3.760725e+002  9.431300e-001
  3.790725e+002  9.427422e-001
  3.820725e+002  9.423561e-001
  3.850725e+002  9.419716e-001
  3.880725e+002  9.415887e-001
  3.910725e+002  9.412074e-001
  3.940725e+002  9.408277e-001
  3.970725e+002  9.404495e-001
  4.000725e+002  9.400729e-001
  4.030725e+002  9.396978e-001
  4.060725e+002  9.393243e-001
  4.090725e+002  9.389522e-001
  4.120725e+002  9.385816e-001
  4.150725e+002  9.382125e-001
  4.180725e+002  9.378448e-001
  4.210725e+002  9.374785e-001
  4.240725e+002  9.371137e-001
  4.270725e+002  9.367503e-001
  4.300725e+002  9.363883e-001
  4.330725e+002  9.360277e-001
  4.360725e+002  9.356684e-001
  4.390725e+002  9.353104e-001
  4.420725e+002  9.349539e-001
  4.450725e+002  9.345988e-001
  4.480725e+002  9.342451e-001
  4.510725e+002  9.338928e-001
  4.540725e+002  9.335417e-001
  4.570725e+002  9.331919e-001
  4.600725e+002  9.328433e-001
  4.630725e+002  9.324958e-001
  4.660725e+002  9.321495e-001
  4.690725e+002  9.318043e-001
  4.720725e+002  9.314604e-001
  4.750725e+002  9.311177e-001
  4.780725e+002  9.307761e-001
  4.810725e+002  9.304357e-001
  4.840725e+002  9.300965e-001
  4.870725e+002  9.297584e-001
  4.900725e+002  9.294215e-001
  4.930725e+002  9.290856e-001
  4.960725e+002  9.287509e-001
  4.990725e+002  9.284173e-001
  5.020725e+002  9.280848e-001
  5.050725e+002  9.277534e-001
  5.080725e+002  9.274230e-001
  5.110725e+002  9.270937e-001
  5.140725e+002  9.267654e-001
  5.170725e+002  9.264382e-001
  5.200725e+002  9.261120e-001
  5.230725e+002  9.257869e-001
  5.260725e+002  9.254627e-001
  5.290725e+002  9.251396e-001
  5.320725e+002  9.248174e-001
  5.350725e+002  9.244962e-001
  5.380725e+002  9.241760e-001
  5.410725e+002  9.238567e-001
  5.440725e+002  9.235384e-001
  5.470725e+002  9.232211e-001
  5.500725e+002  9.229047e-001
  5.530725e+002  9.225892e-001
  5.560725e+002  9.222746e-001
  5.590725e+002  9.219609e-001
  5.620725e+002  9.216482e-001
  5.650725e+002  9.213363e-001
  5.680725e+002  9.210253e-001
  5.710725e+002  9.207152e-001
  5.740725e+002  9.204060e-001
  5.770725e+002  9.200976e-001
  5.800725e+002  9.197901e-001
  5.830725e+002  9.194835e-001
  5.860725e+002  9.191776e-001
  5.890725e+002  9.188726e-001
  5.920725e+002  9.185685e-001
  5.950725e+002  9.182651e-001
  5.980725e+002  9.179626e-001
  6.000000e+002  9.177686e-001
