HISTORY PLOT
job1

Curve 1
X : Time
Y : Displacement Y [Node 1]

       X              Y       
------------------------------
  0.000000e+000  0.000000e+000
  1.300000e-001 -1.271298e+000
  2.600000e-001 -1.581559e+000
  4.160000e-001 -1.788262e+000
  6.032000e-001 -1.950970e+000
  8.278400e-001 -2.090465e+000
  1.097408e+000 -2.307266e+000
  1.420890e+000 -2.519744e+000
  1.809067e+000 -2.714064e+000
  2.197245e+000 -2.867074e+000
  2.585423e+000 -3.013565e+000
  3.051237e+000 -3.167016e+000
  3.610213e+000 -3.322675e+000
  4.280984e+000 -3.479467e+000
  5.085910e+000 -3.637700e+000
  6.051821e+000 -3.798109e+000
  7.210914e+000 -3.961514e+000
  8.601826e+000 -4.128697e+000
  1.027092e+001 -4.300382e+000
  1.227383e+001 -4.477241e+000
  1.467733e+001 -4.659904e+000
  1.756152e+001 -4.848979e+000
  2.102256e+001 -5.045056e+000
  2.517580e+001 -5.248724e+000
  3.015968e+001 -5.460578e+000
  3.614035e+001 -5.681232e+000
  4.264035e+001 -5.891135e+000
  4.914035e+001 -6.077672e+000
  5.564035e+001 -6.245914e+000
  6.214035e+001 -6.399539e+000
  6.864035e+001 -6.541234e+000
  7.514035e+001 -6.673002e+000
  8.164035e+001 -6.796370e+000
  8.814035e+001 -6.912529e+000
  9.464035e+001 -7.022425e+000
  1.011404e+002 -7.126822e+000
  1.076404e+002 -7.226348e+000
  1.141404e+002 -7.321523e+000
  1.206404e+002 -7.412787e+000
  1.271404e+002 -7.500512e+000
  1.336404e+002 -7.585019e+000
  1.401404e+002 -7.666583e+000
  1.466404e+002 -7.745446e+000
  1.531404e+002 -7.821819e+000
  1.596404e+002 -7.895888e+000
  1.661404e+002 -7.967820e+000
  1.726404e+002 -8.037760e+000
  1.791404e+002 -8.105842e+000
  1.856404e+002 -8.172183e+000
  1.921404e+002 -8.236893e+000
  1.986404e+002 -8.300066e+000
  2.051404e+002 -8.353272e+000
  2.116404e+002 -8.410896e+000
  2.181404e+002 -8.469656e+000
  2.246404e+002 -8.528211e+000
  2.311404e+002 -8.586042e+000
  2.376404e+002 -8.643001e+000
  2.441404e+002 -8.698988e+000
  2.506404e+002 -8.754044e+000
  2.571404e+002 -8.808151e+000
  2.636404e+002 -8.861333e+000
  2.701404e+002 -8.913611e+000
  2.766404e+002 -8.965040e+000
  2.831404e+002 -9.015615e+000
  2.896404e+002 -9.065361e+000
  2.961404e+002 -9.114303e+000
  3.026404e+002 -9.162462e+000
  3.091404e+002 -9.209864e+000
  3.156404e+002 -9.256530e+000
  3.221404e+002 -9.302483e+000
  3.286404e+002 -9.347744e+000
  3.351404e+002 -9.392336e+000
  3.416404e+002 -9.436285e+000
  3.481404e+002 -9.479607e+000
  3.546404e+002 -9.522320e+000
  3.611404e+002 -9.564442e+000
  3.676404e+002 -9.605992e+000
  3.741404e+002 -9.646987e+000
  3.806404e+002 -9.687444e+000
  3.871404e+002 -9.727380e+000
  3.936404e+002 -9.766810e+000
  4.001404e+002 -9.805750e+000
  4.066404e+002 -9.844213e+000
  4.131404e+002 -9.882214e+000
  4.196404e+002 -9.919765e+000
  4.261404e+002 -9.956882e+000
  4.326404e+002 -9.993574e+000
  4.391404e+002 -1.002985e+001
  4.456404e+002 -1.006573e+001
  4.521404e+002 -1.010122e+001
  4.586404e+002 -1.013634e+001
  4.651404e+002 -1.017108e+001
  4.716404e+002 -1.020546e+001
  4.781404e+002 -1.023949e+001
  4.846404e+002 -1.027319e+001
  4.911404e+002 -1.030655e+001
  4.976404e+002 -1.033958e+001
  5.041404e+002 -1.037230e+001
  5.106404e+002 -1.040471e+001
  5.171403e+002 -1.043682e+001
  5.236403e+002 -1.046864e+001
  5.301403e+002 -1.050017e+001
  5.366403e+002 -1.053142e+001
  5.431403e+002 -1.056240e+001
  5.496403e+002 -1.059311e+001
  5.561403e+002 -1.062356e+001
  5.626403e+002 -1.065375e+001
  5.691403e+002 -1.068370e+001
  5.756403e+002 -1.071340e+001
  5.821403e+002 -1.074286e+001
  5.886403e+002 -1.077208e+001
  5.951403e+002 -1.080108e+001
  6.016403e+002 -1.082985e+001
  6.081403e+002 -1.085840e+001
  6.146403e+002 -1.088674e+001
  6.211403e+002 -1.091487e+001
  6.276403e+002 -1.094278e+001
  6.341403e+002 -1.097050e+001
  6.406403e+002 -1.099802e+001
  6.471403e+002 -1.102534e+001
  6.536403e+002 -1.105247e+001
  6.601403e+002 -1.107942e+001
  6.666403e+002 -1.110618e+001
  6.731403e+002 -1.113276e+001
  6.796403e+002 -1.115916e+001
  6.861403e+002 -1.118539e+001
  6.926403e+002 -1.121145e+001
  6.991403e+002 -1.123733e+001
  7.056403e+002 -1.126306e+001
  7.121403e+002 -1.128862e+001
  7.186403e+002 -1.131402e+001
  7.251403e+002 -1.133927e+001
  7.316403e+002 -1.136436e+001
  7.381403e+002 -1.138930e+001
  7.446403e+002 -1.141410e+001
  7.511403e+002 -1.143874e+001
  7.576403e+002 -1.146324e+001
  7.641403e+002 -1.148760e+001
  7.706403e+002 -1.151182e+001
  7.771403e+002 -1.153591e+001
  7.836403e+002 -1.155986e+001
  7.901403e+002 -1.158367e+001
  7.966403e+002 -1.160736e+001
  8.031403e+002 -1.163092e+001
  8.096403e+002 -1.165435e+001
  8.161403e+002 -1.167765e+001
  8.226403e+002 -1.170084e+001
  8.291403e+002 -1.172390e+001
  8.356403e+002 -1.174684e+001
  8.421403e+002 -1.176966e+001
  8.486403e+002 -1.179237e+001
  8.551403e+002 -1.181497e+001
  8.616403e+002 -1.183745e+001
  8.681403e+002 -1.185982e+001
  8.746403e+002 -1.188208e+001
  8.811403e+002 -1.190424e+001
  8.876403e+002 -1.192629e+001
  8.941403e+002 -1.194823e+001
  9.006403e+002 -1.197007e+001
  9.071403e+002 -1.199181e+001
  9.136403e+002 -1.201345e+001
  9.201403e+002 -1.203499e+001
  9.266403e+002 -1.205643e+001
  9.331403e+002 -1.207777e+001
  9.396403e+002 -1.209902e+001
  9.461403e+002 -1.212017e+001
  9.526403e+002 -1.214124e+001
  9.591403e+002 -1.216221e+001
  9.656403e+002 -1.218309e+001
  9.721403e+002 -1.220388e+001
  9.786403e+002 -1.222458e+001
  9.851403e+002 -1.224519e+001
  9.916403e+002 -1.226572e+001
  9.981403e+002 -1.228617e+001
  1.004640e+003 -1.230653e+001
  1.011140e+003 -1.232680e+001
  1.017640e+003 -1.234700e+001
  1.024140e+003 -1.236712e+001
  1.030640e+003 -1.238715e+001
  1.037140e+003 -1.240711e+001
  1.043640e+003 -1.242698e+001
  1.050140e+003 -1.244679e+001
  1.056640e+003 -1.246651e+001
  1.063140e+003 -1.248616e+001
  1.069640e+003 -1.250574e+001
  1.076140e+003 -1.252524e+001
  1.082640e+003 -1.254467e+001
  1.089140e+003 -1.256402e+001
  1.095640e+003 -1.258331e+001
  1.102140e+003 -1.260253e+001
  1.108640e+003 -1.262167e+001
  1.115140e+003 -1.264075e+001
  1.121640e+003 -1.265976e+001
  1.128140e+003 -1.267871e+001
  1.134640e+003 -1.269759e+001
  1.141140e+003 -1.271640e+001
  1.147640e+003 -1.273514e+001
  1.154140e+003 -1.275383e+001
  1.160640e+003 -1.277244e+001
  1.167140e+003 -1.279100e+001
  1.173640e+003 -1.280949e+001
  1.180140e+003 -1.282793e+001
  1.186640e+003 -1.284630e+001
  1.193140e+003 -1.286461e+001
  1.199640e+003 -1.288286e+001
  1.206140e+003 -1.290106e+001
  1.212640e+003 -1.291919e+001
  1.219140e+003 -1.293727e+001
  1.225640e+003 -1.295529e+001
  1.232140e+003 -1.297325e+001
  1.238640e+003 -1.299116e+001
  1.245140e+003 -1.300901e+001
  1.251640e+003 -1.302680e+001
  1.258140e+003 -1.304455e+001
  1.264640e+003 -1.306223e+001
  1.271140e+003 -1.307987e+001
  1.277640e+003 -1.309745e+001
  1.284140e+003 -1.311498e+001
  1.290640e+003 -1.313246e+001
  1.297140e+003 -1.314988e+001
  1.300000e+003 -1.315755e+001

Curve 2
X : Time
Y : Thickness of Element [Node 1]

       X              Y       
------------------------------
  0.000000e+000  1.040000e+000
  1.300000e-001  1.038063e+000
  2.600000e-001  1.037019e+000
  4.160000e-001  1.036191e+000
  6.032000e-001  1.035463e+000
  8.278400e-001  1.034787e+000
  1.097408e+000  1.033622e+000
  1.420890e+000  1.032390e+000
  1.809067e+000  1.031190e+000
  2.197245e+000  1.030182e+000
  2.585423e+000  1.029172e+000
  3.051237e+000  1.028059e+000
  3.610213e+000  1.026870e+000
  4.280984e+000  1.025610e+000
  5.085910e+000  1.024274e+000
  6.051821e+000  1.022854e+000
  7.210914e+000  1.021340e+000
  8.601826e+000  1.019721e+000
  1.027092e+001  1.017985e+000
  1.227383e+001  1.016118e+000
  1.467733e+001  1.014109e+000
  1.756152e+001  1.011941e+000
  2.102256e+001  1.009601e+000
  2.517580e+001  1.007070e+000
  3.015968e+001  1.004332e+000
  3.614035e+001  1.001365e+000
  4.264035e+001  9.984341e-001
  4.914035e+001  9.957408e-001
  5.564035e+001  9.932395e-001
  6.214035e+001  9.908964e-001
  6.864035e+001  9.886855e-001
  7.514035e+001  9.865871e-001
  8.164035e+001  9.845859e-001
  8.814035e+001  9.826696e-001
  9.464035e+001  9.808283e-001
  1.011404e+002  9.790538e-001
  1.076404e+002  9.773394e-001
  1.141404e+002  9.756793e-001
  1.206404e+002  9.740686e-001
  1.271404e+002  9.725032e-001
  1.336404e+002  9.709795e-001
  1.401404e+002  9.694942e-001
  1.466404e+002  9.680445e-001
  1.531404e+002  9.666280e-001
  1.596404e+002  9.652424e-001
  1.661404e+002  9.638859e-001
  1.726404e+002  9.625565e-001
  1.791404e+002  9.612528e-001
  1.856404e+002  9.599731e-001
  1.921404e+002  9.587164e-001
  1.986404e+002  9.574812e-001
  2.051404e+002  9.564373e-001
  2.116404e+002  9.553082e-001
  2.181404e+002  9.541548e-001
  2.246404e+002  9.530025e-001
  2.311404e+002  9.518607e-001
  2.376404e+002  9.507327e-001
  2.441404e+002  9.496195e-001
  2.506404e+002  9.485211e-001
  2.571404e+002  9.474372e-001
  2.636404e+002  9.463673e-001
  2.701404e+002  9.453112e-001
  2.766404e+002  9.442684e-001
  2.831404e+002  9.432384e-001
  2.896404e+002  9.422210e-001
  2.961404e+002  9.412158e-001
  3.026404e+002  9.402225e-001
  3.091404e+002  9.392406e-001
  3.156404e+002  9.382700e-001
  3.221404e+002  9.373102e-001
  3.286404e+002  9.363610e-001
  3.351404e+002  9.354220e-001
  3.416404e+002  9.344930e-001
  3.481404e+002  9.335737e-001
  3.546404e+002  9.326638e-001
  3.611404e+002  9.317630e-001
  3.676404e+002  9.308711e-001
  3.741404e+002  9.299879e-001
  3.806404e+002  9.291130e-001
  3.871404e+002  9.282463e-001
  3.936404e+002  9.273876e-001
  4.001404e+002  9.265366e-001
  4.066404e+002  9.256931e-001
  4.131404e+002  9.248570e-001
  4.196404e+002  9.240280e-001
  4.261404e+002  9.232059e-001
  4.326404e+002  9.223906e-001
  4.391404e+002  9.215819e-001
  4.456404e+002  9.207797e-001
  4.521404e+002  9.199838e-001
  4.586404e+002  9.191939e-001
  4.651404e+002  9.184101e-001
  4.716404e+002  9.176321e-001
  4.781404e+002  9.168599e-001
  4.846404e+002  9.160932e-001
  4.911404e+002  9.153319e-001
  4.976404e+002  9.145760e-001
  5.041404e+002  9.138252e-001
  5.106404e+002  9.130796e-001
  5.171403e+002  9.123390e-001
  5.236403e+002  9.116032e-001
  5.301403e+002  9.108722e-001
  5.366403e+002  9.101459e-001
  5.431403e+002  9.094242e-001
  5.496403e+002  9.087069e-001
  5.561403e+002  9.079941e-001
  5.626403e+002  9.072855e-001
  5.691403e+002  9.065812e-001
  5.756403e+002  9.058810e-001
  5.821403e+002  9.051848e-001
  5.886403e+002  9.044927e-001
  5.951403e+002  9.038044e-001
  6.016403e+002  9.031200e-001
  6.081403e+002  9.024393e-001
  6.146403e+002  9.017624e-001
  6.211403e+002  9.010890e-001
  6.276403e+002  9.004193e-001
  6.341403e+002  8.997530e-001
  6.406403e+002  8.990901e-001
  6.471403e+002  8.984307e-001
  6.536403e+002  8.977746e-001
  6.601403e+002  8.971217e-001
  6.666403e+002  8.964720e-001
  6.731403e+002  8.958255e-001
  6.796403e+002  8.951821e-001
  6.861403e+002  8.945418e-001
  6.926403e+002  8.939044e-001
  6.991403e+002  8.932700e-001
  7.056403e+002  8.926385e-001
  7.121403e+002  8.920099e-001
  7.186403e+002  8.913841e-001
  7.251403e+002  8.907611e-001
  7.316403e+002  8.901408e-001
  7.381403e+002  8.895232e-001
  7.446403e+002  8.889083e-001
  7.511403e+002  8.882959e-001
  7.576403e+002  8.876862e-001
  7.641403e+002  8.870789e-001
  7.706403e+002  8.864742e-001
  7.771403e+002  8.858719e-001
  7.836403e+002  8.852721e-001
  7.901403e+002  8.846747e-001
  7.966403e+002  8.840796e-001
  8.031403e+002  8.834868e-001
  8.096403e+002  8.828964e-001
  8.161403e+002  8.823082e-001
  8.226403e+002  8.817222e-001
  8.291403e+002  8.811384e-001
  8.356403e+002  8.805568e-001
  8.421403e+002  8.799774e-001
  8.486403e+002  8.794001e-001
  8.551403e+002  8.788248e-001
  8.616403e+002  8.782516e-001
  8.681403e+002  8.776805e-001
  8.746403e+002  8.771114e-001
  8.811403e+002  8.765442e-001
  8.876403e+002  8.759790e-001
  8.941403e+002  8.754157e-001
  9.006403e+002  8.748544e-001
  9.071403e+002  8.742949e-001
  9.136403e+002  8.737373e-001
  9.201403e+002  8.731816e-001
  9.266403e+002  8.726276e-001
  9.331403e+002  8.720755e-001
  9.396403e+002  8.715251e-001
  9.461403e+002  8.709765e-001
  9.526403e+002  8.704296e-001
  9.591403e+002  8.698845e-001
  9.656403e+002  8.693410e-001
  9.721403e+002  8.687992e-001
  9.786403e+002  8.682591e-001
  9.851403e+002  8.677205e-001
  9.916403e+002  8.671837e-001
  9.981403e+002  8.666484e-001
  1.004640e+003  8.661147e-001
  1.011140e+003  8.655825e-001
  1.017640e+003  8.650519e-001
  1.024140e+003  8.645229e-001
  1.030640e+003  8.639953e-001
  1.037140e+003  8.634693e-001
  1.043640e+003  8.629447e-001
  1.050140e+003  8.624216e-001
  1.056640e+003  8.618999e-001
  1.063140e+003  8.613797e-001
  1.069640e+003  8.608609e-001
  1.076140e+003  8.603435e-001
  1.082640e+003  8.598275e-001
  1.089140e+003  8.593129e-001
  1.095640e+003  8.587996e-001
  1.102140e+003  8.582877e-001
  1.108640e+003  8.577771e-001
  1.115140e+003  8.572678e-001
  1.121640e+003  8.567599e-001
  1.128140e+003  8.562532e-001
  1.134640e+003  8.557478e-001
  1.141140e+003  8.552437e-001
  1.147640e+003  8.547408e-001
  1.154140e+003  8.542392e-001
  1.160640e+003  8.537388e-001
  1.167140e+003  8.532397e-001
  1.173640e+003  8.527417e-001
  1.180140e+003  8.522450e-001
  1.186640e+003  8.517494e-001
  1.193140e+003  8.512550e-001
  1.199640e+003  8.507618e-001
  1.206140e+003  8.502697e-001
  1.212640e+003  8.497787e-001
  1.219140e+003  8.492889e-001
  1.225640e+003  8.488002e-001
  1.232140e+003  8.483127e-001
  1.238640e+003  8.478262e-001
  1.245140e+003  8.473408e-001
  1.251640e+003  8.468565e-001
  1.258140e+003  8.463732e-001
  1.264640e+003  8.458911e-001
  1.271140e+003  8.454100e-001
  1.277640e+003  8.449299e-001
  1.284140e+003  8.444508e-001
  1.290640e+003  8.439728e-001
  1.297140e+003  8.434958e-001
  1.300000e+003  8.432862e-001
