HISTORY PLOT
job1

Curve 1
X : Time
Y : Displacement Y [Node 1]

       X              Y       
------------------------------
  0.000000e+000  0.000000e+000
  1.300000e-001 -1.558674e+000
  2.600000e-001 -1.941860e+000
  4.160000e-001 -2.197661e+000
  6.032000e-001 -2.399403e+000
  8.278400e-001 -2.572740e+000
  1.097408e+000 -2.835372e+000
  1.420890e+000 -3.119841e+000
  1.809067e+000 -3.381665e+000
  2.274881e+000 -3.633800e+000
  2.833857e+000 -3.875431e+000
  3.504629e+000 -4.092202e+000
  4.309555e+000 -4.286373e+000
  5.114480e+000 -4.476962e+000
  6.080391e+000 -4.681750e+000
  7.239484e+000 -4.893833e+000
  8.630396e+000 -5.110879e+000
  1.029949e+001 -5.332591e+000
  1.230240e+001 -5.559494e+000
  1.470590e+001 -5.792418e+000
  1.759009e+001 -6.032274e+000
  2.105113e+001 -6.279984e+000
  2.520436e+001 -6.536460e+000
  3.018825e+001 -6.802611e+000
  3.616892e+001 -7.079347e+000
  4.266892e+001 -7.342313e+000
  4.916892e+001 -7.575874e+000
  5.566892e+001 -7.786481e+000
  6.216892e+001 -7.978793e+000
  6.866892e+001 -8.156197e+000
  7.516892e+001 -8.321213e+000
  8.166892e+001 -8.475759e+000
  8.816892e+001 -8.621326e+000
  9.466892e+001 -8.759100e+000
  1.011689e+002 -8.890035e+000
  1.076689e+002 -9.014915e+000
  1.141689e+002 -9.134390e+000
  1.206689e+002 -9.249007e+000
  1.271689e+002 -9.359232e+000
  1.336689e+002 -9.465462e+000
  1.401689e+002 -9.568041e+000
  1.466689e+002 -9.667271e+000
  1.531689e+002 -9.763412e+000
  1.596689e+002 -9.856698e+000
  1.661689e+002 -9.947333e+000
  1.726689e+002 -1.003550e+001
  1.791689e+002 -1.012137e+001
  1.856689e+002 -1.020508e+001
  1.921689e+002 -1.028677e+001
  1.986689e+002 -1.036655e+001
  2.051689e+002 -1.044455e+001
  2.116689e+002 -1.052085e+001
  2.181689e+002 -1.059556e+001
  2.246689e+002 -1.066874e+001
  2.311689e+002 -1.074050e+001
  2.376689e+002 -1.081088e+001
  2.441689e+002 -1.087996e+001
  2.506689e+002 -1.094781e+001
  2.571689e+002 -1.101447e+001
  2.636689e+002 -1.108000e+001
  2.701689e+002 -1.114445e+001
  2.766689e+002 -1.120787e+001
  2.831689e+002 -1.127029e+001
  2.896689e+002 -1.133177e+001
  2.961689e+002 -1.139232e+001
  3.026689e+002 -1.145200e+001
  3.091689e+002 -1.151084e+001
  3.156689e+002 -1.156886e+001
  3.221689e+002 -1.162610e+001
  3.286689e+002 -1.168258e+001
  3.351689e+002 -1.173833e+001
  3.416689e+002 -1.179338e+001
  3.481689e+002 -1.184775e+001
  3.546689e+002 -1.190146e+001
  3.611689e+002 -1.195453e+001
  3.676689e+002 -1.200699e+001
  3.741689e+002 -1.205885e+001
  3.806689e+002 -1.211012e+001
  3.871689e+002 -1.215442e+001
  3.936689e+002 -1.220237e+001
  4.001689e+002 -1.225157e+001
  4.066689e+002 -1.230099e+001
  4.131689e+002 -1.235026e+001
  4.196689e+002 -1.239922e+001
  4.261689e+002 -1.244780e+001
  4.326689e+002 -1.249599e+001
  4.391689e+002 -1.254380e+001
  4.456689e+002 -1.259120e+001
  4.521689e+002 -1.263821e+001
  4.586689e+002 -1.268484e+001
  4.651689e+002 -1.273109e+001
  4.716689e+002 -1.277697e+001
  4.781689e+002 -1.282246e+001
  4.846689e+002 -1.286758e+001
  4.911689e+002 -1.291233e+001
  4.976689e+002 -1.295672e+001
  5.041689e+002 -1.300050e+001
  5.106689e+002 -1.304390e+001
  5.171689e+002 -1.308694e+001
  5.236689e+002 -1.312964e+001
  5.301689e+002 -1.317219e+001
  5.366689e+002 -1.321447e+001
  5.431689e+002 -1.325644e+001
  5.496689e+002 -1.329809e+001
  5.561689e+002 -1.333941e+001
  5.626689e+002 -1.338041e+001
  5.691689e+002 -1.342111e+001
  5.756689e+002 -1.346149e+001
  5.821689e+002 -1.350158e+001
  5.886689e+002 -1.354136e+001
  5.951689e+002 -1.358085e+001
  6.016689e+002 -1.362005e+001
  6.081689e+002 -1.365897e+001
  6.146689e+002 -1.369761e+001
  6.211689e+002 -1.373581e+001
  6.276689e+002 -1.377372e+001
  6.341689e+002 -1.381136e+001
  6.406689e+002 -1.384874e+001
  6.471689e+002 -1.388587e+001
  6.536689e+002 -1.392275e+001
  6.601689e+002 -1.395938e+001
  6.666689e+002 -1.399576e+001
  6.731689e+002 -1.403203e+001
  6.796689e+002 -1.406810e+001
  6.861689e+002 -1.410395e+001
  6.926689e+002 -1.413957e+001
  6.991689e+002 -1.417497e+001
  7.056689e+002 -1.421015e+001
  7.121689e+002 -1.424511e+001
  7.186689e+002 -1.427986e+001
  7.251689e+002 -1.431440e+001
  7.316689e+002 -1.434874e+001
  7.381689e+002 -1.438287e+001
  7.446689e+002 -1.441680e+001
  7.511689e+002 -1.445054e+001
  7.576689e+002 -1.448408e+001
  7.641689e+002 -1.451743e+001
  7.706689e+002 -1.455060e+001
  7.771689e+002 -1.458358e+001
  7.836689e+002 -1.461639e+001
  7.901689e+002 -1.464901e+001
  7.966689e+002 -1.468146e+001
  8.031689e+002 -1.471373e+001
  8.096689e+002 -1.474584e+001
  8.161689e+002 -1.477778e+001
  8.226689e+002 -1.480955e+001
  8.291689e+002 -1.484116e+001
  8.356689e+002 -1.487262e+001
  8.421689e+002 -1.490391e+001
  8.486689e+002 -1.493505e+001
  8.551689e+002 -1.496604e+001
  8.616689e+002 -1.499687e+001
  8.681689e+002 -1.502756e+001
  8.746689e+002 -1.505811e+001
  8.811689e+002 -1.508850e+001
  8.876689e+002 -1.511876e+001
  8.941689e+002 -1.514888e+001
  9.006689e+002 -1.517885e+001
  9.071689e+002 -1.520870e+001
  9.136689e+002 -1.523840e+001
  9.201689e+002 -1.526798e+001
  9.266689e+002 -1.529743e+001
  9.331689e+002 -1.532674e+001
  9.396689e+002 -1.535593e+001
  9.461689e+002 -1.538500e+001
  9.526689e+002 -1.541394e+001
  9.591689e+002 -1.544276e+001
  9.656689e+002 -1.547146e+001
  9.721689e+002 -1.550004e+001
  9.786689e+002 -1.552851e+001
  9.851689e+002 -1.555685e+001
  9.916689e+002 -1.558509e+001
  9.981689e+002 -1.561321e+001
  1.004669e+003 -1.564123e+001
  1.011169e+003 -1.566913e+001
  1.017669e+003 -1.569692e+001
  1.024169e+003 -1.572461e+001
  1.030669e+003 -1.575220e+001
  1.037169e+003 -1.577967e+001
  1.043669e+003 -1.580705e+001
  1.050169e+003 -1.583433e+001
  1.056669e+003 -1.586150e+001
  1.063169e+003 -1.588858e+001
  1.069669e+003 -1.591556e+001
  1.076169e+003 -1.594244e+001
  1.082669e+003 -1.596923e+001
  1.089169e+003 -1.599592e+001
  1.095669e+003 -1.602252e+001
  1.102169e+003 -1.604903e+001
  1.108669e+003 -1.607545e+001
  1.115169e+003 -1.610178e+001
  1.121669e+003 -1.612802e+001
  1.128169e+003 -1.615417e+001
  1.134669e+003 -1.618023e+001
  1.141169e+003 -1.620621e+001
  1.147669e+003 -1.623211e+001
  1.154169e+003 -1.625792e+001
  1.160669e+003 -1.628365e+001
  1.167169e+003 -1.630930e+001
  1.173669e+003 -1.633486e+001
  1.180169e+003 -1.636035e+001
  1.186669e+003 -1.638576e+001
  1.193169e+003 -1.641109e+001
  1.199669e+003 -1.643634e+001
  1.206169e+003 -1.646151e+001
  1.212669e+003 -1.648661e+001
  1.219169e+003 -1.651164e+001
  1.225669e+003 -1.653659e+001
  1.232169e+003 -1.656147e+001
  1.238669e+003 -1.658628e+001
  1.245169e+003 -1.661102e+001
  1.251669e+003 -1.663568e+001
  1.258169e+003 -1.666027e+001
  1.264669e+003 -1.668480e+001
  1.271169e+003 -1.670926e+001
  1.277669e+003 -1.673365e+001
  1.284169e+003 -1.675797e+001
  1.290669e+003 -1.678223e+001
  1.297169e+003 -1.680642e+001
  1.300000e+003 -1.681696e+001

Curve 2
X : Time
Y : Thickness of Element [Node 1]

       X              Y       
------------------------------
  0.000000e+000  1.040000e+000
  1.300000e-001  1.037723e+000
  2.600000e-001  1.036493e+000
  4.160000e-001  1.035514e+000
  6.032000e-001  1.034652e+000
  8.278400e-001  1.033848e+000
  1.097408e+000  1.032502e+000
  1.420890e+000  1.030936e+000
  1.809067e+000  1.029353e+000
  2.274881e+000  1.027718e+000
  2.833857e+000  1.026044e+000
  3.504629e+000  1.024452e+000
  4.309555e+000  1.022969e+000
  5.114480e+000  1.021467e+000
  6.080391e+000  1.019789e+000
  7.239484e+000  1.017971e+000
  8.630396e+000  1.016023e+000
  1.029949e+001  1.013940e+000
  1.230240e+001  1.011711e+000
  1.470590e+001  1.009320e+000
  1.759009e+001  1.006751e+000
  2.105113e+001  1.003985e+000
  2.520436e+001  1.001002e+000
  3.018825e+001  9.977783e-001
  3.616892e+001  9.942909e-001
  4.266892e+001  9.908491e-001
  4.916892e+001  9.876872e-001
  5.566892e+001  9.847511e-001
  6.216892e+001  9.820006e-001
  6.866892e+001  9.794050e-001
  7.516892e+001  9.769411e-001
  8.166892e+001  9.745907e-001
  8.816892e+001  9.723395e-001
  9.466892e+001  9.701757e-001
  1.011689e+002  9.680898e-001
  1.076689e+002  9.660738e-001
  1.141689e+002  9.641212e-001
  1.206689e+002  9.622260e-001
  1.271689e+002  9.603835e-001
  1.336689e+002  9.585894e-001
  1.401689e+002  9.568400e-001
  1.466689e+002  9.551320e-001
  1.531689e+002  9.534624e-001
  1.596689e+002  9.518289e-001
  1.661689e+002  9.502289e-001
  1.726689e+002  9.486605e-001
  1.791689e+002  9.471218e-001
  1.856689e+002  9.456111e-001
  1.921689e+002  9.441268e-001
  1.986689e+002  9.426676e-001
  2.051689e+002  9.412321e-001
  2.116689e+002  9.398192e-001
  2.181689e+002  9.384277e-001
  2.246689e+002  9.370567e-001
  2.311689e+002  9.357053e-001
  2.376689e+002  9.343725e-001
  2.441689e+002  9.330576e-001
  2.506689e+002  9.317597e-001
  2.571689e+002  9.304783e-001
  2.636689e+002  9.292127e-001
  2.701689e+002  9.279621e-001
  2.766689e+002  9.267262e-001
  2.831689e+002  9.255043e-001
  2.896689e+002  9.242959e-001
  2.961689e+002  9.231005e-001
  3.026689e+002  9.219177e-001
  3.091689e+002  9.207471e-001
  3.156689e+002  9.195883e-001
  3.221689e+002  9.184408e-001
  3.286689e+002  9.173043e-001
  3.351689e+002  9.161785e-001
  3.416689e+002  9.150630e-001
  3.481689e+002  9.139575e-001
  3.546689e+002  9.128618e-001
  3.611689e+002  9.117755e-001
  3.676689e+002  9.106984e-001
  3.741689e+002  9.096302e-001
  3.806689e+002  9.085707e-001
  3.871689e+002  9.076570e-001
  3.936689e+002  9.066685e-001
  4.001689e+002  9.056540e-001
  4.066689e+002  9.046339e-001
  4.131689e+002  9.036161e-001
  4.196689e+002  9.026037e-001
  4.261689e+002  9.015977e-001
  4.326689e+002  9.005986e-001
  4.391689e+002  8.996063e-001
  4.456689e+002  8.986206e-001
  4.521689e+002  8.976417e-001
  4.586689e+002  8.966692e-001
  4.651689e+002  8.957030e-001
  4.716689e+002  8.947432e-001
  4.781689e+002  8.937895e-001
  4.846689e+002  8.928419e-001
  4.911689e+002  8.919002e-001
  4.976689e+002  8.909644e-001
  5.041689e+002  8.900351e-001
  5.106689e+002  8.891117e-001
  5.171689e+002  8.881939e-001
  5.236689e+002  8.872816e-001
  5.301689e+002  8.863744e-001
  5.366689e+002  8.854722e-001
  5.431689e+002  8.845754e-001
  5.496689e+002  8.836837e-001
  5.561689e+002  8.827971e-001
  5.626689e+002  8.819156e-001
  5.691689e+002  8.810391e-001
  5.756689e+002  8.801675e-001
  5.821689e+002  8.793008e-001
  5.886689e+002  8.784388e-001
  5.951689e+002  8.775815e-001
  6.016689e+002  8.767288e-001
  6.081689e+002  8.758807e-001
  6.146689e+002  8.750371e-001
  6.211689e+002  8.741983e-001
  6.276689e+002  8.733640e-001
  6.341689e+002  8.725339e-001
  6.406689e+002  8.717081e-001
  6.471689e+002  8.708864e-001
  6.536689e+002  8.700687e-001
  6.601689e+002  8.692551e-001
  6.666689e+002  8.684453e-001
  6.731689e+002  8.676392e-001
  6.796689e+002  8.668367e-001
  6.861689e+002  8.660380e-001
  6.926689e+002  8.652429e-001
  6.991689e+002  8.644514e-001
  7.056689e+002  8.636636e-001
  7.121689e+002  8.628793e-001
  7.186689e+002  8.620984e-001
  7.251689e+002  8.613210e-001
  7.316689e+002  8.605469e-001
  7.381689e+002  8.597762e-001
  7.446689e+002  8.590087e-001
  7.511689e+002  8.582444e-001
  7.576689e+002  8.574834e-001
  7.641689e+002  8.567254e-001
  7.706689e+002  8.559705e-001
  7.771689e+002  8.552187e-001
  7.836689e+002  8.544698e-001
  7.901689e+002  8.537240e-001
  7.966689e+002  8.529809e-001
  8.031689e+002  8.522408e-001
  8.096689e+002  8.515035e-001
  8.161689e+002  8.507690e-001
  8.226689e+002  8.500372e-001
  8.291689e+002  8.493081e-001
  8.356689e+002  8.485817e-001
  8.421689e+002  8.478579e-001
  8.486689e+002  8.471368e-001
  8.551689e+002  8.464182e-001
  8.616689e+002  8.457020e-001
  8.681689e+002  8.449884e-001
  8.746689e+002  8.442773e-001
  8.811689e+002  8.435686e-001
  8.876689e+002  8.428623e-001
  8.941689e+002  8.421583e-001
  9.006689e+002  8.414567e-001
  9.071689e+002  8.407574e-001
  9.136689e+002  8.400603e-001
  9.201689e+002  8.393655e-001
  9.266689e+002  8.386729e-001
  9.331689e+002  8.379825e-001
  9.396689e+002  8.372943e-001
  9.461689e+002  8.366081e-001
  9.526689e+002  8.359241e-001
  9.591689e+002  8.352422e-001
  9.656689e+002  8.345623e-001
  9.721689e+002  8.338845e-001
  9.786689e+002  8.332087e-001
  9.851689e+002  8.325348e-001
  9.916689e+002  8.318629e-001
  9.981689e+002  8.311929e-001
  1.004669e+003  8.305248e-001
  1.011169e+003  8.298587e-001
  1.017669e+003  8.291944e-001
  1.024169e+003  8.285319e-001
  1.030669e+003  8.278713e-001
  1.037169e+003  8.272124e-001
  1.043669e+003  8.265554e-001
  1.050169e+003  8.259001e-001
  1.056669e+003  8.252465e-001
  1.063169e+003  8.245947e-001
  1.069669e+003  8.239445e-001
  1.076169e+003  8.232961e-001
  1.082669e+003  8.226493e-001
  1.089169e+003  8.220041e-001
  1.095669e+003  8.213606e-001
  1.102169e+003  8.207187e-001
  1.108669e+003  8.200783e-001
  1.115169e+003  8.194396e-001
  1.121669e+003  8.188024e-001
  1.128169e+003  8.181667e-001
  1.134669e+003  8.175326e-001
  1.141169e+003  8.169000e-001
  1.147669e+003  8.162688e-001
  1.154169e+003  8.156392e-001
  1.160669e+003  8.150109e-001
  1.167169e+003  8.143842e-001
  1.173669e+003  8.137588e-001
  1.180169e+003  8.131349e-001
  1.186669e+003  8.125124e-001
  1.193169e+003  8.118913e-001
  1.199669e+003  8.112715e-001
  1.206169e+003  8.106531e-001
  1.212669e+003  8.100360e-001
  1.219169e+003  8.094203e-001
  1.225669e+003  8.088059e-001
  1.232169e+003  8.081928e-001
  1.238669e+003  8.075809e-001
  1.245169e+003  8.069704e-001
  1.251669e+003  8.063611e-001
  1.258169e+003  8.057530e-001
  1.264669e+003  8.051462e-001
  1.271169e+003  8.045407e-001
  1.277669e+003  8.039363e-001
  1.284169e+003  8.033332e-001
  1.290669e+003  8.027312e-001
  1.297169e+003  8.021304e-001
  1.300000e+003  8.018690e-001
