HISTORY PLOT
job1

Curve 1
X : Time
Y : Displacement Y [Node 1]

       X              Y       
------------------------------
  0.000000e+000  0.000000e+000
  1.300000e-001 -1.869118e+000
  2.600000e-001 -2.329976e+000
  4.160000e-001 -2.638433e+000
  6.032000e-001 -2.882352e+000
  8.278400e-001 -3.092443e+000
  1.097408e+000 -3.403979e+000
  1.420890e+000 -3.739846e+000
  1.809067e+000 -4.060757e+000
  2.274881e+000 -4.362175e+000
  2.833857e+000 -4.648833e+000
  3.504629e+000 -4.926323e+000
  4.309555e+000 -5.199278e+000
  5.275465e+000 -5.471279e+000
  6.434558e+000 -5.745098e+000
  7.825470e+000 -6.022938e+000
  9.494564e+000 -6.256253e+000
  1.116366e+001 -6.466226e+000
  1.283275e+001 -6.654429e+000
  1.483566e+001 -6.885528e+000
  1.723916e+001 -7.104265e+000
  1.964266e+001 -7.325996e+000
  2.252685e+001 -7.574285e+000
  2.598788e+001 -7.842642e+000
  3.014112e+001 -8.128341e+000
  3.512501e+001 -8.430505e+000
  4.110568e+001 -8.749158e+000
  4.760568e+001 -9.055209e+000
  5.410568e+001 -9.329226e+000
  6.060568e+001 -9.577833e+000
  6.710567e+001 -9.805951e+000
  7.360567e+001 -1.001722e+001
  8.010567e+001 -1.021440e+001
  8.660567e+001 -1.039958e+001
  9.310567e+001 -1.057445e+001
  9.960567e+001 -1.074031e+001
  1.061057e+002 -1.089825e+001
  1.126057e+002 -1.104916e+001
  1.191057e+002 -1.119377e+001
  1.256057e+002 -1.133271e+001
  1.321057e+002 -1.146652e+001
  1.386057e+002 -1.159565e+001
  1.451057e+002 -1.172049e+001
  1.516057e+002 -1.184140e+001
  1.581057e+002 -1.195868e+001
  1.646057e+002 -1.207260e+001
  1.711057e+002 -1.218340e+001
  1.776057e+002 -1.229128e+001
  1.841057e+002 -1.239644e+001
  1.906057e+002 -1.249906e+001
  1.971057e+002 -1.259929e+001
  2.036057e+002 -1.269727e+001
  2.101057e+002 -1.279313e+001
  2.166057e+002 -1.288698e+001
  2.231057e+002 -1.297895e+001
  2.296057e+002 -1.306911e+001
  2.361057e+002 -1.315757e+001
  2.426057e+002 -1.324441e+001
  2.491057e+002 -1.332971e+001
  2.556057e+002 -1.341353e+001
  2.621057e+002 -1.349595e+001
  2.686057e+002 -1.357703e+001
  2.751057e+002 -1.365683e+001
  2.816057e+002 -1.373539e+001
  2.881057e+002 -1.381278e+001
  2.946057e+002 -1.388904e+001
  3.011057e+002 -1.396421e+001
  3.076057e+002 -1.403834e+001
  3.141057e+002 -1.411146e+001
  3.206057e+002 -1.418362e+001
  3.271057e+002 -1.425484e+001
  3.336057e+002 -1.432517e+001
  3.401057e+002 -1.439463e+001
  3.466057e+002 -1.446325e+001
  3.531057e+002 -1.453106e+001
  3.596057e+002 -1.459809e+001
  3.661057e+002 -1.466436e+001
  3.726057e+002 -1.472990e+001
  3.791057e+002 -1.479473e+001
  3.856057e+002 -1.485887e+001
  3.921057e+002 -1.492235e+001
  3.986057e+002 -1.498518e+001
  4.051057e+002 -1.504738e+001
  4.116057e+002 -1.510897e+001
  4.181057e+002 -1.516997e+001
  4.246057e+002 -1.523039e+001
  4.311057e+002 -1.529026e+001
  4.376057e+002 -1.534958e+001
  4.441057e+002 -1.540837e+001
  4.506057e+002 -1.546664e+001
  4.571057e+002 -1.552441e+001
  4.636057e+002 -1.558169e+001
  4.701057e+002 -1.563850e+001
  4.766057e+002 -1.569484e+001
  4.831057e+002 -1.575073e+001
  4.896057e+002 -1.580618e+001
  4.961057e+002 -1.586119e+001
  5.026057e+002 -1.591579e+001
  5.091057e+002 -1.596997e+001
  5.156057e+002 -1.602375e+001
  5.221057e+002 -1.607714e+001
  5.286057e+002 -1.613015e+001
  5.351057e+002 -1.618278e+001
  5.416057e+002 -1.623505e+001
  5.481057e+002 -1.628695e+001
  5.546057e+002 -1.633851e+001
  5.611057e+002 -1.638973e+001
  5.676057e+002 -1.644061e+001
  5.741057e+002 -1.649116e+001
  5.806057e+002 -1.654139e+001
  5.871057e+002 -1.659130e+001
  5.936057e+002 -1.664091e+001
  6.001057e+002 -1.669022e+001
  6.066057e+002 -1.673923e+001
  6.131057e+002 -1.678794e+001
  6.196057e+002 -1.683643e+001
  6.261057e+002 -1.688471e+001
  6.326057e+002 -1.693282e+001
  6.391057e+002 -1.698082e+001
  6.456057e+002 -1.702865e+001
  6.521057e+002 -1.707631e+001
  6.586057e+002 -1.712376e+001
  6.651057e+002 -1.717102e+001
  6.716057e+002 -1.721809e+001
  6.781057e+002 -1.726496e+001
  6.846057e+002 -1.731162e+001
  6.911057e+002 -1.735812e+001
  6.976057e+002 -1.740441e+001
  7.041057e+002 -1.745050e+001
  7.106057e+002 -1.749640e+001
  7.171057e+002 -1.754210e+001
  7.236057e+002 -1.758763e+001
  7.301057e+002 -1.763297e+001
  7.366057e+002 -1.767811e+001
  7.431057e+002 -1.772307e+001
  7.496057e+002 -1.776784e+001
  7.561057e+002 -1.781241e+001
  7.626057e+002 -1.785681e+001
  7.691057e+002 -1.790101e+001
  7.756057e+002 -1.794503e+001
  7.821057e+002 -1.798888e+001
  7.886057e+002 -1.803255e+001
  7.951057e+002 -1.807604e+001
  8.016057e+002 -1.811934e+001
  8.081057e+002 -1.816247e+001
  8.146057e+002 -1.820542e+001
  8.211057e+002 -1.824819e+001
  8.276057e+002 -1.829078e+001
  8.341057e+002 -1.833320e+001
  8.406057e+002 -1.837544e+001
  8.471057e+002 -1.841752e+001
  8.536057e+002 -1.845942e+001
  8.601057e+002 -1.850114e+001
  8.666057e+002 -1.854271e+001
  8.731057e+002 -1.858410e+001
  8.796057e+002 -1.862532e+001
  8.861057e+002 -1.866639e+001
  8.926057e+002 -1.870728e+001
  8.991057e+002 -1.874802e+001
  9.056057e+002 -1.878860e+001
  9.121057e+002 -1.882902e+001
  9.186057e+002 -1.886928e+001
  9.251057e+002 -1.890939e+001
  9.316057e+002 -1.894934e+001
  9.381057e+002 -1.898914e+001
  9.446057e+002 -1.902880e+001
  9.511057e+002 -1.906830e+001
  9.576057e+002 -1.910766e+001
  9.641057e+002 -1.914687e+001
  9.706057e+002 -1.918594e+001
  9.771057e+002 -1.922487e+001
  9.836057e+002 -1.926365e+001
  9.901057e+002 -1.930230e+001
  9.966057e+002 -1.934081e+001
  1.003106e+003 -1.937918e+001
  1.009606e+003 -1.941742e+001
  1.016106e+003 -1.945552e+001
  1.022606e+003 -1.949349e+001
  1.029106e+003 -1.953134e+001
  1.035606e+003 -1.956905e+001
  1.042106e+003 -1.960664e+001
  1.048606e+003 -1.964410e+001
  1.055106e+003 -1.968144e+001
  1.061606e+003 -1.971865e+001
  1.068106e+003 -1.975574e+001
  1.074606e+003 -1.979272e+001
  1.081106e+003 -1.982957e+001
  1.087606e+003 -1.986631e+001
  1.094106e+003 -1.990294e+001
  1.100606e+003 -1.993945e+001
  1.107106e+003 -1.997584e+001
  1.113606e+003 -2.001213e+001
  1.120106e+003 -2.004830e+001
  1.126606e+003 -2.008437e+001
  1.133106e+003 -2.012033e+001
  1.139606e+003 -2.015618e+001
  1.146106e+003 -2.019193e+001
  1.152606e+003 -2.022757e+001
  1.159106e+003 -2.026311e+001
  1.165606e+003 -2.029855e+001
  1.172106e+003 -2.033389e+001
  1.178606e+003 -2.036913e+001
  1.185106e+003 -2.040427e+001
  1.191606e+003 -2.043932e+001
  1.198106e+003 -2.047427e+001
  1.204606e+003 -2.050913e+001
  1.211106e+003 -2.054390e+001
  1.217606e+003 -2.057857e+001
  1.224106e+003 -2.061315e+001
  1.230606e+003 -2.064764e+001
  1.237106e+003 -2.068204e+001
  1.243606e+003 -2.071636e+001
  1.250106e+003 -2.075059e+001
  1.256606e+003 -2.078473e+001
  1.263106e+003 -2.081879e+001
  1.269606e+003 -2.085276e+001
  1.276106e+003 -2.088665e+001
  1.282606e+003 -2.092047e+001
  1.289106e+003 -2.095420e+001
  1.295606e+003 -2.098784e+001
  1.300000e+003 -2.101057e+001

Curve 2
X : Time
Y : Thickness of Element [Node 1]

       X              Y       
------------------------------
  0.000000e+000  1.040000e+000
  1.300000e-001  1.037383e+000
  2.600000e-001  1.035963e+000
  4.160000e-001  1.034829e+000
  6.032000e-001  1.033829e+000
  8.278400e-001  1.032894e+000
  1.097408e+000  1.031364e+000
  1.420890e+000  1.029594e+000
  1.809067e+000  1.027758e+000
  2.274881e+000  1.025896e+000
  2.833857e+000  1.024001e+000
  3.504629e+000  1.022050e+000
  4.309555e+000  1.020021e+000
  5.275465e+000  1.017893e+000
  6.434558e+000  1.015644e+000
  7.825470e+000  1.013253e+000
  9.494564e+000  1.011173e+000
  1.116366e+001  1.009258e+000
  1.283275e+001  1.007496e+000
  1.483566e+001  1.005281e+000
  1.723916e+001  1.003107e+000
  1.964266e+001  1.000843e+000
  2.252685e+001  9.982303e-001
  2.598788e+001  9.953118e-001
  3.014112e+001  9.920954e-001
  3.512501e+001  9.885708e-001
  4.110568e+001  9.847180e-001
  4.760568e+001  9.808864e-001
  5.410568e+001  9.773460e-001
  6.060568e+001  9.740441e-001
  6.710567e+001  9.709401e-001
  7.360567e+001  9.680026e-001
  8.010567e+001  9.652074e-001
  8.660567e+001  9.625357e-001
  9.310567e+001  9.599720e-001
  9.960567e+001  9.575041e-001
  1.061057e+002  9.551216e-001
  1.126057e+002  9.528161e-001
  1.191057e+002  9.505803e-001
  1.256057e+002  9.484081e-001
  1.321057e+002  9.462940e-001
  1.386057e+002  9.442335e-001
  1.451057e+002  9.422226e-001
  1.516057e+002  9.402575e-001
  1.581057e+002  9.383353e-001
  1.646057e+002  9.364529e-001
  1.711057e+002  9.346080e-001
  1.776057e+002  9.327982e-001
  1.841057e+002  9.310214e-001
  1.906057e+002  9.292758e-001
  1.971057e+002  9.275597e-001
  2.036057e+002  9.258714e-001
  2.101057e+002  9.242097e-001
  2.166057e+002  9.225732e-001
  2.231057e+002  9.209606e-001
  2.296057e+002  9.193708e-001
  2.361057e+002  9.178028e-001
  2.426057e+002  9.162557e-001
  2.491057e+002  9.147285e-001
  2.556057e+002  9.132204e-001
  2.621057e+002  9.117306e-001
  2.686057e+002  9.102584e-001
  2.751057e+002  9.088032e-001
  2.816057e+002  9.073642e-001
  2.881057e+002  9.059409e-001
  2.946057e+002  9.045326e-001
  3.011057e+002  9.031390e-001
  3.076057e+002  9.017593e-001
  3.141057e+002  9.003933e-001
  3.206057e+002  8.990404e-001
  3.271057e+002  8.977002e-001
  3.336057e+002  8.963722e-001
  3.401057e+002  8.950562e-001
  3.466057e+002  8.937517e-001
  3.531057e+002  8.924583e-001
  3.596057e+002  8.911759e-001
  3.661057e+002  8.899039e-001
  3.726057e+002  8.886422e-001
  3.791057e+002  8.873904e-001
  3.856057e+002  8.861483e-001
  3.921057e+002  8.849156e-001
  3.986057e+002  8.836921e-001
  4.051057e+002  8.824774e-001
  4.116057e+002  8.812714e-001
  4.181057e+002  8.800738e-001
  4.246057e+002  8.788845e-001
  4.311057e+002  8.777032e-001
  4.376057e+002  8.765297e-001
  4.441057e+002  8.753639e-001
  4.506057e+002  8.742055e-001
  4.571057e+002  8.730544e-001
  4.636057e+002  8.719104e-001
  4.701057e+002  8.707734e-001
  4.766057e+002  8.696431e-001
  4.831057e+002  8.685195e-001
  4.896057e+002  8.674023e-001
  4.961057e+002  8.662915e-001
  5.026057e+002  8.651869e-001
  5.091057e+002  8.640884e-001
  5.156057e+002  8.629958e-001
  5.221057e+002  8.619091e-001
  5.286057e+002  8.608280e-001
  5.351057e+002  8.597526e-001
  5.416057e+002  8.586825e-001
  5.481057e+002  8.576179e-001
  5.546057e+002  8.565585e-001
  5.611057e+002  8.555043e-001
  5.676057e+002  8.544551e-001
  5.741057e+002  8.534109e-001
  5.806057e+002  8.523715e-001
  5.871057e+002  8.513369e-001
  5.936057e+002  8.503070e-001
  6.001057e+002  8.492817e-001
  6.066057e+002  8.482609e-001
  6.131057e+002  8.472445e-001
  6.196057e+002  8.462325e-001
  6.261057e+002  8.452250e-001
  6.326057e+002  8.442217e-001
  6.391057e+002  8.432225e-001
  6.456057e+002  8.422271e-001
  6.521057e+002  8.412358e-001
  6.586057e+002  8.402483e-001
  6.651057e+002  8.392647e-001
  6.716057e+002  8.382849e-001
  6.781057e+002  8.373088e-001
  6.846057e+002  8.363363e-001
  6.911057e+002  8.353675e-001
  6.976057e+002  8.344022e-001
  7.041057e+002  8.334404e-001
  7.106057e+002  8.324821e-001
  7.171057e+002  8.315271e-001
  7.236057e+002  8.305755e-001
  7.301057e+002  8.296273e-001
  7.366057e+002  8.286823e-001
  7.431057e+002  8.277406e-001
  7.496057e+002  8.268020e-001
  7.561057e+002  8.258667e-001
  7.626057e+002  8.249345e-001
  7.691057e+002  8.240054e-001
  7.756057e+002  8.230794e-001
  7.821057e+002  8.221565e-001
  7.886057e+002  8.212366e-001
  7.951057e+002  8.203197e-001
  8.016057e+002  8.194058e-001
  8.081057e+002  8.184948e-001
  8.146057e+002  8.175868e-001
  8.211057e+002  8.166817e-001
  8.276057e+002  8.157795e-001
  8.341057e+002  8.148801e-001
  8.406057e+002  8.139836e-001
  8.471057e+002  8.130898e-001
  8.536057e+002  8.121989e-001
  8.601057e+002  8.113107e-001
  8.666057e+002  8.104252e-001
  8.731057e+002  8.095424e-001
  8.796057e+002  8.086623e-001
  8.861057e+002  8.077849e-001
  8.926057e+002  8.069101e-001
  8.991057e+002  8.060379e-001
  9.056057e+002  8.051682e-001
  9.121057e+002  8.043011e-001
  9.186057e+002  8.034365e-001
  9.251057e+002  8.025744e-001
  9.316057e+002  8.017148e-001
  9.381057e+002  8.008576e-001
  9.446057e+002  8.000029e-001
  9.511057e+002  7.991505e-001
  9.576057e+002  7.983005e-001
  9.641057e+002  7.974528e-001
  9.706057e+002  7.966075e-001
  9.771057e+002  7.957644e-001
  9.836057e+002  7.949236e-001
  9.901057e+002  7.940850e-001
  9.966057e+002  7.932487e-001
  1.003106e+003  7.924145e-001
  1.009606e+003  7.915825e-001
  1.016106e+003  7.907526e-001
  1.022606e+003  7.899249e-001
  1.029106e+003  7.890992e-001
  1.035606e+003  7.882756e-001
  1.042106e+003  7.874541e-001
  1.048606e+003  7.866345e-001
  1.055106e+003  7.858170e-001
  1.061606e+003  7.850015e-001
  1.068106e+003  7.841879e-001
  1.074606e+003  7.833762e-001
  1.081106e+003  7.825664e-001
  1.087606e+003  7.817585e-001
  1.094106e+003  7.809525e-001
  1.100606e+003  7.801484e-001
  1.107106e+003  7.793460e-001
  1.113606e+003  7.785455e-001
  1.120106e+003  7.777467e-001
  1.126606e+003  7.769497e-001
  1.133106e+003  7.761544e-001
  1.139606e+003  7.753609e-001
  1.146106e+003  7.745690e-001
  1.152606e+003  7.737789e-001
  1.159106e+003  7.729904e-001
  1.165606e+003  7.722035e-001
  1.172106e+003  7.714183e-001
  1.178606e+003  7.706347e-001
  1.185106e+003  7.698526e-001
  1.191606e+003  7.690722e-001
  1.198106e+003  7.682933e-001
  1.204606e+003  7.675159e-001
  1.211106e+003  7.667400e-001
  1.217606e+003  7.659657e-001
  1.224106e+003  7.651928e-001
  1.230606e+003  7.644214e-001
  1.237106e+003  7.636515e-001
  1.243606e+003  7.628829e-001
  1.250106e+003  7.621159e-001
  1.256606e+003  7.613502e-001
  1.263106e+003  7.605859e-001
  1.269606e+003  7.598229e-001
  1.276106e+003  7.590613e-001
  1.282606e+003  7.583011e-001
  1.289106e+003  7.575422e-001
  1.295606e+003  7.567846e-001
  1.300000e+003  7.562730e-001
