HISTORY PLOT
job1

Curve 1
X : Time
Y : Displacement Y [Node 1]

       X              Y       
------------------------------
  0.000000e+000  0.000000e+000
  4.000000e-001 -1.398656e+000
  8.000000e-001 -1.730719e+000
  1.280000e+000 -1.934984e+000
  1.760000e+000 -2.081417e+000
  2.336000e+000 -2.202029e+000
  2.912000e+000 -2.461398e+000
  3.603200e+000 -2.728178e+000
  4.432640e+000 -2.965896e+000
  5.427968e+000 -3.192499e+000
  6.622362e+000 -3.408144e+000
  8.055634e+000 -3.616092e+000
  9.775560e+000 -3.819642e+000
  1.183947e+001 -4.021509e+000
  1.431617e+001 -4.187453e+000
  1.679286e+001 -4.340594e+000
  1.926956e+001 -4.474041e+000
  2.174625e+001 -4.609034e+000
  2.471828e+001 -4.760183e+000
  2.828473e+001 -4.923339e+000
  3.256445e+001 -5.096639e+000
  3.770013e+001 -5.279326e+000
  4.386293e+001 -5.471210e+000
  5.125830e+001 -5.672392e+000
  6.013275e+001 -5.883139e+000
  7.078208e+001 -6.103816e+000
  8.356129e+001 -6.334860e+000
  9.889632e+001 -6.576773e+000
  1.172984e+002 -6.830116e+000
  1.372984e+002 -7.072165e+000
  1.572984e+002 -7.287988e+000
  1.772984e+002 -7.483148e+000
  1.972984e+002 -7.661718e+000
  2.172984e+002 -7.826694e+000
  2.372984e+002 -7.980325e+000
  2.572984e+002 -8.124330e+000
  2.772984e+002 -8.260056e+000
  2.972984e+002 -8.388579e+000
  3.172984e+002 -8.510766e+000
  3.372984e+002 -8.627334e+000
  3.572984e+002 -8.738877e+000
  3.772984e+002 -8.845899e+000
  3.972984e+002 -8.948827e+000
  4.172984e+002 -9.048027e+000
  4.372984e+002 -9.143819e+000
  4.572984e+002 -9.236478e+000
  4.772984e+002 -9.326247e+000
  4.972984e+002 -9.413343e+000
  5.172984e+002 -9.497956e+000
  5.372984e+002 -9.580256e+000
  5.572984e+002 -9.660395e+000
  5.772984e+002 -9.738511e+000
  5.972984e+002 -9.814728e+000
  6.172984e+002 -9.889157e+000
  6.372984e+002 -9.961904e+000
  6.572984e+002 -1.003306e+001
  6.772984e+002 -1.010271e+001
  6.972984e+002 -1.017093e+001
  7.172984e+002 -1.023780e+001
  7.372984e+002 -1.030339e+001
  7.572984e+002 -1.036774e+001
  7.772984e+002 -1.043093e+001
  7.972984e+002 -1.049301e+001
  8.172984e+002 -1.055401e+001
  8.372984e+002 -1.061400e+001
  8.572984e+002 -1.067301e+001
  8.772984e+002 -1.073109e+001
  8.972984e+002 -1.078826e+001
  9.172984e+002 -1.084458e+001
  9.372984e+002 -1.090006e+001
  9.572984e+002 -1.095475e+001
  9.772984e+002 -1.100866e+001
  9.972984e+002 -1.106184e+001
  1.017298e+003 -1.111430e+001
  1.037298e+003 -1.116607e+001
  1.057298e+003 -1.121717e+001
  1.077298e+003 -1.126763e+001
  1.097298e+003 -1.131746e+001
  1.117298e+003 -1.136669e+001
  1.137298e+003 -1.141534e+001
  1.157298e+003 -1.146343e+001
  1.177298e+003 -1.151096e+001
  1.197298e+003 -1.155796e+001
  1.217298e+003 -1.160445e+001
  1.237298e+003 -1.165044e+001
  1.257298e+003 -1.169593e+001
  1.277298e+003 -1.174096e+001
  1.297298e+003 -1.178553e+001
  1.317298e+003 -1.182964e+001
  1.337298e+003 -1.187333e+001
  1.357298e+003 -1.191659e+001
  1.377298e+003 -1.195943e+001
  1.397298e+003 -1.200188e+001
  1.417298e+003 -1.204393e+001
  1.437298e+003 -1.208560e+001
  1.457298e+003 -1.212690e+001
  1.477298e+003 -1.216149e+001
  1.497298e+003 -1.220122e+001
  1.517298e+003 -1.224153e+001
  1.537298e+003 -1.228163e+001
  1.557298e+003 -1.232152e+001
  1.577298e+003 -1.236129e+001
  1.597298e+003 -1.240085e+001
  1.617298e+003 -1.244017e+001
  1.637298e+003 -1.247921e+001
  1.657298e+003 -1.251800e+001
  1.677298e+003 -1.255654e+001
  1.697298e+003 -1.259482e+001
  1.717298e+003 -1.263284e+001
  1.737298e+003 -1.267061e+001
  1.757298e+003 -1.270798e+001
  1.777298e+003 -1.274521e+001
  1.797298e+003 -1.278223e+001
  1.817298e+003 -1.281902e+001
  1.837298e+003 -1.285557e+001
  1.857298e+003 -1.289188e+001
  1.877298e+003 -1.292795e+001
  1.897298e+003 -1.296379e+001
  1.917298e+003 -1.299941e+001
  1.937298e+003 -1.303480e+001
  1.957298e+003 -1.306996e+001
  1.977298e+003 -1.310490e+001
  1.997298e+003 -1.313961e+001
  2.017298e+003 -1.317410e+001
  2.037298e+003 -1.320837e+001
  2.057298e+003 -1.324243e+001
  2.077298e+003 -1.327627e+001
  2.097298e+003 -1.330990e+001
  2.117298e+003 -1.334332e+001
  2.137298e+003 -1.337654e+001
  2.157298e+003 -1.340955e+001
  2.177298e+003 -1.344235e+001
  2.197298e+003 -1.347496e+001
  2.217298e+003 -1.350737e+001
  2.237298e+003 -1.353959e+001
  2.257298e+003 -1.357162e+001
  2.277298e+003 -1.360345e+001
  2.297298e+003 -1.363510e+001
  2.317298e+003 -1.366656e+001
  2.337298e+003 -1.369784e+001
  2.357298e+003 -1.372886e+001
  2.377298e+003 -1.375968e+001
  2.397298e+003 -1.379032e+001
  2.417298e+003 -1.382079e+001
  2.437298e+003 -1.385109e+001
  2.457298e+003 -1.388122e+001
  2.477298e+003 -1.391119e+001
  2.497298e+003 -1.394107e+001
  2.517298e+003 -1.397080e+001
  2.537298e+003 -1.400039e+001
  2.557298e+003 -1.402982e+001
  2.577298e+003 -1.405910e+001
  2.597298e+003 -1.408822e+001
  2.617298e+003 -1.411719e+001
  2.637298e+003 -1.414601e+001
  2.657298e+003 -1.417469e+001
  2.677298e+003 -1.420322e+001
  2.697298e+003 -1.423161e+001
  2.717298e+003 -1.425986e+001
  2.737298e+003 -1.428797e+001
  2.757298e+003 -1.431595e+001
  2.777298e+003 -1.434379e+001
  2.797298e+003 -1.437149e+001
  2.817298e+003 -1.439907e+001
  2.837298e+003 -1.442651e+001
  2.857298e+003 -1.445382e+001
  2.877298e+003 -1.448101e+001
  2.897298e+003 -1.450808e+001
  2.917298e+003 -1.453502e+001
  2.937298e+003 -1.456184e+001
  2.957298e+003 -1.458854e+001
  2.977298e+003 -1.461512e+001
  2.997298e+003 -1.464158e+001
  3.017298e+003 -1.466793e+001
  3.037298e+003 -1.469417e+001
  3.057298e+003 -1.472029e+001
  3.077298e+003 -1.474630e+001
  3.097298e+003 -1.477220e+001
  3.117298e+003 -1.479799e+001
  3.137298e+003 -1.482368e+001
  3.157298e+003 -1.484926e+001
  3.177298e+003 -1.487473e+001
  3.197298e+003 -1.490011e+001
  3.217298e+003 -1.492537e+001
  3.237298e+003 -1.495054e+001
  3.257298e+003 -1.497561e+001
  3.277298e+003 -1.500058e+001
  3.297298e+003 -1.502546e+001
  3.317298e+003 -1.505024e+001
  3.337298e+003 -1.507492e+001
  3.357298e+003 -1.509951e+001
  3.377298e+003 -1.512400e+001
  3.397298e+003 -1.514841e+001
  3.417298e+003 -1.517272e+001
  3.437298e+003 -1.519695e+001
  3.457298e+003 -1.522108e+001
  3.477298e+003 -1.524513e+001
  3.497298e+003 -1.526909e+001
  3.517298e+003 -1.529297e+001
  3.537298e+003 -1.531676e+001
  3.557298e+003 -1.534047e+001
  3.577298e+003 -1.536409e+001
  3.597298e+003 -1.538764e+001
  3.617298e+003 -1.541110e+001
  3.637298e+003 -1.543448e+001
  3.657298e+003 -1.545779e+001
  3.677298e+003 -1.548101e+001
  3.697298e+003 -1.550416e+001
  3.717298e+003 -1.552723e+001
  3.737298e+003 -1.555023e+001
  3.757298e+003 -1.557314e+001
  3.777298e+003 -1.559599e+001
  3.797298e+003 -1.561876e+001
  3.817298e+003 -1.564146e+001
  3.837298e+003 -1.566409e+001
  3.857298e+003 -1.568665e+001
  3.877298e+003 -1.570914e+001
  3.897298e+003 -1.573155e+001
  3.917298e+003 -1.575390e+001
  3.937298e+003 -1.577618e+001
  3.957298e+003 -1.579839e+001
  3.977298e+003 -1.582054e+001
  3.997298e+003 -1.584262e+001
  4.000000e+003 -1.584562e+001

Curve 2
X : Time
Y : Thickness of Element [Node 1]

       X              Y       
------------------------------
  0.000000e+000  1.030000e+000
  4.000000e-001  1.028191e+000
  8.000000e-001  1.027253e+000
  1.280000e+000  1.026566e+000
  1.760000e+000  1.026026e+000
  2.336000e+000  1.025549e+000
  2.912000e+000  1.024397e+000
  3.603200e+000  1.023126e+000
  4.432640e+000  1.021877e+000
  5.427968e+000  1.020597e+000
  6.622362e+000  1.019293e+000
  8.055634e+000  1.017955e+000
  9.775560e+000  1.016568e+000
  1.183947e+001  1.015118e+000
  1.431617e+001  1.013875e+000
  1.679286e+001  1.012696e+000
  1.926956e+001  1.011638e+000
  2.174625e+001  1.010542e+000
  2.471828e+001  1.009279e+000
  2.828473e+001  1.007870e+000
  3.256445e+001  1.006320e+000
  3.770013e+001  1.004625e+000
  4.386293e+001  1.002777e+000
  5.125830e+001  1.000766e+000
  6.013275e+001  9.985782e-001
  7.078208e+001  9.961993e-001
  8.356129e+001  9.936127e-001
  9.889632e+001  9.908003e-001
  1.172984e+002  9.877419e-001
  1.372984e+002  9.847117e-001
  1.572984e+002  9.819202e-001
  1.772984e+002  9.793230e-001
  1.972984e+002  9.768863e-001
  2.172984e+002  9.745844e-001
  2.372984e+002  9.723976e-001
  2.572984e+002  9.703102e-001
  2.772984e+002  9.683099e-001
  2.972984e+002  9.663867e-001
  3.172984e+002  9.645322e-001
  3.372984e+002  9.627396e-001
  3.572984e+002  9.610029e-001
  3.772984e+002  9.593173e-001
  3.972984e+002  9.576784e-001
  4.172984e+002  9.560825e-001
  4.372984e+002  9.545263e-001
  4.572984e+002  9.530070e-001
  4.772984e+002  9.515220e-001
  4.972984e+002  9.500690e-001
  5.172984e+002  9.486461e-001
  5.372984e+002  9.472513e-001
  5.572984e+002  9.458830e-001
  5.772984e+002  9.445397e-001
  5.972984e+002  9.432202e-001
  6.172984e+002  9.419230e-001
  6.372984e+002  9.406470e-001
  6.572984e+002  9.393913e-001
  6.772984e+002  9.381548e-001
  6.972984e+002  9.369367e-001
  7.172984e+002  9.357361e-001
  7.372984e+002  9.345522e-001
  7.572984e+002  9.333843e-001
  7.772984e+002  9.322318e-001
  7.972984e+002  9.310941e-001
  8.172984e+002  9.299705e-001
  8.372984e+002  9.288605e-001
  8.572984e+002  9.277636e-001
  8.772984e+002  9.266793e-001
  8.972984e+002  9.256072e-001
  9.172984e+002  9.245468e-001
  9.372984e+002  9.234978e-001
  9.572984e+002  9.224597e-001
  9.772984e+002  9.214322e-001
  9.972984e+002  9.204149e-001
  1.017298e+003  9.194075e-001
  1.037298e+003  9.184098e-001
  1.057298e+003  9.174214e-001
  1.077298e+003  9.164420e-001
  1.097298e+003  9.154714e-001
  1.117298e+003  9.145094e-001
  1.137298e+003  9.135556e-001
  1.157298e+003  9.126098e-001
  1.177298e+003  9.116719e-001
  1.197298e+003  9.107416e-001
  1.217298e+003  9.098187e-001
  1.237298e+003  9.089031e-001
  1.257298e+003  9.079945e-001
  1.277298e+003  9.070927e-001
  1.297298e+003  9.061976e-001
  1.317298e+003  9.053091e-001
  1.337298e+003  9.044270e-001
  1.357298e+003  9.035510e-001
  1.377298e+003  9.026811e-001
  1.397298e+003  9.018172e-001
  1.417298e+003  9.009591e-001
  1.437298e+003  9.001066e-001
  1.457298e+003  8.992597e-001
  1.477298e+003  8.985524e-001
  1.497298e+003  8.977382e-001
  1.517298e+003  8.969108e-001
  1.537298e+003  8.960857e-001
  1.557298e+003  8.952652e-001
  1.577298e+003  8.944487e-001
  1.597298e+003  8.936368e-001
  1.617298e+003  8.928294e-001
  1.637298e+003  8.920265e-001
  1.657298e+003  8.912282e-001
  1.677298e+003  8.904343e-001
  1.697298e+003  8.896447e-001
  1.717298e+003  8.888595e-001
  1.737298e+003  8.880784e-001
  1.757298e+003  8.873020e-001
  1.777298e+003  8.865294e-001
  1.797298e+003  8.857607e-001
  1.817298e+003  8.849959e-001
  1.837298e+003  8.842351e-001
  1.857298e+003  8.834781e-001
  1.877298e+003  8.827249e-001
  1.897298e+003  8.819755e-001
  1.917298e+003  8.812299e-001
  1.937298e+003  8.804879e-001
  1.957298e+003  8.797496e-001
  1.977298e+003  8.790149e-001
  1.997298e+003  8.782838e-001
  2.017298e+003  8.775562e-001
  2.037298e+003  8.768320e-001
  2.057298e+003  8.761113e-001
  2.077298e+003  8.753940e-001
  2.097298e+003  8.746801e-001
  2.117298e+003  8.739695e-001
  2.137298e+003  8.732622e-001
  2.157298e+003  8.725581e-001
  2.177298e+003  8.718572e-001
  2.197298e+003  8.711595e-001
  2.217298e+003  8.704649e-001
  2.237298e+003  8.697734e-001
  2.257298e+003  8.690849e-001
  2.277298e+003  8.683995e-001
  2.297298e+003  8.677170e-001
  2.317298e+003  8.670375e-001
  2.337298e+003  8.663608e-001
  2.357298e+003  8.656873e-001
  2.377298e+003  8.650167e-001
  2.397298e+003  8.643489e-001
  2.417298e+003  8.636839e-001
  2.437298e+003  8.630216e-001
  2.457298e+003  8.623620e-001
  2.477298e+003  8.617050e-001
  2.497298e+003  8.610504e-001
  2.517298e+003  8.603983e-001
  2.537298e+003  8.597488e-001
  2.557298e+003  8.591017e-001
  2.577298e+003  8.584571e-001
  2.597298e+003  8.578150e-001
  2.617298e+003  8.571753e-001
  2.637298e+003  8.565380e-001
  2.657298e+003  8.559030e-001
  2.677298e+003  8.552704e-001
  2.697298e+003  8.546401e-001
  2.717298e+003  8.540120e-001
  2.737298e+003  8.533862e-001
  2.757298e+003  8.527627e-001
  2.777298e+003  8.521413e-001
  2.797298e+003  8.515220e-001
  2.817298e+003  8.509050e-001
  2.837298e+003  8.502900e-001
  2.857298e+003  8.496771e-001
  2.877298e+003  8.490663e-001
  2.897298e+003  8.484575e-001
  2.917298e+003  8.478508e-001
  2.937298e+003  8.472460e-001
  2.957298e+003  8.466432e-001
  2.977298e+003  8.460423e-001
  2.997298e+003  8.454433e-001
  3.017298e+003  8.448463e-001
  3.037298e+003  8.442511e-001
  3.057298e+003  8.436578e-001
  3.077298e+003  8.430663e-001
  3.097298e+003  8.424766e-001
  3.117298e+003  8.418887e-001
  3.137298e+003  8.413026e-001
  3.157298e+003  8.407182e-001
  3.177298e+003  8.401356e-001
  3.197298e+003  8.395546e-001
  3.217298e+003  8.389754e-001
  3.237298e+003  8.383978e-001
  3.257298e+003  8.378219e-001
  3.277298e+003  8.372476e-001
  3.297298e+003  8.366750e-001
  3.317298e+003  8.361039e-001
  3.337298e+003  8.355345e-001
  3.357298e+003  8.349666e-001
  3.377298e+003  8.344002e-001
  3.397298e+003  8.338354e-001
  3.417298e+003  8.332721e-001
  3.437298e+003  8.327103e-001
  3.457298e+003  8.321500e-001
  3.477298e+003  8.315912e-001
  3.497298e+003  8.310338e-001
  3.517298e+003  8.304779e-001
  3.537298e+003  8.299234e-001
  3.557298e+003  8.293703e-001
  3.577298e+003  8.288185e-001
  3.597298e+003  8.282682e-001
  3.617298e+003  8.277193e-001
  3.637298e+003  8.271717e-001
  3.657298e+003  8.266254e-001
  3.677298e+003  8.260805e-001
  3.697298e+003  8.255369e-001
  3.717298e+003  8.249946e-001
  3.737298e+003  8.244535e-001
  3.757298e+003  8.239138e-001
  3.777298e+003  8.233753e-001
  3.797298e+003  8.228381e-001
  3.817298e+003  8.223021e-001
  3.837298e+003  8.217673e-001
  3.857298e+003  8.212338e-001
  3.877298e+003  8.207015e-001
  3.897298e+003  8.201703e-001
  3.917298e+003  8.196404e-001
  3.937298e+003  8.191116e-001
  3.957298e+003  8.185839e-001
  3.977298e+003  8.180574e-001
  3.997298e+003  8.175321e-001
  4.000000e+003  8.174612e-001
