HISTORY PLOT
job1

Curve 1
X : Time
Y : Displacement Y [Node 1]

       X              Y       
------------------------------
  0.000000e+000  0.000000e+000
  4.000000e-001 -1.142320e+000
  8.000000e-001 -1.407504e+000
  1.280000e+000 -1.569957e+000
  1.760000e+000 -1.680170e+000
  2.240000e+000 -1.763696e+000
  2.720000e+000 -1.957162e+000
  3.296000e+000 -2.160474e+000
  3.987200e+000 -2.344083e+000
  4.816640e+000 -2.491957e+000
  5.811968e+000 -2.638859e+000
  6.807296e+000 -2.776895e+000
  8.001690e+000 -2.916340e+000
  9.434962e+000 -3.059900e+000
  1.115489e+001 -3.205133e+000
  1.321880e+001 -3.351716e+000
  1.569550e+001 -3.500098e+000
  1.866753e+001 -3.650956e+000
  2.223397e+001 -3.804994e+000
  2.651370e+001 -3.962889e+000
  3.164937e+001 -4.125267e+000
  3.781218e+001 -4.292715e+000
  4.520755e+001 -4.465790e+000
  5.408199e+001 -4.645031e+000
  6.473133e+001 -4.830966e+000
  7.751053e+001 -5.024124e+000
  9.284557e+001 -5.225041e+000
  1.112476e+002 -5.434272e+000
  1.312476e+002 -5.633250e+000
  1.512476e+002 -5.810014e+000
  1.712476e+002 -5.969380e+000
  1.912476e+002 -6.114843e+000
  2.112476e+002 -6.248959e+000
  2.312476e+002 -6.373630e+000
  2.512476e+002 -6.490310e+000
  2.712476e+002 -6.600132e+000
  2.912476e+002 -6.703994e+000
  3.112476e+002 -6.802624e+000
  3.312476e+002 -6.896619e+000
  3.512476e+002 -6.986475e+000
  3.712476e+002 -7.072608e+000
  3.912476e+002 -7.155375e+000
  4.112476e+002 -7.235079e+000
  4.312476e+002 -7.311984e+000
  4.512476e+002 -7.386317e+000
  4.712476e+002 -7.458282e+000
  4.912476e+002 -7.528054e+000
  5.112476e+002 -7.595792e+000
  5.312476e+002 -7.661635e+000
  5.512476e+002 -7.725710e+000
  5.712476e+002 -7.788129e+000
  5.912476e+002 -7.848994e+000
  6.112476e+002 -7.908398e+000
  6.312476e+002 -7.966425e+000
  6.512476e+002 -8.023152e+000
  6.712476e+002 -8.078650e+000
  6.912476e+002 -8.132981e+000
  7.112476e+002 -8.186207e+000
  7.312476e+002 -8.238381e+000
  7.512476e+002 -8.289555e+000
  7.712476e+002 -8.339775e+000
  7.912476e+002 -8.381967e+000
  8.112476e+002 -8.428037e+000
  8.312476e+002 -8.475277e+000
  8.512476e+002 -8.522552e+000
  8.712476e+002 -8.569427e+000
  8.912476e+002 -8.615431e+000
  9.112476e+002 -8.660753e+000
  9.312476e+002 -8.705696e+000
  9.512476e+002 -8.750125e+000
  9.712476e+002 -8.793966e+000
  9.912476e+002 -8.837213e+000
  1.011248e+003 -8.879868e+000
  1.031248e+003 -8.921945e+000
  1.051248e+003 -8.963214e+000
  1.071248e+003 -9.003891e+000
  1.091248e+003 -9.044221e+000
  1.111248e+003 -9.084090e+000
  1.131248e+003 -9.123465e+000
  1.151248e+003 -9.162339e+000
  1.171248e+003 -9.200722e+000
  1.191248e+003 -9.238625e+000
  1.211248e+003 -9.276059e+000
  1.231248e+003 -9.313035e+000
  1.251248e+003 -9.349565e+000
  1.271248e+003 -9.385659e+000
  1.291248e+003 -9.421329e+000
  1.311248e+003 -9.456430e+000
  1.331248e+003 -9.491099e+000
  1.351248e+003 -9.525374e+000
  1.371248e+003 -9.559268e+000
  1.391248e+003 -9.592793e+000
  1.411248e+003 -9.626071e+000
  1.431248e+003 -9.659035e+000
  1.451248e+003 -9.691664e+000
  1.471248e+003 -9.723957e+000
  1.491248e+003 -9.755920e+000
  1.511248e+003 -9.787561e+000
  1.531248e+003 -9.818889e+000
  1.551248e+003 -9.849908e+000
  1.571248e+003 -9.880628e+000
  1.591248e+003 -9.911054e+000
  1.611248e+003 -9.941195e+000
  1.631248e+003 -9.971056e+000
  1.651248e+003 -1.000064e+001
  1.671248e+003 -1.002997e+001
  1.691248e+003 -1.005903e+001
  1.711248e+003 -1.008783e+001
  1.731248e+003 -1.011639e+001
  1.751248e+003 -1.014470e+001
  1.771248e+003 -1.017277e+001
  1.791248e+003 -1.020061e+001
  1.811248e+003 -1.022822e+001
  1.831248e+003 -1.025561e+001
  1.851248e+003 -1.028278e+001
  1.871248e+003 -1.030973e+001
  1.891248e+003 -1.033647e+001
  1.911248e+003 -1.036301e+001
  1.931248e+003 -1.038934e+001
  1.951248e+003 -1.041548e+001
  1.971248e+003 -1.044142e+001
  1.991248e+003 -1.046717e+001
  2.011248e+003 -1.049273e+001
  2.031248e+003 -1.051811e+001
  2.051248e+003 -1.054331e+001
  2.071248e+003 -1.056833e+001
  2.091248e+003 -1.059318e+001
  2.111248e+003 -1.061785e+001
  2.131248e+003 -1.064236e+001
  2.151248e+003 -1.066671e+001
  2.171248e+003 -1.069089e+001
  2.191248e+003 -1.071492e+001
  2.211248e+003 -1.073879e+001
  2.231248e+003 -1.076250e+001
  2.251248e+003 -1.078607e+001
  2.271248e+003 -1.080948e+001
  2.291248e+003 -1.083275e+001
  2.311248e+003 -1.085588e+001
  2.331248e+003 -1.087887e+001
  2.351248e+003 -1.090172e+001
  2.371248e+003 -1.092443e+001
  2.391248e+003 -1.094700e+001
  2.411248e+003 -1.096945e+001
  2.431248e+003 -1.099177e+001
  2.451248e+003 -1.101395e+001
  2.471248e+003 -1.103601e+001
  2.491248e+003 -1.105795e+001
  2.511248e+003 -1.107977e+001
  2.531248e+003 -1.110146e+001
  2.551248e+003 -1.112304e+001
  2.571248e+003 -1.114450e+001
  2.591248e+003 -1.116584e+001
  2.611248e+003 -1.118707e+001
  2.631248e+003 -1.120819e+001
  2.651248e+003 -1.122920e+001
  2.671248e+003 -1.125010e+001
  2.691248e+003 -1.127089e+001
  2.711248e+003 -1.129158e+001
  2.731248e+003 -1.131216e+001
  2.751248e+003 -1.133264e+001
  2.771248e+003 -1.135302e+001
  2.791248e+003 -1.137330e+001
  2.811248e+003 -1.139349e+001
  2.831248e+003 -1.141357e+001
  2.851248e+003 -1.143356e+001
  2.871248e+003 -1.145345e+001
  2.891248e+003 -1.147325e+001
  2.911248e+003 -1.149296e+001
  2.931248e+003 -1.151258e+001
  2.951248e+003 -1.153211e+001
  2.971248e+003 -1.155155e+001
  2.991248e+003 -1.157090e+001
  3.011248e+003 -1.159017e+001
  3.031248e+003 -1.160935e+001
  3.051248e+003 -1.162844e+001
  3.071248e+003 -1.164746e+001
  3.091248e+003 -1.166639e+001
  3.111248e+003 -1.168524e+001
  3.131248e+003 -1.170401e+001
  3.151248e+003 -1.172270e+001
  3.171248e+003 -1.174131e+001
  3.191248e+003 -1.175985e+001
  3.211248e+003 -1.177831e+001
  3.231248e+003 -1.179669e+001
  3.251248e+003 -1.181500e+001
  3.271248e+003 -1.183323e+001
  3.291248e+003 -1.185140e+001
  3.311248e+003 -1.186949e+001
  3.331248e+003 -1.188751e+001
  3.351248e+003 -1.190545e+001
  3.371248e+003 -1.192333e+001
  3.391248e+003 -1.194114e+001
  3.411248e+003 -1.195889e+001
  3.431248e+003 -1.197656e+001
  3.451248e+003 -1.199417e+001
  3.471248e+003 -1.201171e+001
  3.491248e+003 -1.202919e+001
  3.511248e+003 -1.204660e+001
  3.531248e+003 -1.206395e+001
  3.551248e+003 -1.208124e+001
  3.571248e+003 -1.209846e+001
  3.591248e+003 -1.211562e+001
  3.611248e+003 -1.213272e+001
  3.631248e+003 -1.214977e+001
  3.651248e+003 -1.216675e+001
  3.671248e+003 -1.218367e+001
  3.691248e+003 -1.220053e+001
  3.711248e+003 -1.221734e+001
  3.731248e+003 -1.223408e+001
  3.751248e+003 -1.225078e+001
  3.771248e+003 -1.226741e+001
  3.791248e+003 -1.228399e+001
  3.811248e+003 -1.230051e+001
  3.831248e+003 -1.231698e+001
  3.851248e+003 -1.233340e+001
  3.871248e+003 -1.234976e+001
  3.891248e+003 -1.236607e+001
  3.911248e+003 -1.238233e+001
  3.931248e+003 -1.239853e+001
  3.951248e+003 -1.241469e+001
  3.971248e+003 -1.243079e+001
  3.991248e+003 -1.244684e+001
  4.000000e+003 -1.245387e+001

Curve 2
X : Time
Y : Thickness of Element [Node 1]

       X              Y       
------------------------------
  0.000000e+000  1.030000e+000
  4.000000e-001  1.028490e+000
  8.000000e-001  1.027708e+000
  1.280000e+000  1.027138e+000
  1.760000e+000  1.026713e+000
  2.240000e+000  1.026371e+000
  2.720000e+000  1.025487e+000
  3.296000e+000  1.024494e+000
  3.987200e+000  1.023510e+000
  4.816640e+000  1.022661e+000
  5.811968e+000  1.021779e+000
  6.807296e+000  1.020915e+000
  8.001690e+000  1.019991e+000
  9.434962e+000  1.018994e+000
  1.115489e+001  1.017935e+000
  1.321880e+001  1.016813e+000
  1.569550e+001  1.015621e+000
  1.866753e+001  1.014351e+000
  2.223397e+001  1.012996e+000
  2.651370e+001  1.011544e+000
  3.164937e+001  1.009985e+000
  3.781218e+001  1.008309e+000
  4.520755e+001  1.006503e+000
  5.408199e+001  1.004555e+000
  6.473133e+001  1.002450e+000
  7.751053e+001  1.000175e+000
  9.284557e+001  9.977117e-001
  1.112476e+002  9.950440e-001
  1.312476e+002  9.924096e-001
  1.512476e+002  9.899890e-001
  1.712476e+002  9.877417e-001
  1.912476e+002  9.856370e-001
  2.112476e+002  9.836516e-001
  2.312476e+002  9.817679e-001
  2.512476e+002  9.799718e-001
  2.712476e+002  9.782524e-001
  2.912476e+002  9.766006e-001
  3.112476e+002  9.750092e-001
  3.312476e+002  9.734721e-001
  3.512476e+002  9.719840e-001
  3.712476e+002  9.705406e-001
  3.912476e+002  9.691380e-001
  4.112476e+002  9.677731e-001
  4.312476e+002  9.664429e-001
  4.512476e+002  9.651449e-001
  4.712476e+002  9.638769e-001
  4.912476e+002  9.626368e-001
  5.112476e+002  9.614230e-001
  5.312476e+002  9.602337e-001
  5.512476e+002  9.590676e-001
  5.712476e+002  9.579233e-001
  5.912476e+002  9.567996e-001
  6.112476e+002  9.556954e-001
  6.312476e+002  9.546098e-001
  6.512476e+002  9.535418e-001
  6.712476e+002  9.524906e-001
  6.912476e+002  9.514554e-001
  7.112476e+002  9.504354e-001
  7.312476e+002  9.494300e-001
  7.512476e+002  9.484386e-001
  7.712476e+002  9.474606e-001
  7.912476e+002  9.466412e-001
  8.112476e+002  9.457455e-001
  8.312476e+002  9.448252e-001
  8.512476e+002  9.439020e-001
  8.712476e+002  9.429843e-001
  8.912476e+002  9.420766e-001
  9.112476e+002  9.411789e-001
  9.312476e+002  9.402897e-001
  9.512476e+002  9.394097e-001
  9.712476e+002  9.385389e-001
  9.912476e+002  9.376773e-001
  1.011248e+003  9.368246e-001
  1.031248e+003  9.359806e-001
  1.051248e+003  9.351467e-001
  1.071248e+003  9.343215e-001
  1.091248e+003  9.335033e-001
  1.111248e+003  9.326927e-001
  1.131248e+003  9.318897e-001
  1.151248e+003  9.310942e-001
  1.171248e+003  9.303062e-001
  1.191248e+003  9.295254e-001
  1.211248e+003  9.287517e-001
  1.231248e+003  9.279850e-001
  1.251248e+003  9.272250e-001
  1.271248e+003  9.264717e-001
  1.291248e+003  9.257248e-001
  1.311248e+003  9.249853e-001
  1.331248e+003  9.242523e-001
  1.351248e+003  9.235253e-001
  1.371248e+003  9.228042e-001
  1.391248e+003  9.220888e-001
  1.411248e+003  9.213783e-001
  1.431248e+003  9.206730e-001
  1.451248e+003  9.199730e-001
  1.471248e+003  9.192781e-001
  1.491248e+003  9.185884e-001
  1.511248e+003  9.179038e-001
  1.531248e+003  9.172241e-001
  1.551248e+003  9.165492e-001
  1.571248e+003  9.158790e-001
  1.591248e+003  9.152134e-001
  1.611248e+003  9.145524e-001
  1.631248e+003  9.138958e-001
  1.651248e+003  9.132435e-001
  1.671248e+003  9.125955e-001
  1.691248e+003  9.119517e-001
  1.711248e+003  9.113119e-001
  1.731248e+003  9.106762e-001
  1.751248e+003  9.100444e-001
  1.771248e+003  9.094164e-001
  1.791248e+003  9.087922e-001
  1.811248e+003  9.081718e-001
  1.831248e+003  9.075549e-001
  1.851248e+003  9.069417e-001
  1.871248e+003  9.063319e-001
  1.891248e+003  9.057256e-001
  1.911248e+003  9.051227e-001
  1.931248e+003  9.045231e-001
  1.951248e+003  9.039267e-001
  1.971248e+003  9.033336e-001
  1.991248e+003  9.027436e-001
  2.011248e+003  9.021567e-001
  2.031248e+003  9.015729e-001
  2.051248e+003  9.009920e-001
  2.071248e+003  9.004141e-001
  2.091248e+003  8.998391e-001
  2.111248e+003  8.992669e-001
  2.131248e+003  8.986976e-001
  2.151248e+003  8.981310e-001
  2.171248e+003  8.975671e-001
  2.191248e+003  8.970059e-001
  2.211248e+003  8.964473e-001
  2.231248e+003  8.958913e-001
  2.251248e+003  8.953379e-001
  2.271248e+003  8.947869e-001
  2.291248e+003  8.942385e-001
  2.311248e+003  8.936924e-001
  2.331248e+003  8.931488e-001
  2.351248e+003  8.926076e-001
  2.371248e+003  8.920686e-001
  2.391248e+003  8.915320e-001
  2.411248e+003  8.909977e-001
  2.431248e+003  8.904655e-001
  2.451248e+003  8.899356e-001
  2.471248e+003  8.894078e-001
  2.491248e+003  8.888822e-001
  2.511248e+003  8.883587e-001
  2.531248e+003  8.878373e-001
  2.551248e+003  8.873179e-001
  2.571248e+003  8.868006e-001
  2.591248e+003  8.862853e-001
  2.611248e+003  8.857719e-001
  2.631248e+003  8.852605e-001
  2.651248e+003  8.847510e-001
  2.671248e+003  8.842434e-001
  2.691248e+003  8.837377e-001
  2.711248e+003  8.832338e-001
  2.731248e+003  8.827318e-001
  2.751248e+003  8.822316e-001
  2.771248e+003  8.817331e-001
  2.791248e+003  8.812364e-001
  2.811248e+003  8.807415e-001
  2.831248e+003  8.802482e-001
  2.851248e+003  8.797567e-001
  2.871248e+003  8.792668e-001
  2.891248e+003  8.787786e-001
  2.911248e+003  8.782921e-001
  2.931248e+003  8.778071e-001
  2.951248e+003  8.773238e-001
  2.971248e+003  8.768420e-001
  2.991248e+003  8.763618e-001
  3.011248e+003  8.758831e-001
  3.031248e+003  8.754060e-001
  3.051248e+003  8.749304e-001
  3.071248e+003  8.744563e-001
  3.091248e+003  8.739836e-001
  3.111248e+003  8.735124e-001
  3.131248e+003  8.730427e-001
  3.151248e+003  8.725744e-001
  3.171248e+003  8.721075e-001
  3.191248e+003  8.716420e-001
  3.211248e+003  8.711778e-001
  3.231248e+003  8.707151e-001
  3.251248e+003  8.702537e-001
  3.271248e+003  8.697936e-001
  3.291248e+003  8.693349e-001
  3.311248e+003  8.688775e-001
  3.331248e+003  8.684214e-001
  3.351248e+003  8.679665e-001
  3.371248e+003  8.675130e-001
  3.391248e+003  8.670606e-001
  3.411248e+003  8.666096e-001
  3.431248e+003  8.661598e-001
  3.451248e+003  8.657112e-001
  3.471248e+003  8.652638e-001
  3.491248e+003  8.648176e-001
  3.511248e+003  8.643726e-001
  3.531248e+003  8.639288e-001
  3.551248e+003  8.634861e-001
  3.571248e+003  8.630446e-001
  3.591248e+003  8.626042e-001
  3.611248e+003  8.621649e-001
  3.631248e+003  8.617268e-001
  3.651248e+003  8.612898e-001
  3.671248e+003  8.608539e-001
  3.691248e+003  8.604191e-001
  3.711248e+003  8.599853e-001
  3.731248e+003  8.595526e-001
  3.751248e+003  8.591210e-001
  3.771248e+003  8.586904e-001
  3.791248e+003  8.582609e-001
  3.811248e+003  8.578324e-001
  3.831248e+003  8.574049e-001
  3.851248e+003  8.569784e-001
  3.871248e+003  8.565530e-001
  3.891248e+003  8.561285e-001
  3.911248e+003  8.557050e-001
  3.931248e+003  8.552825e-001
  3.951248e+003  8.548609e-001
  3.971248e+003  8.544403e-001
  3.991248e+003  8.540207e-001
  4.000000e+003  8.538373e-001
