HISTORY PLOT
job1

Curve 1
X : Time
Y : Displacement Y [Node 1]

       X              Y       
------------------------------
  0.000000e+000  0.000000e+000
  6.000000e-002 -2.169329e+000
  1.200000e-001 -2.685149e+000
  1.800000e-001 -2.999985e+000
  2.400000e-001 -3.237528e+000
  3.120000e-001 -3.454286e+000
  3.984000e-001 -3.748446e+000
  5.020800e-001 -4.046299e+000
  6.264960e-001 -4.331583e+000
  7.757952e-001 -4.614807e+000
  9.549543e-001 -4.893394e+000
  1.169945e+000 -5.168624e+000
  1.427934e+000 -5.442862e+000
  1.737521e+000 -5.718462e+000
  2.109025e+000 -5.997513e+000
  2.554830e+000 -6.281827e+000
  3.089796e+000 -6.572979e+000
  3.731755e+000 -6.872383e+000
  4.502107e+000 -7.181335e+000
  5.426528e+000 -7.501057e+000
  6.535833e+000 -7.832734e+000
  7.867000e+000 -8.177541e+000
  9.464400e+000 -8.536667e+000
  1.138128e+001 -8.911342e+000
  1.368154e+001 -9.302854e+000
  1.644184e+001 -9.712571e+000
  1.944184e+001 -1.010425e+001
  2.244184e+001 -1.045398e+001
  2.544184e+001 -1.077077e+001
  2.844184e+001 -1.106121e+001
  3.144184e+001 -1.133009e+001
  3.444184e+001 -1.158103e+001
  3.744184e+001 -1.181676e+001
  4.044184e+001 -1.203942e+001
  4.344184e+001 -1.225074e+001
  4.644184e+001 -1.245208e+001
  4.944184e+001 -1.264458e+001
  5.244184e+001 -1.282918e+001
  5.544184e+001 -1.300669e+001
  5.844184e+001 -1.317777e+001
  6.144184e+001 -1.334300e+001
  6.444184e+001 -1.350290e+001
  6.744184e+001 -1.365788e+001
  7.044184e+001 -1.380834e+001
  7.344184e+001 -1.395462e+001
  7.644184e+001 -1.409702e+001
  7.944184e+001 -1.423580e+001
  8.244184e+001 -1.437121e+001
  8.544184e+001 -1.450346e+001
  8.844184e+001 -1.463274e+001
  9.144184e+001 -1.475925e+001
  9.444184e+001 -1.488312e+001
  9.744184e+001 -1.500453e+001
  1.004418e+002 -1.512359e+001
  1.034418e+002 -1.524043e+001
  1.064418e+002 -1.535516e+001
  1.094418e+002 -1.546790e+001
  1.124418e+002 -1.557874e+001
  1.154418e+002 -1.568776e+001
  1.184418e+002 -1.579506e+001
  1.214418e+002 -1.590071e+001
  1.244418e+002 -1.600478e+001
  1.274418e+002 -1.610734e+001
  1.304418e+002 -1.620845e+001
  1.334418e+002 -1.630817e+001
  1.364418e+002 -1.640657e+001
  1.394418e+002 -1.650369e+001
  1.424418e+002 -1.659958e+001
  1.454418e+002 -1.669428e+001
  1.484418e+002 -1.678785e+001
  1.514418e+002 -1.688032e+001
  1.544418e+002 -1.697173e+001
  1.574418e+002 -1.706212e+001
  1.604418e+002 -1.715152e+001
  1.634418e+002 -1.723997e+001
  1.664418e+002 -1.732751e+001
  1.694418e+002 -1.741415e+001
  1.724418e+002 -1.749993e+001
  1.754418e+002 -1.757613e+001
  1.784418e+002 -1.765735e+001
  1.814418e+002 -1.774076e+001
  1.844418e+002 -1.782409e+001
  1.874418e+002 -1.790710e+001
  1.904418e+002 -1.798962e+001
  1.934418e+002 -1.807159e+001
  1.964418e+002 -1.815301e+001
  1.994418e+002 -1.823384e+001
  2.024418e+002 -1.831409e+001
  2.054418e+002 -1.839380e+001
  2.084418e+002 -1.847294e+001
  2.114418e+002 -1.855151e+001
  2.144418e+002 -1.862952e+001
  2.174418e+002 -1.870698e+001
  2.204418e+002 -1.878391e+001
  2.234418e+002 -1.886030e+001
  2.264418e+002 -1.893616e+001
  2.294418e+002 -1.901149e+001
  2.324418e+002 -1.908629e+001
  2.354418e+002 -1.916057e+001
  2.384418e+002 -1.923434e+001
  2.414418e+002 -1.930761e+001
  2.444418e+002 -1.938037e+001
  2.474418e+002 -1.945264e+001
  2.504418e+002 -1.952443e+001
  2.534418e+002 -1.959574e+001
  2.564418e+002 -1.966658e+001
  2.594418e+002 -1.973695e+001
  2.624418e+002 -1.980687e+001
  2.654418e+002 -1.987620e+001
  2.684418e+002 -1.994505e+001
  2.714418e+002 -2.001347e+001
  2.744418e+002 -2.008147e+001
  2.774418e+002 -2.014903e+001
  2.804418e+002 -2.021618e+001
  2.834418e+002 -2.028293e+001
  2.864418e+002 -2.034929e+001
  2.894418e+002 -2.041526e+001
  2.924418e+002 -2.048096e+001
  2.954418e+002 -2.054633e+001
  2.984418e+002 -2.061135e+001
  3.014418e+002 -2.067600e+001
  3.044418e+002 -2.074031e+001
  3.074418e+002 -2.080428e+001
  3.104418e+002 -2.086790e+001
  3.134418e+002 -2.093120e+001
  3.164418e+002 -2.099417e+001
  3.194418e+002 -2.105682e+001
  3.224418e+002 -2.111915e+001
  3.254418e+002 -2.118118e+001
  3.284418e+002 -2.124290e+001
  3.314418e+002 -2.130433e+001
  3.344418e+002 -2.136546e+001
  3.374418e+002 -2.142631e+001
  3.404418e+002 -2.148689e+001
  3.434418e+002 -2.154718e+001
  3.464418e+002 -2.160720e+001
  3.494418e+002 -2.166696e+001
  3.524418e+002 -2.172646e+001
  3.554418e+002 -2.178570e+001
  3.584418e+002 -2.184470e+001
  3.614418e+002 -2.190344e+001
  3.644418e+002 -2.196194e+001
  3.674418e+002 -2.202021e+001
  3.704418e+002 -2.207824e+001
  3.734418e+002 -2.213605e+001
  3.764418e+002 -2.219362e+001
  3.794418e+002 -2.225098e+001
  3.824418e+002 -2.230812e+001
  3.854418e+002 -2.236505e+001
  3.884418e+002 -2.242176e+001
  3.914418e+002 -2.247828e+001
  3.944418e+002 -2.253458e+001
  3.974418e+002 -2.259069e+001
  4.004418e+002 -2.264661e+001
  4.034418e+002 -2.270233e+001
  4.064418e+002 -2.275787e+001
  4.094418e+002 -2.281322e+001
  4.124418e+002 -2.286839e+001
  4.154418e+002 -2.292338e+001
  4.184418e+002 -2.297819e+001
  4.214418e+002 -2.303283e+001
  4.244418e+002 -2.308731e+001
  4.274418e+002 -2.314161e+001
  4.304418e+002 -2.319575e+001
  4.334418e+002 -2.324973e+001
  4.364418e+002 -2.330356e+001
  4.394418e+002 -2.335723e+001
  4.424418e+002 -2.341074e+001
  4.454418e+002 -2.346411e+001
  4.484418e+002 -2.351732e+001
  4.514418e+002 -2.357039e+001
  4.544418e+002 -2.362332e+001
  4.574418e+002 -2.367612e+001
  4.604418e+002 -2.372877e+001
  4.634418e+002 -2.378128e+001
  4.664418e+002 -2.383367e+001
  4.694418e+002 -2.388592e+001
  4.724418e+002 -2.393805e+001
  4.754418e+002 -2.399005e+001
  4.784418e+002 -2.404192e+001
  4.814418e+002 -2.409368e+001
  4.844418e+002 -2.414531e+001
  4.874418e+002 -2.419683e+001
  4.904418e+002 -2.424823e+001
  4.934418e+002 -2.429951e+001
  4.964418e+002 -2.435069e+001
  4.994418e+002 -2.440175e+001
  5.024418e+002 -2.445271e+001
  5.054418e+002 -2.450356e+001
  5.084418e+002 -2.455431e+001
  5.114418e+002 -2.460496e+001
  5.144418e+002 -2.465550e+001
  5.174418e+002 -2.470595e+001
  5.204418e+002 -2.475630e+001
  5.234418e+002 -2.480656e+001
  5.264418e+002 -2.485672e+001
  5.294418e+002 -2.490679e+001
  5.324418e+002 -2.495677e+001
  5.354418e+002 -2.500666e+001
  5.384418e+002 -2.505647e+001
  5.414418e+002 -2.510619e+001
  5.444418e+002 -2.515583e+001
  5.474418e+002 -2.520538e+001
  5.504418e+002 -2.525486e+001
  5.534418e+002 -2.530425e+001
  5.564418e+002 -2.535357e+001
  5.594418e+002 -2.540281e+001
  5.624418e+002 -2.545198e+001
  5.654418e+002 -2.550108e+001
  5.684418e+002 -2.555010e+001
  5.714418e+002 -2.559905e+001
  5.744418e+002 -2.564793e+001
  5.774418e+002 -2.569675e+001
  5.804418e+002 -2.574550e+001
  5.834418e+002 -2.579419e+001
  5.864418e+002 -2.584281e+001
  5.894418e+002 -2.589137e+001
  5.924418e+002 -2.593987e+001
  5.954418e+002 -2.598831e+001
  5.984418e+002 -2.603669e+001
  6.000000e+002 -2.606184e+001

Curve 2
X : Time
Y : Thickness of Element [Node 1]

       X              Y       
------------------------------
  0.000000e+000  1.050000e+000
  6.000000e-002  1.046881e+000
  1.200000e-001  1.045240e+000
  1.800000e-001  1.044060e+000
  2.400000e-001  1.043086e+000
  3.120000e-001  1.042132e+000
  3.984000e-001  1.040708e+000
  5.020800e-001  1.039163e+000
  6.264960e-001  1.037578e+000
  7.757952e-001  1.035912e+000
  9.549543e-001  1.034176e+000
  1.169945e+000  1.032366e+000
  1.427934e+000  1.030467e+000
  1.737521e+000  1.028462e+000
  2.109025e+000  1.026335e+000
  2.554830e+000  1.024068e+000
  3.089796e+000  1.021644e+000
  3.731755e+000  1.019043e+000
  4.502107e+000  1.016247e+000
  5.426528e+000  1.013233e+000
  6.535833e+000  1.009981e+000
  7.867000e+000  1.006464e+000
  9.464400e+000  1.002658e+000
  1.138128e+001  9.985331e-001
  1.368154e+001  9.940577e-001
  1.644184e+001  9.891970e-001
  1.944184e+001  9.843830e-001
  2.244184e+001  9.799467e-001
  2.544184e+001  9.758160e-001
  2.844184e+001  9.719368e-001
  3.144184e+001  9.682681e-001
  3.444184e+001  9.647787e-001
  3.744184e+001  9.614438e-001
  4.044184e+001  9.582440e-001
  4.344184e+001  9.551635e-001
  4.644184e+001  9.521893e-001
  4.944184e+001  9.493104e-001
  5.244184e+001  9.465179e-001
  5.544184e+001  9.438039e-001
  5.844184e+001  9.411618e-001
  6.144184e+001  9.385856e-001
  6.444184e+001  9.360703e-001
  6.744184e+001  9.336115e-001
  7.044184e+001  9.312052e-001
  7.344184e+001  9.288478e-001
  7.644184e+001  9.265362e-001
  7.944184e+001  9.242675e-001
  8.244184e+001  9.220392e-001
  8.544184e+001  9.198490e-001
  8.844184e+001  9.176946e-001
  9.144184e+001  9.155743e-001
  9.444184e+001  9.134862e-001
  9.744184e+001  9.114287e-001
  1.004418e+002  9.094003e-001
  1.034418e+002  9.073996e-001
  1.064418e+002  9.054253e-001
  1.094418e+002  9.034762e-001
  1.124418e+002  9.015513e-001
  1.154418e+002  8.996495e-001
  1.184418e+002  8.977697e-001
  1.214418e+002  8.959113e-001
  1.244418e+002  8.940732e-001
  1.274418e+002  8.922547e-001
  1.304418e+002  8.904550e-001
  1.334418e+002  8.886735e-001
  1.364418e+002  8.869095e-001
  1.394418e+002  8.851623e-001
  1.424418e+002  8.834314e-001
  1.454418e+002  8.817163e-001
  1.484418e+002  8.800163e-001
  1.514418e+002  8.783310e-001
  1.544418e+002  8.766599e-001
  1.574418e+002  8.750025e-001
  1.604418e+002  8.733585e-001
  1.634418e+002  8.717274e-001
  1.664418e+002  8.701088e-001
  1.694418e+002  8.685024e-001
  1.724418e+002  8.669078e-001
  1.754418e+002  8.654935e-001
  1.784418e+002  8.639878e-001
  1.814418e+002  8.624363e-001
  1.844418e+002  8.608862e-001
  1.874418e+002  8.593451e-001
  1.904418e+002  8.578136e-001
  1.934418e+002  8.562916e-001
  1.964418e+002  8.547790e-001
  1.994418e+002  8.532756e-001
  2.024418e+002  8.517814e-001
  2.054418e+002  8.502960e-001
  2.084418e+002  8.488193e-001
  2.114418e+002  8.473511e-001
  2.144418e+002  8.458914e-001
  2.174418e+002  8.444399e-001
  2.204418e+002  8.429965e-001
  2.234418e+002  8.415611e-001
  2.264418e+002  8.401336e-001
  2.294418e+002  8.387139e-001
  2.324418e+002  8.373018e-001
  2.354418e+002  8.358972e-001
  2.384418e+002  8.345001e-001
  2.414418e+002  8.331103e-001
  2.444418e+002  8.317277e-001
  2.474418e+002  8.303522e-001
  2.504418e+002  8.289836e-001
  2.534418e+002  8.276219e-001
  2.564418e+002  8.262670e-001
  2.594418e+002  8.249187e-001
  2.624418e+002  8.235769e-001
  2.654418e+002  8.222415e-001
  2.684418e+002  8.209125e-001
  2.714418e+002  8.195896e-001
  2.744418e+002  8.182729e-001
  2.774418e+002  8.169622e-001
  2.804418e+002  8.156573e-001
  2.834418e+002  8.143583e-001
  2.864418e+002  8.130649e-001
  2.894418e+002  8.117771e-001
  2.924418e+002  8.104949e-001
  2.954418e+002  8.092181e-001
  2.984418e+002  8.079466e-001
  3.014418e+002  8.066803e-001
  3.044418e+002  8.054190e-001
  3.074418e+002  8.041628e-001
  3.104418e+002  8.029114e-001
  3.134418e+002  8.016649e-001
  3.164418e+002  8.004231e-001
  3.194418e+002  7.991859e-001
  3.224418e+002  7.979533e-001
  3.254418e+002  7.967251e-001
  3.284418e+002  7.955014e-001
  3.314418e+002  7.942820e-001
  3.344418e+002  7.930668e-001
  3.374418e+002  7.918558e-001
  3.404418e+002  7.906489e-001
  3.434418e+002  7.894460e-001
  3.464418e+002  7.882471e-001
  3.494418e+002  7.870521e-001
  3.524418e+002  7.858609e-001
  3.554418e+002  7.846734e-001
  3.584418e+002  7.834897e-001
  3.614418e+002  7.823095e-001
  3.644418e+002  7.811329e-001
  3.674418e+002  7.799599e-001
  3.704418e+002  7.787903e-001
  3.734418e+002  7.776240e-001
  3.764418e+002  7.764611e-001
  3.794418e+002  7.753015e-001
  3.824418e+002  7.741451e-001
  3.854418e+002  7.729918e-001
  3.884418e+002  7.718416e-001
  3.914418e+002  7.706946e-001
  3.944418e+002  7.695505e-001
  3.974418e+002  7.684094e-001
  4.004418e+002  7.672712e-001
  4.034418e+002  7.661358e-001
  4.064418e+002  7.650033e-001
  4.094418e+002  7.638735e-001
  4.124418e+002  7.627465e-001
  4.154418e+002  7.616221e-001
  4.184418e+002  7.605004e-001
  4.214418e+002  7.593812e-001
  4.244418e+002  7.582646e-001
  4.274418e+002  7.571505e-001
  4.304418e+002  7.560389e-001
  4.334418e+002  7.549297e-001
  4.364418e+002  7.538229e-001
  4.394418e+002  7.527184e-001
  4.424418e+002  7.516163e-001
  4.454418e+002  7.505164e-001
  4.484418e+002  7.494187e-001
  4.514418e+002  7.483233e-001
  4.544418e+002  7.472300e-001
  4.574418e+002  7.461388e-001
  4.604418e+002  7.450497e-001
  4.634418e+002  7.439627e-001
  4.664418e+002  7.428777e-001
  4.694418e+002  7.417947e-001
  4.724418e+002  7.407137e-001
  4.754418e+002  7.396346e-001
  4.784418e+002  7.385573e-001
  4.814418e+002  7.374820e-001
  4.844418e+002  7.364085e-001
  4.874418e+002  7.353367e-001
  4.904418e+002  7.342668e-001
  4.934418e+002  7.331986e-001
  4.964418e+002  7.321321e-001
  4.994418e+002  7.310673e-001
  5.024418e+002  7.300042e-001
  5.054418e+002  7.289427e-001
  5.084418e+002  7.278828e-001
  5.114418e+002  7.268244e-001
  5.144418e+002  7.257677e-001
  5.174418e+002  7.247124e-001
  5.204418e+002  7.236587e-001
  5.234418e+002  7.226064e-001
  5.264418e+002  7.215556e-001
  5.294418e+002  7.205062e-001
  5.324418e+002  7.194582e-001
  5.354418e+002  7.184116e-001
  5.384418e+002  7.173663e-001
  5.414418e+002  7.163224e-001
  5.444418e+002  7.152797e-001
  5.474418e+002  7.142384e-001
  5.504418e+002  7.131983e-001
  5.534418e+002  7.121594e-001
  5.564418e+002  7.111218e-001
  5.594418e+002  7.100853e-001
  5.624418e+002  7.090501e-001
  5.654418e+002  7.080159e-001
  5.684418e+002  7.069829e-001
  5.714418e+002  7.059511e-001
  5.744418e+002  7.049203e-001
  5.774418e+002  7.038905e-001
  5.804418e+002  7.028618e-001
  5.834418e+002  7.018342e-001
  5.864418e+002  7.008075e-001
  5.894418e+002  6.997819e-001
  5.924418e+002  6.987572e-001
  5.954418e+002  6.977334e-001
  5.984418e+002  6.967106e-001
  6.000000e+002  6.961795e-001
