HISTORY PLOT
job1

Curve 1
X : Time
Y : Displacement Y [Node 1]

       X              Y       
------------------------------
  0.000000e+000  0.000000e+000
  6.000000e-002 -1.059569e+000
  1.200000e-001 -1.287895e+000
  1.920000e-001 -1.448229e+000
  2.640000e-001 -1.583159e+000
  3.504000e-001 -1.695117e+000
  4.540800e-001 -1.849504e+000
  5.784960e-001 -2.011818e+000
  7.277952e-001 -2.166260e+000
  9.069542e-001 -2.311499e+000
  1.121945e+000 -2.449878e+000
  1.379934e+000 -2.583996e+000
  1.689521e+000 -2.715985e+000
  2.061025e+000 -2.847485e+000
  2.506830e+000 -2.979762e+000
  3.041796e+000 -3.113815e+000
  3.683755e+000 -3.250459e+000
  4.454106e+000 -3.390387e+000
  5.378528e+000 -3.534204e+000
  6.487833e+000 -3.682460e+000
  7.819000e+000 -3.835666e+000
  9.416400e+000 -3.994315e+000
  1.133328e+001 -4.158886e+000
  1.363354e+001 -4.329861e+000
  1.639384e+001 -4.507726e+000
  1.939384e+001 -4.676742e+000
  2.239384e+001 -4.826795e+000
  2.539384e+001 -4.962011e+000
  2.839384e+001 -5.085381e+000
  3.139384e+001 -5.199087e+000
  3.439384e+001 -5.304756e+000
  3.739384e+001 -5.388883e+000
  4.039384e+001 -5.470548e+000
  4.339384e+001 -5.546761e+000
  4.639384e+001 -5.628396e+000
  4.939384e+001 -5.709173e+000
  5.239384e+001 -5.787061e+000
  5.539384e+001 -5.861731e+000
  5.839384e+001 -5.934202e+000
  6.139384e+001 -6.004067e+000
  6.439384e+001 -6.071333e+000
  6.739384e+001 -6.136108e+000
  7.039384e+001 -6.198565e+000
  7.339384e+001 -6.258873e+000
  7.639384e+001 -6.317186e+000
  7.939384e+001 -6.373649e+000
  8.239384e+001 -6.428388e+000
  8.539384e+001 -6.481522e+000
  8.839384e+001 -6.533155e+000
  9.139384e+001 -6.583385e+000
  9.439384e+001 -6.632296e+000
  9.739384e+001 -6.679970e+000
  1.003938e+002 -6.726478e+000
  1.033938e+002 -6.771887e+000
  1.063938e+002 -6.816257e+000
  1.093938e+002 -6.859643e+000
  1.123938e+002 -6.902098e+000
  1.153938e+002 -6.943668e+000
  1.183938e+002 -6.984398e+000
  1.213938e+002 -7.024327e+000
  1.243938e+002 -7.063493e+000
  1.273938e+002 -7.101931e+000
  1.303938e+002 -7.139674e+000
  1.333938e+002 -7.176751e+000
  1.363938e+002 -7.213191e+000
  1.393938e+002 -7.249020e+000
  1.423938e+002 -7.284264e+000
  1.453938e+002 -7.318944e+000
  1.483938e+002 -7.353085e+000
  1.513938e+002 -7.386704e+000
  1.543938e+002 -7.419823e+000
  1.573938e+002 -7.452459e+000
  1.603938e+002 -7.484630e+000
  1.633938e+002 -7.516352e+000
  1.663938e+002 -7.547640e+000
  1.693938e+002 -7.578509e+000
  1.723938e+002 -7.608973e+000
  1.753938e+002 -7.639044e+000
  1.783938e+002 -7.668736e+000
  1.813938e+002 -7.698060e+000
  1.843938e+002 -7.727027e+000
  1.873938e+002 -7.755650e+000
  1.903938e+002 -7.783936e+000
  1.933938e+002 -7.811897e+000
  1.963938e+002 -7.839542e+000
  1.993938e+002 -7.866880e+000
  2.023938e+002 -7.893919e+000
  2.053938e+002 -7.920667e+000
  2.083938e+002 -7.947133e+000
  2.113938e+002 -7.973323e+000
  2.143938e+002 -7.999246e+000
  2.173938e+002 -8.024908e+000
  2.203938e+002 -8.050315e+000
  2.233938e+002 -8.075475e+000
  2.263938e+002 -8.100392e+000
  2.293938e+002 -8.125074e+000
  2.323938e+002 -8.149526e+000
  2.353938e+002 -8.173752e+000
  2.383938e+002 -8.197760e+000
  2.413938e+002 -8.221552e+000
  2.443938e+002 -8.245135e+000
  2.473938e+002 -8.268514e+000
  2.503938e+002 -8.291692e+000
  2.533938e+002 -8.314674e+000
  2.563938e+002 -8.337465e+000
  2.593938e+002 -8.360068e+000
  2.623938e+002 -8.382488e+000
  2.653938e+002 -8.404729e+000
  2.683938e+002 -8.426793e+000
  2.713938e+002 -8.448685e+000
  2.743938e+002 -8.470408e+000
  2.773938e+002 -8.491913e+000
  2.803938e+002 -8.513289e+000
  2.833938e+002 -8.534519e+000
  2.863938e+002 -8.555597e+000
  2.893938e+002 -8.576524e+000
  2.923938e+002 -8.597301e+000
  2.953938e+002 -8.617929e+000
  2.983938e+002 -8.638415e+000
  3.013938e+002 -8.658758e+000
  3.043938e+002 -8.678962e+000
  3.073938e+002 -8.699029e+000
  3.103938e+002 -8.718962e+000
  3.133938e+002 -8.738763e+000
  3.163938e+002 -8.758434e+000
  3.193938e+002 -8.777979e+000
  3.223938e+002 -8.797398e+000
  3.253938e+002 -8.816694e+000
  3.283938e+002 -8.835869e+000
  3.313938e+002 -8.854925e+000
  3.343938e+002 -8.873864e+000
  3.373938e+002 -8.892689e+000
  3.403938e+002 -8.911400e+000
  3.433938e+002 -8.929999e+000
  3.463938e+002 -8.948489e+000
  3.493938e+002 -8.966871e+000
  3.523938e+002 -8.985147e+000
  3.553938e+002 -9.003319e+000
  3.583938e+002 -9.021388e+000
  3.613938e+002 -9.039355e+000
  3.643938e+002 -9.057222e+000
  3.673938e+002 -9.074991e+000
  3.703938e+002 -9.092664e+000
  3.733938e+002 -9.110241e+000
  3.763938e+002 -9.127724e+000
  3.793938e+002 -9.145114e+000
  3.823938e+002 -9.162414e+000
  3.853938e+002 -9.179623e+000
  3.883938e+002 -9.196742e+000
  3.913938e+002 -9.213776e+000
  3.943938e+002 -9.230721e+000
  3.973938e+002 -9.247583e+000
  4.003938e+002 -9.264361e+000
  4.033938e+002 -9.281055e+000
  4.063938e+002 -9.297669e+000
  4.093938e+002 -9.314201e+000
  4.123938e+002 -9.330655e+000
  4.153938e+002 -9.347030e+000
  4.183938e+002 -9.363327e+000
  4.213938e+002 -9.379548e+000
  4.243938e+002 -9.395694e+000
  4.273938e+002 -9.411765e+000
  4.303938e+002 -9.427764e+000
  4.333938e+002 -9.443689e+000
  4.363938e+002 -9.459542e+000
  4.393938e+002 -9.475326e+000
  4.423938e+002 -9.491039e+000
  4.453938e+002 -9.506683e+000
  4.483938e+002 -9.522260e+000
  4.513938e+002 -9.537769e+000
  4.543938e+002 -9.553211e+000
  4.573938e+002 -9.568588e+000
  4.603938e+002 -9.583900e+000
  4.633938e+002 -9.599148e+000
  4.663938e+002 -9.614333e+000
  4.693938e+002 -9.629455e+000
  4.723938e+002 -9.644515e+000
  4.753938e+002 -9.659513e+000
  4.783938e+002 -9.674452e+000
  4.813938e+002 -9.689331e+000
  4.843938e+002 -9.704150e+000
  4.873938e+002 -9.718912e+000
  4.903938e+002 -9.733616e+000
  4.933938e+002 -9.748261e+000
  4.963938e+002 -9.762852e+000
  4.993938e+002 -9.777386e+000
  5.023938e+002 -9.791864e+000
  5.053938e+002 -9.806289e+000
  5.083938e+002 -9.820659e+000
  5.113938e+002 -9.834976e+000
  5.143939e+002 -9.849239e+000
  5.173939e+002 -9.863451e+000
  5.203939e+002 -9.877611e+000
  5.233939e+002 -9.891719e+000
  5.263939e+002 -9.905777e+000
  5.293939e+002 -9.919785e+000
  5.323939e+002 -9.933743e+000
  5.353939e+002 -9.947652e+000
  5.383939e+002 -9.961513e+000
  5.413939e+002 -9.975325e+000
  5.443939e+002 -9.989089e+000
  5.473939e+002 -1.000281e+001
  5.503939e+002 -1.001648e+001
  5.533939e+002 -1.003010e+001
  5.563939e+002 -1.004368e+001
  5.593939e+002 -1.005721e+001
  5.623939e+002 -1.007070e+001
  5.653939e+002 -1.008415e+001
  5.683939e+002 -1.009755e+001
  5.713939e+002 -1.011090e+001
  5.743939e+002 -1.012422e+001
  5.773939e+002 -1.013749e+001
  5.803939e+002 -1.015072e+001
  5.833939e+002 -1.016390e+001
  5.863939e+002 -1.017705e+001
  5.893939e+002 -1.019016e+001
  5.923939e+002 -1.020329e+001
  5.953939e+002 -1.021633e+001
  5.983939e+002 -1.022933e+001
  6.000000e+002 -1.023629e+001

Curve 2
X : Time
Y : Thickness of Element [Node 1]

       X              Y       
------------------------------
  0.000000e+000  1.050000e+000
  6.000000e-002  1.048160e+000
  1.200000e-001  1.047312e+000
  1.920000e-001  1.046618e+000
  2.640000e-001  1.045970e+000
  3.504000e-001  1.045384e+000
  4.540800e-001  1.044491e+000
  5.784960e-001  1.043481e+000
  7.277952e-001  1.042439e+000
  9.069542e-001  1.041381e+000
  1.121945e+000  1.040303e+000
  1.379934e+000  1.039192e+000
  1.689521e+000  1.038035e+000
  2.061025e+000  1.036821e+000
  2.506830e+000  1.035539e+000
  3.041796e+000  1.034176e+000
  3.683755e+000  1.032722e+000
  4.454106e+000  1.031167e+000
  5.378528e+000  1.029498e+000
  6.487833e+000  1.027703e+000
  7.819000e+000  1.025770e+000
  9.416400e+000  1.023684e+000
  1.133328e+001  1.021431e+000
  1.363354e+001  1.018994e+000
  1.639384e+001  1.016357e+000
  1.939384e+001  1.013755e+000
  2.239384e+001  1.011364e+000
  2.539384e+001  1.009146e+000
  2.839384e+001  1.007069e+000
  3.139384e+001  1.005111e+000
  3.439384e+001  1.003253e+000
  3.739384e+001  1.001762e+000
  4.039384e+001  1.000303e+000
  4.339384e+001  9.989296e-001
  4.639384e+001  9.974452e-001
  4.939384e+001  9.959438e-001
  5.239384e+001  9.944766e-001
  5.539384e+001  9.930530e-001
  5.839384e+001  9.916655e-001
  6.139384e+001  9.903163e-001
  6.439384e+001  9.890044e-001
  6.739384e+001  9.877279e-001
  7.039384e+001  9.864846e-001
  7.339384e+001  9.852723e-001
  7.639384e+001  9.840890e-001
  7.939384e+001  9.829328e-001
  8.239384e+001  9.818022e-001
  8.539384e+001  9.806954e-001
  8.839384e+001  9.796112e-001
  9.139384e+001  9.785483e-001
  9.439384e+001  9.775055e-001
  9.739384e+001  9.764817e-001
  1.003938e+002  9.754759e-001
  1.033938e+002  9.744873e-001
  1.063938e+002  9.735149e-001
  1.093938e+002  9.725581e-001
  1.123938e+002  9.716160e-001
  1.153938e+002  9.706881e-001
  1.183938e+002  9.697737e-001
  1.213938e+002  9.688722e-001
  1.243938e+002  9.679831e-001
  1.273938e+002  9.671058e-001
  1.303938e+002  9.662400e-001
  1.333938e+002  9.653852e-001
  1.363938e+002  9.645409e-001
  1.393938e+002  9.637068e-001
  1.423938e+002  9.628825e-001
  1.453938e+002  9.620677e-001
  1.483938e+002  9.612620e-001
  1.513938e+002  9.604651e-001
  1.543938e+002  9.596768e-001
  1.573938e+002  9.588967e-001
  1.603938e+002  9.581246e-001
  1.633938e+002  9.573603e-001
  1.663938e+002  9.566035e-001
  1.693938e+002  9.558539e-001
  1.723938e+002  9.551114e-001
  1.753938e+002  9.543758e-001
  1.783938e+002  9.536469e-001
  1.813938e+002  9.529245e-001
  1.843938e+002  9.522083e-001
  1.873938e+002  9.514984e-001
  1.903938e+002  9.507943e-001
  1.933938e+002  9.500961e-001
  1.963938e+002  9.494036e-001
  1.993938e+002  9.487166e-001
  2.023938e+002  9.480351e-001
  2.053938e+002  9.473587e-001
  2.083938e+002  9.466875e-001
  2.113938e+002  9.460213e-001
  2.143938e+002  9.453601e-001
  2.173938e+002  9.447036e-001
  2.203938e+002  9.440517e-001
  2.233938e+002  9.434045e-001
  2.263938e+002  9.427617e-001
  2.293938e+002  9.421233e-001
  2.323938e+002  9.414892e-001
  2.353938e+002  9.408592e-001
  2.383938e+002  9.402334e-001
  2.413938e+002  9.396116e-001
  2.443938e+002  9.389937e-001
  2.473938e+002  9.383796e-001
  2.503938e+002  9.377694e-001
  2.533938e+002  9.371628e-001
  2.563938e+002  9.365599e-001
  2.593938e+002  9.359606e-001
  2.623938e+002  9.353647e-001
  2.653938e+002  9.347723e-001
  2.683938e+002  9.341833e-001
  2.713938e+002  9.335975e-001
  2.743938e+002  9.330150e-001
  2.773938e+002  9.324362e-001
  2.803938e+002  9.318602e-001
  2.833938e+002  9.312872e-001
  2.863938e+002  9.307171e-001
  2.893938e+002  9.301500e-001
  2.923938e+002  9.295859e-001
  2.953938e+002  9.290246e-001
  2.983938e+002  9.284661e-001
  3.013938e+002  9.279104e-001
  3.043938e+002  9.273574e-001
  3.073938e+002  9.268071e-001
  3.103938e+002  9.262595e-001
  3.133938e+002  9.257145e-001
  3.163938e+002  9.251720e-001
  3.193938e+002  9.246321e-001
  3.223938e+002  9.240947e-001
  3.253938e+002  9.235596e-001
  3.283938e+002  9.230271e-001
  3.313938e+002  9.224969e-001
  3.343938e+002  9.219690e-001
  3.373938e+002  9.214434e-001
  3.403938e+002  9.209201e-001
  3.433938e+002  9.203991e-001
  3.463938e+002  9.198802e-001
  3.493938e+002  9.193636e-001
  3.523938e+002  9.188491e-001
  3.553938e+002  9.183367e-001
  3.583938e+002  9.178264e-001
  3.613938e+002  9.173181e-001
  3.643938e+002  9.168119e-001
  3.673938e+002  9.163077e-001
  3.703938e+002  9.158054e-001
  3.733938e+002  9.153052e-001
  3.763938e+002  9.148068e-001
  3.793938e+002  9.143103e-001
  3.823938e+002  9.138157e-001
  3.853938e+002  9.133230e-001
  3.883938e+002  9.128321e-001
  3.913938e+002  9.123430e-001
  3.943938e+002  9.118557e-001
  3.973938e+002  9.113702e-001
  4.003938e+002  9.108863e-001
  4.033938e+002  9.104043e-001
  4.063938e+002  9.099239e-001
  4.093938e+002  9.094451e-001
  4.123938e+002  9.089681e-001
  4.153938e+002  9.084926e-001
  4.183938e+002  9.080188e-001
  4.213938e+002  9.075466e-001
  4.243938e+002  9.070760e-001
  4.273938e+002  9.066069e-001
  4.303938e+002  9.061394e-001
  4.333938e+002  9.056734e-001
  4.363938e+002  9.052089e-001
  4.393938e+002  9.047459e-001
  4.423938e+002  9.042844e-001
  4.453938e+002  9.038244e-001
  4.483938e+002  9.033657e-001
  4.513938e+002  9.029085e-001
  4.543938e+002  9.024528e-001
  4.573938e+002  9.019984e-001
  4.603938e+002  9.015454e-001
  4.633938e+002  9.010938e-001
  4.663938e+002  9.006435e-001
  4.693938e+002  9.001946e-001
  4.723938e+002  8.997469e-001
  4.753938e+002  8.993006e-001
  4.783938e+002  8.988556e-001
  4.813938e+002  8.984119e-001
  4.843938e+002  8.979695e-001
  4.873938e+002  8.975283e-001
  4.903938e+002  8.970883e-001
  4.933938e+002  8.966496e-001
  4.963938e+002  8.962121e-001
  4.993938e+002  8.957758e-001
  5.023938e+002  8.953407e-001
  5.053938e+002  8.949068e-001
  5.083938e+002  8.944741e-001
  5.113938e+002  8.940425e-001
  5.143939e+002  8.936121e-001
  5.173939e+002  8.931828e-001
  5.203939e+002  8.927546e-001
  5.233939e+002  8.923276e-001
  5.263939e+002  8.919017e-001
  5.293939e+002  8.914768e-001
  5.323939e+002  8.910531e-001
  5.353939e+002  8.906304e-001
  5.383939e+002  8.902088e-001
  5.413939e+002  8.897883e-001
  5.443939e+002  8.893688e-001
  5.473939e+002  8.889503e-001
  5.503939e+002  8.885329e-001
  5.533939e+002  8.881164e-001
  5.563939e+002  8.877010e-001
  5.593939e+002  8.872866e-001
  5.623939e+002  8.868732e-001
  5.653939e+002  8.864608e-001
  5.683939e+002  8.860493e-001
  5.713939e+002  8.856389e-001
  5.743939e+002  8.852293e-001
  5.773939e+002  8.848207e-001
  5.803939e+002  8.844131e-001
  5.833939e+002  8.840064e-001
  5.863939e+002  8.836006e-001
  5.893939e+002  8.831958e-001
  5.923939e+002  8.827918e-001
  5.953939e+002  8.823889e-001
  5.983939e+002  8.819868e-001
  6.000000e+002  8.817719e-001
