HISTORY PLOT
job1

Curve 1
X : Time
Y : Displacement Y [Node 1]

       X              Y       
------------------------------
  0.000000e+000  0.000000e+000
  6.000000e-002 -1.638757e+000
  1.200000e-001 -2.047635e+000
  1.920000e-001 -2.323970e+000
  2.784000e-001 -2.544198e+000
  3.820800e-001 -2.735158e+000
  5.064960e-001 -2.991889e+000
  6.557952e-001 -3.262396e+000
  8.349543e-001 -3.522329e+000
  1.049945e+000 -3.769112e+000
  1.307934e+000 -4.006066e+000
  1.617521e+000 -4.195094e+000
  1.927108e+000 -4.358411e+000
  2.236695e+000 -4.506779e+000
  2.546281e+000 -4.655363e+000
  2.917786e+000 -4.820006e+000
  3.363590e+000 -4.996118e+000
  3.898557e+000 -5.181700e+000
  4.540516e+000 -5.376043e+000
  5.310867e+000 -5.579062e+000
  6.235288e+000 -5.790976e+000
  7.344594e+000 -6.012164e+000
  8.675760e+000 -6.243102e+000
  1.027316e+001 -6.484324e+000
  1.219004e+001 -6.736435e+000
  1.449030e+001 -7.000081e+000
  1.725060e+001 -7.275966e+000
  2.025060e+001 -7.539467e+000
  2.325060e+001 -7.774421e+000
  2.625060e+001 -7.986923e+000
  2.925060e+001 -8.181424e+000
  3.225060e+001 -8.361192e+000
  3.525060e+001 -8.528672e+000
  3.825060e+001 -8.685735e+000
  4.125060e+001 -8.833843e+000
  4.425060e+001 -8.974162e+000
  4.725060e+001 -9.107634e+000
  5.025060e+001 -9.235035e+000
  5.325060e+001 -9.357009e+000
  5.625060e+001 -9.474102e+000
  5.925060e+001 -9.586775e+000
  6.225060e+001 -9.695425e+000
  6.525060e+001 -9.800397e+000
  6.825060e+001 -9.901990e+000
  7.125060e+001 -1.000047e+001
  7.425060e+001 -1.009606e+001
  7.725060e+001 -1.018898e+001
  8.025060e+001 -1.027940e+001
  8.325060e+001 -1.036749e+001
  8.625060e+001 -1.045340e+001
  8.925060e+001 -1.053727e+001
  9.225060e+001 -1.061921e+001
  9.525060e+001 -1.069934e+001
  9.825060e+001 -1.077775e+001
  1.012506e+002 -1.085455e+001
  1.042506e+002 -1.092980e+001
  1.072506e+002 -1.100360e+001
  1.102506e+002 -1.107602e+001
  1.132506e+002 -1.114711e+001
  1.162506e+002 -1.121695e+001
  1.192506e+002 -1.128559e+001
  1.222506e+002 -1.135308e+001
  1.252506e+002 -1.141947e+001
  1.282506e+002 -1.148482e+001
  1.312506e+002 -1.154915e+001
  1.342506e+002 -1.161253e+001
  1.372506e+002 -1.167497e+001
  1.402506e+002 -1.173652e+001
  1.432506e+002 -1.179721e+001
  1.462506e+002 -1.185708e+001
  1.492506e+002 -1.191615e+001
  1.522506e+002 -1.197445e+001
  1.552506e+002 -1.203202e+001
  1.582506e+002 -1.208886e+001
  1.612506e+002 -1.213752e+001
  1.642506e+002 -1.218531e+001
  1.672506e+002 -1.223756e+001
  1.702506e+002 -1.229134e+001
  1.732506e+002 -1.234543e+001
  1.762506e+002 -1.239934e+001
  1.792506e+002 -1.245286e+001
  1.822506e+002 -1.250595e+001
  1.852506e+002 -1.255856e+001
  1.882506e+002 -1.261068e+001
  1.912506e+002 -1.266234e+001
  1.942506e+002 -1.271353e+001
  1.972506e+002 -1.276426e+001
  2.002506e+002 -1.281453e+001
  2.032506e+002 -1.286434e+001
  2.062506e+002 -1.291370e+001
  2.092506e+002 -1.296263e+001
  2.122506e+002 -1.301112e+001
  2.152506e+002 -1.305919e+001
  2.182506e+002 -1.310683e+001
  2.212506e+002 -1.315405e+001
  2.242506e+002 -1.320086e+001
  2.272506e+002 -1.324726e+001
  2.302506e+002 -1.329326e+001
  2.332506e+002 -1.333886e+001
  2.362506e+002 -1.338408e+001
  2.392506e+002 -1.342892e+001
  2.422506e+002 -1.347338e+001
  2.452506e+002 -1.351747e+001
  2.482506e+002 -1.356120e+001
  2.512506e+002 -1.360458e+001
  2.542506e+002 -1.364761e+001
  2.572506e+002 -1.369029e+001
  2.602506e+002 -1.373243e+001
  2.632506e+002 -1.377420e+001
  2.662506e+002 -1.381565e+001
  2.692506e+002 -1.385678e+001
  2.722506e+002 -1.389760e+001
  2.752506e+002 -1.393811e+001
  2.782506e+002 -1.397833e+001
  2.812506e+002 -1.401826e+001
  2.842506e+002 -1.405790e+001
  2.872506e+002 -1.409741e+001
  2.902506e+002 -1.413669e+001
  2.932506e+002 -1.417571e+001
  2.962506e+002 -1.421447e+001
  2.992506e+002 -1.425296e+001
  3.022506e+002 -1.429120e+001
  3.052506e+002 -1.432918e+001
  3.082506e+002 -1.436692e+001
  3.112506e+002 -1.440441e+001
  3.142506e+002 -1.444166e+001
  3.172506e+002 -1.447867e+001
  3.202506e+002 -1.451546e+001
  3.232506e+002 -1.455201e+001
  3.262506e+002 -1.458835e+001
  3.292506e+002 -1.462446e+001
  3.322506e+002 -1.466036e+001
  3.352506e+002 -1.469605e+001
  3.382506e+002 -1.473152e+001
  3.412506e+002 -1.476680e+001
  3.442506e+002 -1.480187e+001
  3.472506e+002 -1.483675e+001
  3.502506e+002 -1.487143e+001
  3.532506e+002 -1.490592e+001
  3.562506e+002 -1.494022e+001
  3.592506e+002 -1.497433e+001
  3.622506e+002 -1.500827e+001
  3.652506e+002 -1.504202e+001
  3.682506e+002 -1.507560e+001
  3.712506e+002 -1.510901e+001
  3.742506e+002 -1.514224e+001
  3.772506e+002 -1.517531e+001
  3.802506e+002 -1.520821e+001
  3.832506e+002 -1.524095e+001
  3.862506e+002 -1.527352e+001
  3.892506e+002 -1.530594e+001
  3.922506e+002 -1.533821e+001
  3.952506e+002 -1.537032e+001
  3.982506e+002 -1.540228e+001
  4.012506e+002 -1.543409e+001
  4.042506e+002 -1.546576e+001
  4.072506e+002 -1.549728e+001
  4.102506e+002 -1.552866e+001
  4.132506e+002 -1.555990e+001
  4.162506e+002 -1.559100e+001
  4.192506e+002 -1.562196e+001
  4.222506e+002 -1.565279e+001
  4.252506e+002 -1.568349e+001
  4.282506e+002 -1.571406e+001
  4.312506e+002 -1.574450e+001
  4.342506e+002 -1.577481e+001
  4.372506e+002 -1.580499e+001
  4.402506e+002 -1.583506e+001
  4.432506e+002 -1.586500e+001
  4.462506e+002 -1.589482e+001
  4.492506e+002 -1.592453e+001
  4.522506e+002 -1.595411e+001
  4.552506e+002 -1.598359e+001
  4.582506e+002 -1.601294e+001
  4.612506e+002 -1.604219e+001
  4.642506e+002 -1.607133e+001
  4.672506e+002 -1.610035e+001
  4.702506e+002 -1.612927e+001
  4.732506e+002 -1.615808e+001
  4.762506e+002 -1.618679e+001
  4.792506e+002 -1.621539e+001
  4.822506e+002 -1.624389e+001
  4.852506e+002 -1.627229e+001
  4.882506e+002 -1.630059e+001
  4.912506e+002 -1.632879e+001
  4.942506e+002 -1.635690e+001
  4.972506e+002 -1.638490e+001
  5.002506e+002 -1.641282e+001
  5.032506e+002 -1.644064e+001
  5.062506e+002 -1.646836e+001
  5.092506e+002 -1.649600e+001
  5.122506e+002 -1.652354e+001
  5.152506e+002 -1.655100e+001
  5.182506e+002 -1.657837e+001
  5.212506e+002 -1.660564e+001
  5.242506e+002 -1.663284e+001
  5.272506e+002 -1.665995e+001
  5.302506e+002 -1.668697e+001
  5.332506e+002 -1.671391e+001
  5.362506e+002 -1.674077e+001
  5.392506e+002 -1.676755e+001
  5.422506e+002 -1.679425e+001
  5.452506e+002 -1.682087e+001
  5.482506e+002 -1.684741e+001
  5.512506e+002 -1.687387e+001
  5.542506e+002 -1.690025e+001
  5.572506e+002 -1.692656e+001
  5.602506e+002 -1.695280e+001
  5.632506e+002 -1.697896e+001
  5.662506e+002 -1.700505e+001
  5.692506e+002 -1.703106e+001
  5.722506e+002 -1.705701e+001
  5.752506e+002 -1.708288e+001
  5.782506e+002 -1.710868e+001
  5.812506e+002 -1.713441e+001
  5.842506e+002 -1.716008e+001
  5.872506e+002 -1.718568e+001
  5.902506e+002 -1.721121e+001
  5.932506e+002 -1.723667e+001
  5.962506e+002 -1.726207e+001
  5.992506e+002 -1.728740e+001
  6.000000e+002 -1.729375e+001

Curve 2
X : Time
Y : Thickness of Element [Node 1]

       X              Y       
------------------------------
  0.000000e+000  1.050000e+000
  6.000000e-002  1.047455e+000
  1.200000e-001  1.046055e+000
  1.920000e-001  1.044924e+000
  2.784000e-001  1.043915e+000
  3.820800e-001  1.042964e+000
  5.064960e-001  1.041562e+000
  6.557952e-001  1.039981e+000
  8.349543e-001  1.038341e+000
  1.049945e+000  1.036669e+000
  1.307934e+000  1.034955e+000
  1.617521e+000  1.033517e+000
  1.927108e+000  1.032235e+000
  2.236695e+000  1.031031e+000
  2.546281e+000  1.029792e+000
  2.917786e+000  1.028375e+000
  3.363590e+000  1.026804e+000
  3.898557e+000  1.025086e+000
  4.540516e+000  1.023216e+000
  5.310867e+000  1.021186e+000
  6.235288e+000  1.018983e+000
  7.344594e+000  1.016593e+000
  8.675760e+000  1.013999e+000
  1.027316e+001  1.011183e+000
  1.219004e+001  1.008126e+000
  1.449030e+001  1.004805e+000
  1.725060e+001  1.001195e+000
  2.025060e+001  9.976196e-001
  2.325060e+001  9.943257e-001
  2.625060e+001  9.912605e-001
  2.925060e+001  9.883842e-001
  3.225060e+001  9.856662e-001
  3.525060e+001  9.830832e-001
  3.825060e+001  9.806168e-001
  4.125060e+001  9.782525e-001
  4.425060e+001  9.759784e-001
  4.725060e+001  9.737848e-001
  5.025060e+001  9.716636e-001
  5.325060e+001  9.696078e-001
  5.625060e+001  9.676117e-001
  5.925060e+001  9.656703e-001
  6.225060e+001  9.637790e-001
  6.525060e+001  9.619342e-001
  6.825060e+001  9.601324e-001
  7.125060e+001  9.583707e-001
  7.425060e+001  9.566463e-001
  7.725060e+001  9.549570e-001
  8.025060e+001  9.533005e-001
  8.325060e+001  9.516750e-001
  8.625060e+001  9.500786e-001
  8.925060e+001  9.485098e-001
  9.225060e+001  9.469671e-001
  9.525060e+001  9.454491e-001
  9.825060e+001  9.439547e-001
  1.012506e+002  9.424827e-001
  1.042506e+002  9.410321e-001
  1.072506e+002  9.396018e-001
  1.102506e+002  9.381910e-001
  1.132506e+002  9.367989e-001
  1.162506e+002  9.354246e-001
  1.192506e+002  9.340675e-001
  1.222506e+002  9.327268e-001
  1.252506e+002  9.314019e-001
  1.282506e+002  9.300923e-001
  1.312506e+002  9.287973e-001
  1.342506e+002  9.275164e-001
  1.372506e+002  9.262492e-001
  1.402506e+002  9.249951e-001
  1.432506e+002  9.237537e-001
  1.462506e+002  9.225246e-001
  1.492506e+002  9.213073e-001
  1.522506e+002  9.201016e-001
  1.552506e+002  9.189070e-001
  1.582506e+002  9.177233e-001
  1.612506e+002  9.167101e-001
  1.642506e+002  9.157151e-001
  1.672506e+002  9.146278e-001
  1.702506e+002  9.135080e-001
  1.732506e+002  9.123809e-001
  1.762506e+002  9.112564e-001
  1.792506e+002  9.101382e-001
  1.822506e+002  9.090278e-001
  1.852506e+002  9.079254e-001
  1.882506e+002  9.068312e-001
  1.912506e+002  9.057450e-001
  1.942506e+002  9.046667e-001
  1.972506e+002  9.035961e-001
  2.002506e+002  9.025332e-001
  2.032506e+002  9.014777e-001
  2.062506e+002  9.004296e-001
  2.092506e+002  8.993886e-001
  2.122506e+002  8.983548e-001
  2.152506e+002  8.973280e-001
  2.182506e+002  8.963081e-001
  2.212506e+002  8.952949e-001
  2.242506e+002  8.942884e-001
  2.272506e+002  8.932884e-001
  2.302506e+002  8.922949e-001
  2.332506e+002  8.913077e-001
  2.362506e+002  8.903268e-001
  2.392506e+002  8.893520e-001
  2.422506e+002  8.883832e-001
  2.452506e+002  8.874204e-001
  2.482506e+002  8.864633e-001
  2.512506e+002  8.855120e-001
  2.542506e+002  8.845663e-001
  2.572506e+002  8.836262e-001
  2.602506e+002  8.826921e-001
  2.632506e+002  8.817634e-001
  2.662506e+002  8.808400e-001
  2.692506e+002  8.799218e-001
  2.722506e+002  8.790086e-001
  2.752506e+002  8.781004e-001
  2.782506e+002  8.771971e-001
  2.812506e+002  8.762986e-001
  2.842506e+002  8.754048e-001
  2.872506e+002  8.745152e-001
  2.902506e+002  8.736300e-001
  2.932506e+002  8.727493e-001
  2.962506e+002  8.718730e-001
  2.992506e+002  8.710009e-001
  3.022506e+002  8.701332e-001
  3.052506e+002  8.692696e-001
  3.082506e+002  8.684101e-001
  3.112506e+002  8.675546e-001
  3.142506e+002  8.667031e-001
  3.172506e+002  8.658556e-001
  3.202506e+002  8.650118e-001
  3.232506e+002  8.641719e-001
  3.262506e+002  8.633357e-001
  3.292506e+002  8.625031e-001
  3.322506e+002  8.616742e-001
  3.352506e+002  8.608488e-001
  3.382506e+002  8.600269e-001
  3.412506e+002  8.592084e-001
  3.442506e+002  8.583933e-001
  3.472506e+002  8.575815e-001
  3.502506e+002  8.567730e-001
  3.532506e+002  8.559677e-001
  3.562506e+002  8.551656e-001
  3.592506e+002  8.543667e-001
  3.622506e+002  8.535708e-001
  3.652506e+002  8.527780e-001
  3.682506e+002  8.519881e-001
  3.712506e+002  8.512012e-001
  3.742506e+002  8.504173e-001
  3.772506e+002  8.496362e-001
  3.802506e+002  8.488579e-001
  3.832506e+002  8.480824e-001
  3.862506e+002  8.473096e-001
  3.892506e+002  8.465396e-001
  3.922506e+002  8.457722e-001
  3.952506e+002  8.450075e-001
  3.982506e+002  8.442454e-001
  4.012506e+002  8.434858e-001
  4.042506e+002  8.427288e-001
  4.072506e+002  8.419742e-001
  4.102506e+002  8.412221e-001
  4.132506e+002  8.404725e-001
  4.162506e+002  8.397252e-001
  4.192506e+002  8.389803e-001
  4.222506e+002  8.382377e-001
  4.252506e+002  8.374975e-001
  4.282506e+002  8.367595e-001
  4.312506e+002  8.360237e-001
  4.342506e+002  8.352902e-001
  4.372506e+002  8.345589e-001
  4.402506e+002  8.338297e-001
  4.432506e+002  8.331026e-001
  4.462506e+002  8.323777e-001
  4.492506e+002  8.316548e-001
  4.522506e+002  8.309340e-001
  4.552506e+002  8.302152e-001
  4.582506e+002  8.294984e-001
  4.612506e+002  8.287836e-001
  4.642506e+002  8.280708e-001
  4.672506e+002  8.273599e-001
  4.702506e+002  8.266509e-001
  4.732506e+002  8.259438e-001
  4.762506e+002  8.252385e-001
  4.792506e+002  8.245351e-001
  4.822506e+002  8.238335e-001
  4.852506e+002  8.231337e-001
  4.882506e+002  8.224357e-001
  4.912506e+002  8.217395e-001
  4.942506e+002  8.210449e-001
  4.972506e+002  8.203521e-001
  5.002506e+002  8.196610e-001
  5.032506e+002  8.189716e-001
  5.062506e+002  8.182839e-001
  5.092506e+002  8.175977e-001
  5.122506e+002  8.169133e-001
  5.152506e+002  8.162304e-001
  5.182506e+002  8.155491e-001
  5.212506e+002  8.148693e-001
  5.242506e+002  8.141912e-001
  5.272506e+002  8.135145e-001
  5.302506e+002  8.128394e-001
  5.332506e+002  8.121658e-001
  5.362506e+002  8.114937e-001
  5.392506e+002  8.108230e-001
  5.422506e+002  8.101538e-001
  5.452506e+002  8.094860e-001
  5.482506e+002  8.088197e-001
  5.512506e+002  8.081548e-001
  5.542506e+002  8.074912e-001
  5.572506e+002  8.068291e-001
  5.602506e+002  8.061683e-001
  5.632506e+002  8.055088e-001
  5.662506e+002  8.048507e-001
  5.692506e+002  8.041940e-001
  5.722506e+002  8.035385e-001
  5.752506e+002  8.028843e-001
  5.782506e+002  8.022314e-001
  5.812506e+002  8.015798e-001
  5.842506e+002  8.009295e-001
  5.872506e+002  8.002804e-001
  5.902506e+002  7.996325e-001
  5.932506e+002  7.989858e-001
  5.962506e+002  7.983404e-001
  5.992506e+002  7.976961e-001
  6.000000e+002  7.975353e-001
